0.0
0.0006666666666666666
0.0013333333333333333
0.002
0.0026666666666666666
0.0033333333333333335
0.004
0.004666666666666667
0.005333333333333333
0.006
0.006666666666666667
0.007333333333333333
0.008
0.008666666666666666
0.009333333333333334
0.01
0.010666666666666666
0.011333333333333334
0.012
0.012666666666666666
0.013333333333333334
0.014
0.014666666666666666
0.015333333333333332
0.016
0.016666666666666666
0.017333333333333333
0.018
0.018666666666666668
0.019333333333333334
0.02
0.020666666666666667
0.021333333333333333
0.022
0.02266666666666667
0.023333333333333334
0.024
0.024666666666666667
0.025333333333333333
0.026
0.02666666666666667
0.027333333333333334
0.028
0.028666666666666667
0.029333333333333333
0.03
0.030666666666666665
0.03133333333333333
0.032
0.03266666666666666
0.03333333333333333
0.034
0.034666666666666665
0.035333333333333335
0.036
0.03666666666666667
0.037333333333333336
0.038
0.03866666666666667
0.03933333333333333
0.04
0.04066666666666666
0.04133333333333333
0.042
0.042666666666666665
0.043333333333333335
0.044
0.04466666666666667
0.04533333333333334
0.046
0.04666666666666667
0.04733333333333333
0.048
0.048666666666666664
0.04933333333333333
0.05
0.050666666666666665
0.051333333333333335
0.052
0.05266666666666667
0.05333333333333334
0.054
0.05466666666666667
0.05533333333333333
0.056
0.056666666666666664
0.05733333333333333
0.058
0.058666666666666666
0.059333333333333335
0.06
0.06066666666666667
0.06133333333333333
0.062
0.06266666666666666
0.06333333333333334
0.064
0.06466666666666666
0.06533333333333333
0.066
0.06666666666666667
0.06733333333333333
0.068
0.06866666666666667
0.06933333333333333
0.07
0.07066666666666667
0.07133333333333333
0.072
0.07266666666666667
0.07333333333333333
0.074
0.07466666666666667
0.07533333333333334
0.076
0.07666666666666666
0.07733333333333334
0.078
0.07866666666666666
0.07933333333333334
0.08
0.08066666666666666
0.08133333333333333
0.082
0.08266666666666667
0.08333333333333333
0.084
0.08466666666666667
0.08533333333333333
0.086
0.08666666666666667
0.08733333333333333
0.088
0.08866666666666667
0.08933333333333333
0.09
0.09066666666666667
0.09133333333333334
0.092
0.09266666666666666
0.09333333333333334
0.094
0.09466666666666666
0.09533333333333334
0.096
0.09666666666666666
0.09733333333333333
0.098
0.09866666666666667
0.09933333333333333
0.1
0.10066666666666667
0.10133333333333333
0.102
0.10266666666666667
0.10333333333333333
0.104
0.10466666666666667
0.10533333333333333
0.106
0.10666666666666667
0.10733333333333334
0.108
0.10866666666666666
0.10933333333333334
0.11
0.11066666666666666
0.11133333333333334
0.112
0.11266666666666666
0.11333333333333333
0.114
0.11466666666666667
0.11533333333333333
0.116
0.11666666666666667
0.11733333333333333
0.118
0.11866666666666667
0.11933333333333333
0.12
0.12066666666666667
0.12133333333333333
0.122
0.12266666666666666
0.12333333333333334
0.124
0.12466666666666666
0.12533333333333332
0.126
0.12666666666666668
0.12733333333333333
0.128
0.12866666666666668
0.12933333333333333
0.13
0.13066666666666665
0.13133333333333333
0.132
0.13266666666666665
0.13333333333333333
0.134
0.13466666666666666
0.13533333333333333
0.136
0.13666666666666666
0.13733333333333334
0.138
0.13866666666666666
0.13933333333333334
0.14
0.14066666666666666
0.14133333333333334
0.142
0.14266666666666666
0.14333333333333334
0.144
0.14466666666666667
0.14533333333333334
0.146
0.14666666666666667
0.14733333333333334
0.148
0.14866666666666667
0.14933333333333335
0.15
0.15066666666666667
0.15133333333333332
0.152
0.15266666666666667
0.15333333333333332
0.154
0.15466666666666667
0.15533333333333332
0.156
0.15666666666666668
0.15733333333333333
0.158
0.15866666666666668
0.15933333333333333
0.16
0.16066666666666668
0.16133333333333333
0.162
0.16266666666666665
0.16333333333333333
0.164
0.16466666666666666
0.16533333333333333
0.166
0.16666666666666666
0.16733333333333333
0.168
0.16866666666666666
0.16933333333333334
0.17
0.17066666666666666
0.17133333333333334
0.172
0.17266666666666666
0.17333333333333334
0.174
0.17466666666666666
0.17533333333333334
0.176
0.17666666666666667
0.17733333333333334
0.178
0.17866666666666667
0.17933333333333334
0.18
0.18066666666666667
0.18133333333333335
0.182
0.18266666666666667
0.18333333333333332
0.184
0.18466666666666667
0.18533333333333332
0.186
0.18666666666666668
0.18733333333333332
0.188
0.18866666666666668
0.18933333333333333
0.19
0.19066666666666668
0.19133333333333333
0.192
0.19266666666666668
0.19333333333333333
0.194
0.19466666666666665
0.19533333333333333
0.196
0.19666666666666666
0.19733333333333333
0.198
0.19866666666666666
0.19933333333333333
0.2
0.20066666666666666
0.20133333333333334
0.202
0.20266666666666666
0.20333333333333334
0.204
0.20466666666666666
0.20533333333333334
0.206
0.20666666666666667
0.20733333333333334
0.208
0.20866666666666667
0.20933333333333334
0.21
0.21066666666666667
0.21133333333333335
0.212
0.21266666666666667
0.21333333333333335
0.214
0.21466666666666667
0.21533333333333332
0.216
0.21666666666666667
0.21733333333333332
0.218
0.21866666666666668
0.21933333333333332
0.22
0.22066666666666668
0.22133333333333333
0.222
0.22266666666666668
0.22333333333333333
0.224
0.22466666666666665
0.22533333333333333
0.226
0.22666666666666666
0.22733333333333333
0.228
0.22866666666666666
0.22933333333333333
0.23
0.23066666666666666
0.23133333333333334
0.232
0.23266666666666666
0.23333333333333334
0.234
0.23466666666666666
0.23533333333333334
0.236
0.23666666666666666
0.23733333333333334
0.238
0.23866666666666667
0.23933333333333334
0.24
0.24066666666666667
0.24133333333333334
0.242
0.24266666666666667
0.24333333333333335
0.244
0.24466666666666667
0.24533333333333332
0.246
0.24666666666666667
0.24733333333333332
0.248
0.24866666666666667
0.24933333333333332
0.25
0.25066666666666665
0.25133333333333335
0.252
0.25266666666666665
0.25333333333333335
0.254
0.25466666666666665
0.25533333333333336
0.256
0.25666666666666665
0.25733333333333336
0.258
0.25866666666666666
0.25933333333333336
0.26
0.26066666666666666
0.2613333333333333
0.262
0.26266666666666666
0.2633333333333333
0.264
0.26466666666666666
0.2653333333333333
0.266
0.26666666666666666
0.2673333333333333
0.268
0.26866666666666666
0.2693333333333333
0.27
0.27066666666666667
0.2713333333333333
0.272
0.27266666666666667
0.2733333333333333
0.274
0.27466666666666667
0.2753333333333333
0.276
0.27666666666666667
0.2773333333333333
0.278
0.2786666666666667
0.2793333333333333
0.28
0.2806666666666667
0.2813333333333333
0.282
0.2826666666666667
0.2833333333333333
0.284
0.2846666666666667
0.2853333333333333
0.286
0.2866666666666667
0.28733333333333333
0.288
0.2886666666666667
0.28933333333333333
0.29
0.2906666666666667
0.29133333333333333
0.292
0.2926666666666667
0.29333333333333333
0.294
0.2946666666666667
0.29533333333333334
0.296
0.2966666666666667
0.29733333333333334
0.298
0.2986666666666667
0.29933333333333334
0.3
0.3006666666666667
0.30133333333333334
0.302
0.30266666666666664
0.30333333333333334
0.304
0.30466666666666664
0.30533333333333335
0.306
0.30666666666666664
0.30733333333333335
0.308
0.30866666666666664
0.30933333333333335
0.31
0.31066666666666665
0.31133333333333335
0.312
0.31266666666666665
0.31333333333333335
0.314
0.31466666666666665
0.31533333333333335
0.316
0.31666666666666665
0.31733333333333336
0.318
0.31866666666666665
0.31933333333333336
0.32
0.32066666666666666
0.32133333333333336
0.322
0.32266666666666666
0.3233333333333333
0.324
0.32466666666666666
0.3253333333333333
0.326
0.32666666666666666
0.3273333333333333
0.328
0.32866666666666666
0.3293333333333333
0.33
0.33066666666666666
0.3313333333333333
0.332
0.33266666666666667
0.3333333333333333
0.334
0.33466666666666667
0.3353333333333333
0.336
0.33666666666666667
0.3373333333333333
0.338
0.33866666666666667
0.3393333333333333
0.34
0.3406666666666667
0.3413333333333333
0.342
0.3426666666666667
0.3433333333333333
0.344
0.3446666666666667
0.3453333333333333
0.346
0.3466666666666667
0.3473333333333333
0.348
0.3486666666666667
0.34933333333333333
0.35
0.3506666666666667
0.35133333333333333
0.352
0.3526666666666667
0.35333333333333333
0.354
0.3546666666666667
0.35533333333333333
0.356
0.3566666666666667
0.35733333333333334
0.358
0.3586666666666667
0.35933333333333334
0.36
0.3606666666666667
0.36133333333333334
0.362
0.3626666666666667
0.36333333333333334
0.364
0.36466666666666664
0.36533333333333334
0.366
0.36666666666666664
0.36733333333333335
0.368
0.36866666666666664
0.36933333333333335
0.37
0.37066666666666664
0.37133333333333335
0.372
0.37266666666666665
0.37333333333333335
0.374
0.37466666666666665
0.37533333333333335
0.376
0.37666666666666665
0.37733333333333335
0.378
0.37866666666666665
0.37933333333333336
0.38
0.38066666666666665
0.38133333333333336
0.382
0.38266666666666665
0.38333333333333336
0.384
0.38466666666666666
0.38533333333333336
0.386
0.38666666666666666
0.3873333333333333
0.388
0.38866666666666666
0.3893333333333333
0.39
0.39066666666666666
0.3913333333333333
0.392
0.39266666666666666
0.3933333333333333
0.394
0.39466666666666667
0.3953333333333333
0.396
0.39666666666666667
0.3973333333333333
0.398
0.39866666666666667
0.3993333333333333
0.4
0.40066666666666667
0.4013333333333333
0.402
0.4026666666666667
0.4033333333333333
0.404
0.4046666666666667
0.4053333333333333
0.406
0.4066666666666667
0.4073333333333333
0.408
0.4086666666666667
0.4093333333333333
0.41
0.4106666666666667
0.41133333333333333
0.412
0.4126666666666667
0.41333333333333333
0.414
0.4146666666666667
0.41533333333333333
0.416
0.4166666666666667
0.41733333333333333
0.418
0.4186666666666667
0.41933333333333334
0.42
0.4206666666666667
0.42133333333333334
0.422
0.4226666666666667
0.42333333333333334
0.424
0.4246666666666667
0.42533333333333334
0.426
0.4266666666666667
0.42733333333333334
0.428
0.42866666666666664
0.42933333333333334
0.43
0.43066666666666664
0.43133333333333335
0.432
0.43266666666666664
0.43333333333333335
0.434
0.43466666666666665
0.43533333333333335
0.436
0.43666666666666665
0.43733333333333335
0.438
0.43866666666666665
0.43933333333333335
0.44
0.44066666666666665
0.44133333333333336
0.442
0.44266666666666665
0.44333333333333336
0.444
0.44466666666666665
0.44533333333333336
0.446
0.44666666666666666
0.44733333333333336
0.448
0.44866666666666666
0.4493333333333333
0.45
0.45066666666666666
0.4513333333333333
0.452
0.45266666666666666
0.4533333333333333
0.454
0.45466666666666666
0.4553333333333333
0.456
0.45666666666666667
0.4573333333333333
0.458
0.45866666666666667
0.4593333333333333
0.46
0.46066666666666667
0.4613333333333333
0.462
0.46266666666666667
0.4633333333333333
0.464
0.4646666666666667
0.4653333333333333
0.466
0.4666666666666667
0.4673333333333333
0.468
0.4686666666666667
0.4693333333333333
0.47
0.4706666666666667
0.4713333333333333
0.472
0.4726666666666667
0.47333333333333333
0.474
0.4746666666666667
0.47533333333333333
0.476
0.4766666666666667
0.47733333333333333
0.478
0.4786666666666667
0.47933333333333333
0.48
0.4806666666666667
0.48133333333333334
0.482
0.4826666666666667
0.48333333333333334
0.484
0.4846666666666667
0.48533333333333334
0.486
0.4866666666666667
0.48733333333333334
0.488
0.4886666666666667
0.48933333333333334
0.49
0.49066666666666664
0.49133333333333334
0.492
0.49266666666666664
0.49333333333333335
0.494
0.49466666666666664
0.49533333333333335
0.496
0.49666666666666665
0.49733333333333335
0.498
0.49866666666666665
0.49933333333333335
0.5
0.5006666666666667
0.5013333333333333
0.502
0.5026666666666667
0.5033333333333333
0.504
0.5046666666666667
0.5053333333333333
0.506
0.5066666666666667
0.5073333333333333
0.508
0.5086666666666667
0.5093333333333333
0.51
0.5106666666666667
0.5113333333333333
0.512
0.5126666666666667
0.5133333333333333
0.514
0.5146666666666667
0.5153333333333333
0.516
0.5166666666666667
0.5173333333333333
0.518
0.5186666666666667
0.5193333333333333
0.52
0.5206666666666667
0.5213333333333333
0.522
0.5226666666666666
0.5233333333333333
0.524
0.5246666666666666
0.5253333333333333
0.526
0.5266666666666666
0.5273333333333333
0.528
0.5286666666666666
0.5293333333333333
0.53
0.5306666666666666
0.5313333333333333
0.532
0.5326666666666666
0.5333333333333333
0.534
0.5346666666666666
0.5353333333333333
0.536
0.5366666666666666
0.5373333333333333
0.538
0.5386666666666666
0.5393333333333333
0.54
0.5406666666666666
0.5413333333333333
0.542
0.5426666666666666
0.5433333333333333
0.544
0.5446666666666666
0.5453333333333333
0.546
0.5466666666666666
0.5473333333333333
0.548
0.5486666666666666
0.5493333333333333
0.55
0.5506666666666666
0.5513333333333333
0.552
0.5526666666666666
0.5533333333333333
0.554
0.5546666666666666
0.5553333333333333
0.556
0.5566666666666666
0.5573333333333333
0.558
0.5586666666666666
0.5593333333333333
0.56
0.5606666666666666
0.5613333333333334
0.562
0.5626666666666666
0.5633333333333334
0.564
0.5646666666666667
0.5653333333333334
0.566
0.5666666666666667
0.5673333333333334
0.568
0.5686666666666667
0.5693333333333334
0.57
0.5706666666666667
0.5713333333333334
0.572
0.5726666666666667
0.5733333333333334
0.574
0.5746666666666667
0.5753333333333334
0.576
0.5766666666666667
0.5773333333333334
0.578
0.5786666666666667
0.5793333333333334
0.58
0.5806666666666667
0.5813333333333334
0.582
0.5826666666666667
0.5833333333333334
0.584
0.5846666666666667
0.5853333333333334
0.586
0.5866666666666667
0.5873333333333334
0.588
0.5886666666666667
0.5893333333333334
0.59
0.5906666666666667
0.5913333333333334
0.592
0.5926666666666667
0.5933333333333334
0.594
0.5946666666666667
0.5953333333333334
0.596
0.5966666666666667
0.5973333333333334
0.598
0.5986666666666667
0.5993333333333334
0.6
0.6006666666666667
0.6013333333333334
0.602
0.6026666666666667
0.6033333333333334
0.604
0.6046666666666667
0.6053333333333333
0.606
0.6066666666666667
0.6073333333333333
0.608
0.6086666666666667
0.6093333333333333
0.61
0.6106666666666667
0.6113333333333333
0.612
0.6126666666666667
0.6133333333333333
0.614
0.6146666666666667
0.6153333333333333
0.616
0.6166666666666667
0.6173333333333333
0.618
0.6186666666666667
0.6193333333333333
0.62
0.6206666666666667
0.6213333333333333
0.622
0.6226666666666667
0.6233333333333333
0.624
0.6246666666666667
0.6253333333333333
0.626
0.6266666666666667
0.6273333333333333
0.628
0.6286666666666667
0.6293333333333333
0.63
0.6306666666666667
0.6313333333333333
0.632
0.6326666666666667
0.6333333333333333
0.634
0.6346666666666667
0.6353333333333333
0.636
0.6366666666666667
0.6373333333333333
0.638
0.6386666666666667
0.6393333333333333
0.64
0.6406666666666667
0.6413333333333333
0.642
0.6426666666666667
0.6433333333333333
0.644
0.6446666666666667
0.6453333333333333
0.646
0.6466666666666666
0.6473333333333333
0.648
0.6486666666666666
0.6493333333333333
0.65
0.6506666666666666
0.6513333333333333
0.652
0.6526666666666666
0.6533333333333333
0.654
0.6546666666666666
0.6553333333333333
0.656
0.6566666666666666
0.6573333333333333
0.658
0.6586666666666666
0.6593333333333333
0.66
0.6606666666666666
0.6613333333333333
0.662
0.6626666666666666
0.6633333333333333
0.664
0.6646666666666666
0.6653333333333333
0.666
0.6666666666666666
0.6673333333333333
0.668
0.6686666666666666
0.6693333333333333
0.67
0.6706666666666666
0.6713333333333333
0.672
0.6726666666666666
0.6733333333333333
0.674
0.6746666666666666
0.6753333333333333
0.676
0.6766666666666666
0.6773333333333333
0.678
0.6786666666666666
0.6793333333333333
0.68
0.6806666666666666
0.6813333333333333
0.682
0.6826666666666666
0.6833333333333333
0.684
0.6846666666666666
0.6853333333333333
0.686
0.6866666666666666
0.6873333333333334
0.688
0.6886666666666666
0.6893333333333334
0.69
0.6906666666666667
0.6913333333333334
0.692
0.6926666666666667
0.6933333333333334
0.694
0.6946666666666667
0.6953333333333334
0.696
0.6966666666666667
0.6973333333333334
0.698
0.6986666666666667
0.6993333333333334
0.7
0.7006666666666667
0.7013333333333334
0.702
0.7026666666666667
0.7033333333333334
0.704
0.7046666666666667
0.7053333333333334
0.706
0.7066666666666667
0.7073333333333334
0.708
0.7086666666666667
0.7093333333333334
0.71
0.7106666666666667
0.7113333333333334
0.712
0.7126666666666667
0.7133333333333334
0.714
0.7146666666666667
0.7153333333333334
0.716
0.7166666666666667
0.7173333333333334
0.718
0.7186666666666667
0.7193333333333334
0.72
0.7206666666666667
0.7213333333333334
0.722
0.7226666666666667
0.7233333333333334
0.724
0.7246666666666667
0.7253333333333334
0.726
0.7266666666666667
0.7273333333333334
0.728
0.7286666666666667
0.7293333333333333
0.73
0.7306666666666667
0.7313333333333333
0.732
0.7326666666666667
0.7333333333333333
0.734
0.7346666666666667
0.7353333333333333
0.736
0.7366666666666667
0.7373333333333333
0.738
0.7386666666666667
0.7393333333333333
0.74
0.7406666666666667
0.7413333333333333
0.742
0.7426666666666667
0.7433333333333333
0.744
0.7446666666666667
0.7453333333333333
0.746
0.7466666666666667
0.7473333333333333
0.748
0.7486666666666667
0.7493333333333333
0.75
0.7506666666666667
0.7513333333333333
0.752
0.7526666666666667
0.7533333333333333
0.754
0.7546666666666667
0.7553333333333333
0.756
0.7566666666666667
0.7573333333333333
0.758
0.7586666666666667
0.7593333333333333
0.76
0.7606666666666667
0.7613333333333333
0.762
0.7626666666666667
0.7633333333333333
0.764
0.7646666666666667
0.7653333333333333
0.766
0.7666666666666667
0.7673333333333333
0.768
0.7686666666666667
0.7693333333333333
0.77
0.7706666666666667
0.7713333333333333
0.772
0.7726666666666666
0.7733333333333333
0.774
0.7746666666666666
0.7753333333333333
0.776
0.7766666666666666
0.7773333333333333
0.778
0.7786666666666666
0.7793333333333333
0.78
0.7806666666666666
0.7813333333333333
0.782
0.7826666666666666
0.7833333333333333
0.784
0.7846666666666666
0.7853333333333333
0.786
0.7866666666666666
0.7873333333333333
0.788
0.7886666666666666
0.7893333333333333
0.79
0.7906666666666666
0.7913333333333333
0.792
0.7926666666666666
0.7933333333333333
0.794
0.7946666666666666
0.7953333333333333
0.796
0.7966666666666666
0.7973333333333333
0.798
0.7986666666666666
0.7993333333333333
0.8
0.8006666666666666
0.8013333333333333
0.802
0.8026666666666666
0.8033333333333333
0.804
0.8046666666666666
0.8053333333333333
0.806
0.8066666666666666
0.8073333333333333
0.808
0.8086666666666666
0.8093333333333333
0.81
0.8106666666666666
0.8113333333333334
0.812
0.8126666666666666
0.8133333333333334
0.814
0.8146666666666667
0.8153333333333334
0.816
0.8166666666666667
0.8173333333333334
0.818
0.8186666666666667
0.8193333333333334
0.82
0.8206666666666667
0.8213333333333334
0.822
0.8226666666666667
0.8233333333333334
0.824
0.8246666666666667
0.8253333333333334
0.826
0.8266666666666667
0.8273333333333334
0.828
0.8286666666666667
0.8293333333333334
0.83
0.8306666666666667
0.8313333333333334
0.832
0.8326666666666667
0.8333333333333334
0.834
0.8346666666666667
0.8353333333333334
0.836
0.8366666666666667
0.8373333333333334
0.838
0.8386666666666667
0.8393333333333334
0.84
0.8406666666666667
0.8413333333333334
0.842
0.8426666666666667
0.8433333333333334
0.844
0.8446666666666667
0.8453333333333334
0.846
0.8466666666666667
0.8473333333333334
0.848
0.8486666666666667
0.8493333333333334
0.85
0.8506666666666667
0.8513333333333334
0.852
0.8526666666666667
0.8533333333333334
0.854
0.8546666666666667
0.8553333333333333
0.856
0.8566666666666667
0.8573333333333333
0.858
0.8586666666666667
0.8593333333333333
0.86
0.8606666666666667
0.8613333333333333
0.862
0.8626666666666667
0.8633333333333333
0.864
0.8646666666666667
0.8653333333333333
0.866
0.8666666666666667
0.8673333333333333
0.868
0.8686666666666667
0.8693333333333333
0.87
0.8706666666666667
0.8713333333333333
0.872
0.8726666666666667
0.8733333333333333
0.874
0.8746666666666667
0.8753333333333333
0.876
0.8766666666666667
0.8773333333333333
0.878
0.8786666666666667
0.8793333333333333
0.88
0.8806666666666667
0.8813333333333333
0.882
0.8826666666666667
0.8833333333333333
0.884
0.8846666666666667
0.8853333333333333
0.886
0.8866666666666667
0.8873333333333333
0.888
0.8886666666666667
0.8893333333333333
0.89
0.8906666666666667
0.8913333333333333
0.892
0.8926666666666667
0.8933333333333333
0.894
0.8946666666666667
0.8953333333333333
0.896
0.8966666666666666
0.8973333333333333
0.898
0.8986666666666666
0.8993333333333333
0.9
0.9006666666666666
0.9013333333333333
0.902
0.9026666666666666
0.9033333333333333
0.904
0.9046666666666666
0.9053333333333333
0.906
0.9066666666666666
0.9073333333333333
0.908
0.9086666666666666
0.9093333333333333
0.91
0.9106666666666666
0.9113333333333333
0.912
0.9126666666666666
0.9133333333333333
0.914
0.9146666666666666
0.9153333333333333
0.916
0.9166666666666666
0.9173333333333333
0.918
0.9186666666666666
0.9193333333333333
0.92
0.9206666666666666
0.9213333333333333
0.922
0.9226666666666666
0.9233333333333333
0.924
0.9246666666666666
0.9253333333333333
0.926
0.9266666666666666
0.9273333333333333
0.928
0.9286666666666666
0.9293333333333333
0.93
0.9306666666666666
0.9313333333333333
0.932
0.9326666666666666
0.9333333333333333
0.934
0.9346666666666666
0.9353333333333333
0.936
0.9366666666666666
0.9373333333333334
0.938
0.9386666666666666
0.9393333333333334
0.94
0.9406666666666667
0.9413333333333334
0.942
0.9426666666666667
0.9433333333333334
0.944
0.9446666666666667
0.9453333333333334
0.946
0.9466666666666667
0.9473333333333334
0.948
0.9486666666666667
0.9493333333333334
0.95
0.9506666666666667
0.9513333333333334
0.952
0.9526666666666667
0.9533333333333334
0.954
0.9546666666666667
0.9553333333333334
0.956
0.9566666666666667
0.9573333333333334
0.958
0.9586666666666667
0.9593333333333334
0.96
0.9606666666666667
0.9613333333333334
0.962
0.9626666666666667
0.9633333333333334
0.964
0.9646666666666667
0.9653333333333334
0.966
0.9666666666666667
0.9673333333333334
0.968
0.9686666666666667
0.9693333333333334
0.97
0.9706666666666667
0.9713333333333334
0.972
0.9726666666666667
0.9733333333333334
0.974
0.9746666666666667
0.9753333333333334
0.976
0.9766666666666667
0.9773333333333334
0.978
0.9786666666666667
0.9793333333333333
0.98
0.9806666666666667
0.9813333333333333
0.982
0.9826666666666667
0.9833333333333333
0.984
0.9846666666666667
0.9853333333333333
0.986
0.9866666666666667
0.9873333333333333
0.988
0.9886666666666667
0.9893333333333333
0.99
0.9906666666666667
0.9913333333333333
0.992
0.9926666666666667
0.9933333333333333
0.994
0.9946666666666667
0.9953333333333333
0.996
0.9966666666666667
0.9973333333333333
0.998
0.9986666666666667
0.9993333333333333
0.0
0.0006666666666665932
0.0013333333333334085
0.0020000000000000018
0.002666666666666595
0.0033333333333334103
0.0040000000000000036
0.004666666666666597
0.005333333333333412
0.006000000000000005
0.006666666666666599
0.007333333333333414
0.008000000000000007
0.0086666666666666
0.009333333333333416
0.010000000000000009
0.010666666666666602
0.011333333333333417
0.01200000000000001
0.012666666666666604
0.01333333333333342
0.014000000000000012
0.014666666666666606
0.015333333333333421
0.016000000000000014
0.016666666666666607
0.017333333333333423
0.018000000000000016
0.01866666666666661
0.019333333333333425
0.020000000000000018
0.02066666666666661
0.021333333333333426
0.02200000000000002
0.022666666666666613
0.023333333333333428
0.02400000000000002
0.024666666666666615
0.02533333333333343
0.026000000000000023
0.026666666666666616
0.02733333333333343
0.028000000000000025
0.028666666666666618
0.029333333333333433
0.030000000000000027
0.03066666666666662
0.031333333333333435
0.03200000000000003
0.03266666666666662
0.03333333333333344
0.03400000000000003
0.03466666666666662
0.03533333333333344
0.03600000000000003
0.036666666666666625
0.03733333333333344
0.038000000000000034
0.03866666666666663
0.03933333333333344
0.040000000000000036
0.04066666666666663
0.041333333333333444
0.04200000000000004
0.04266666666666663
0.043333333333333224
0.04400000000000004
0.04466666666666663
0.045333333333333226
0.04600000000000004
0.046666666666666634
0.04733333333333323
0.04800000000000004
0.048666666666666636
0.04933333333333323
0.050000000000000044
0.05066666666666664
0.05133333333333323
0.052000000000000046
0.05266666666666664
0.05333333333333323
0.05400000000000005
0.05466666666666664
0.055333333333333234
0.05600000000000005
0.05666666666666664
0.057333333333333236
0.05800000000000005
0.058666666666666645
0.05933333333333324
0.06000000000000005
0.06066666666666665
0.06133333333333324
0.062000000000000055
0.06266666666666665
0.06333333333333324
0.06400000000000006
0.06466666666666665
0.06533333333333324
0.06600000000000006
0.06666666666666665
0.06733333333333325
0.06800000000000006
0.06866666666666665
0.06933333333333325
0.07000000000000006
0.07066666666666666
0.07133333333333325
0.07200000000000006
0.07266666666666666
0.07333333333333325
0.07400000000000007
0.07466666666666666
0.07533333333333325
0.07600000000000007
0.07666666666666666
0.07733333333333325
0.07800000000000007
0.07866666666666666
0.07933333333333326
0.08000000000000007
0.08066666666666666
0.08133333333333326
0.08200000000000007
0.08266666666666667
0.08333333333333326
0.08400000000000007
0.08466666666666667
0.08533333333333326
0.08600000000000008
0.08666666666666667
0.08733333333333326
0.08800000000000008
0.08866666666666667
0.08933333333333326
0.09000000000000008
0.09066666666666667
0.09133333333333327
0.09200000000000008
0.09266666666666667
0.09333333333333327
0.09400000000000008
0.09466666666666668
0.09533333333333327
0.09600000000000009
0.09666666666666668
0.09733333333333327
0.09800000000000009
0.09866666666666668
0.09933333333333327
0.10000000000000009
0.10066666666666668
0.10133333333333328
0.10200000000000009
0.10266666666666668
0.10333333333333328
0.10400000000000009
0.10466666666666669
0.10533333333333328
0.1060000000000001
0.10666666666666669
0.10733333333333328
0.1080000000000001
0.10866666666666669
0.10933333333333328
0.1100000000000001
0.11066666666666669
0.11133333333333328
0.1120000000000001
0.11266666666666669
0.11333333333333329
0.1140000000000001
0.1146666666666667
0.11533333333333329
0.1160000000000001
0.1166666666666667
0.11733333333333329
0.1180000000000001
0.1186666666666667
0.11933333333333329
0.1200000000000001
0.1206666666666667
0.1213333333333333
0.12200000000000011
0.1226666666666667
0.1233333333333333
0.12400000000000011
0.1246666666666667
0.1253333333333333
0.1259999999999999
0.1266666666666667
0.1273333333333333
0.1279999999999999
0.1286666666666667
0.1293333333333333
0.1299999999999999
0.1306666666666667
0.1313333333333333
0.1319999999999999
0.1326666666666667
0.1333333333333333
0.1339999999999999
0.1346666666666667
0.1353333333333333
0.1359999999999999
0.13666666666666671
0.1373333333333333
0.1379999999999999
0.13866666666666672
0.1393333333333333
0.1399999999999999
0.14066666666666672
0.1413333333333333
0.1419999999999999
0.14266666666666672
0.1433333333333333
0.1439999999999999
0.14466666666666672
0.14533333333333331
0.1459999999999999
0.14666666666666672
0.14733333333333332
0.1479999999999999
0.14866666666666672
0.14933333333333332
0.1499999999999999
0.15066666666666673
0.15133333333333332
0.1519999999999999
0.15266666666666673
0.15333333333333332
0.15399999999999991
0.15466666666666673
0.15533333333333332
0.15599999999999992
0.15666666666666673
0.15733333333333333
0.15799999999999992
0.15866666666666673
0.15933333333333333
0.15999999999999992
0.16066666666666674
0.16133333333333333
0.16199999999999992
0.16266666666666674
0.16333333333333333
0.16399999999999992
0.16466666666666674
0.16533333333333333
0.16599999999999993
0.16666666666666674
0.16733333333333333
0.16799999999999993
0.16866666666666674
0.16933333333333334
0.16999999999999993
0.17066666666666674
0.17133333333333334
0.17199999999999993
0.17266666666666675
0.17333333333333334
0.17399999999999993
0.17466666666666675
0.17533333333333334
0.17599999999999993
0.17666666666666675
0.17733333333333334
0.17799999999999994
0.17866666666666675
0.17933333333333334
0.17999999999999994
0.18066666666666675
0.18133333333333335
0.18199999999999994
0.18266666666666675
0.18333333333333335
0.18399999999999994
0.18466666666666676
0.18533333333333335
0.18599999999999994
0.18666666666666676
0.18733333333333335
0.18799999999999994
0.18866666666666676
0.18933333333333335
0.18999999999999995
0.19066666666666676
0.19133333333333336
0.19199999999999995
0.19266666666666676
0.19333333333333336
0.19399999999999995
0.19466666666666677
0.19533333333333336
0.19599999999999995
0.19666666666666677
0.19733333333333336
0.19799999999999995
0.19866666666666677
0.19933333333333336
0.19999999999999996
0.20066666666666677
0.20133333333333336
0.20199999999999996
0.20266666666666677
0.20333333333333337
0.20399999999999996
0.20466666666666677
0.20533333333333337
0.20599999999999996
0.20666666666666678
0.20733333333333337
0.20799999999999996
0.20866666666666656
0.20933333333333337
0.20999999999999996
0.21066666666666656
0.21133333333333337
0.21199999999999997
0.21266666666666656
0.21333333333333337
0.21399999999999997
0.21466666666666656
0.21533333333333338
0.21599999999999997
0.21666666666666656
0.21733333333333338
0.21799999999999997
0.21866666666666656
0.21933333333333338
0.21999999999999997
0.22066666666666657
0.22133333333333338
0.22199999999999998
0.22266666666666657
0.22333333333333338
0.22399999999999998
0.22466666666666657
0.22533333333333339
0.22599999999999998
0.22666666666666657
0.2273333333333334
0.22799999999999998
0.22866666666666657
0.2293333333333334
0.22999999999999998
0.23066666666666658
0.2313333333333334
0.23199999999999998
0.23266666666666658
0.2333333333333334
0.23399999999999999
0.23466666666666658
0.2353333333333334
0.236
0.23666666666666658
0.2373333333333334
0.238
0.23866666666666658
0.2393333333333334
0.24
0.24066666666666658
0.2413333333333334
0.242
0.2426666666666666
0.2433333333333334
0.244
0.2446666666666666
0.2453333333333334
0.246
0.2466666666666666
0.2473333333333334
0.248
0.2486666666666666
0.2493333333333334
0.25
0.2506666666666666
0.2513333333333334
0.252
0.2526666666666666
0.2533333333333334
0.254
0.2546666666666666
0.2553333333333334
0.256
0.2566666666666666
0.2573333333333334
0.258
0.2586666666666666
0.2593333333333334
0.26
0.2606666666666666
0.2613333333333334
0.262
0.2626666666666666
0.2633333333333334
0.264
0.2646666666666666
0.2653333333333334
0.266
0.2666666666666666
0.2673333333333334
0.268
0.2686666666666666
0.2693333333333334
0.27
0.2706666666666666
0.2713333333333334
0.272
0.2726666666666666
0.27333333333333343
0.274
0.2746666666666666
0.27533333333333343
0.276
0.2766666666666666
0.27733333333333343
0.278
0.2786666666666666
0.27933333333333343
0.28
0.2806666666666666
0.28133333333333344
0.28200000000000003
0.2826666666666666
0.28333333333333344
0.28400000000000003
0.2846666666666666
0.28533333333333344
0.28600000000000003
0.2866666666666666
0.28733333333333344
0.28800000000000003
0.2886666666666666
0.28933333333333344
0.29000000000000004
0.29066666666666663
0.29133333333333344
0.29200000000000004
0.29266666666666663
0.2933333333333332
0.29400000000000004
0.29466666666666663
0.2953333333333332
0.29600000000000004
0.29666666666666663
0.2973333333333332
0.29800000000000004
0.29866666666666664
0.29933333333333323
0.30000000000000004
0.30066666666666664
0.30133333333333323
0.30200000000000005
0.30266666666666664
0.30333333333333323
0.30400000000000005
0.30466666666666664
0.30533333333333323
0.30600000000000005
0.30666666666666664
0.30733333333333324
0.30800000000000005
0.30866666666666664
0.30933333333333324
0.31000000000000005
0.31066666666666665
0.31133333333333324
0.31200000000000006
0.31266666666666665
0.31333333333333324
0.31400000000000006
0.31466666666666665
0.31533333333333324
0.31600000000000006
0.31666666666666665
0.31733333333333325
0.31800000000000006
0.31866666666666665
0.31933333333333325
0.32000000000000006
0.32066666666666666
0.32133333333333325
0.32200000000000006
0.32266666666666666
0.32333333333333325
0.32400000000000007
0.32466666666666666
0.32533333333333325
0.32600000000000007
0.32666666666666666
0.32733333333333325
0.32800000000000007
0.32866666666666666
0.32933333333333326
0.33000000000000007
0.33066666666666666
0.33133333333333326
0.3320000000000001
0.33266666666666667
0.33333333333333326
0.3340000000000001
0.33466666666666667
0.33533333333333326
0.3360000000000001
0.33666666666666667
0.33733333333333326
0.3380000000000001
0.33866666666666667
0.33933333333333326
0.3400000000000001
0.3406666666666667
0.34133333333333327
0.3420000000000001
0.3426666666666667
0.34333333333333327
0.3440000000000001
0.3446666666666667
0.34533333333333327
0.3460000000000001
0.3466666666666667
0.34733333333333327
0.3480000000000001
0.3486666666666667
0.3493333333333333
0.3500000000000001
0.3506666666666667
0.3513333333333333
0.3520000000000001
0.3526666666666667
0.3533333333333333
0.3540000000000001
0.3546666666666667
0.3553333333333333
0.3560000000000001
0.3566666666666667
0.3573333333333333
0.3580000000000001
0.3586666666666667
0.3593333333333333
0.3600000000000001
0.3606666666666667
0.3613333333333333
0.3620000000000001
0.3626666666666667
0.3633333333333333
0.3640000000000001
0.3646666666666667
0.3653333333333333
0.3660000000000001
0.3666666666666667
0.3673333333333333
0.3680000000000001
0.3686666666666667
0.3693333333333333
0.3700000000000001
0.3706666666666667
0.3713333333333333
0.3720000000000001
0.3726666666666667
0.3733333333333333
0.3740000000000001
0.3746666666666667
0.3753333333333333
0.3759999999999999
0.3766666666666667
0.3773333333333333
0.3779999999999999
0.3786666666666667
0.3793333333333333
0.3799999999999999
0.3806666666666667
0.3813333333333333
0.3819999999999999
0.3826666666666667
0.3833333333333333
0.3839999999999999
0.3846666666666667
0.3853333333333333
0.3859999999999999
0.3866666666666667
0.3873333333333333
0.3879999999999999
0.3886666666666667
0.3893333333333333
0.3899999999999999
0.3906666666666667
0.3913333333333333
0.3919999999999999
0.3926666666666667
0.3933333333333333
0.3939999999999999
0.3946666666666667
0.3953333333333333
0.3959999999999999
0.3966666666666667
0.3973333333333333
0.3979999999999999
0.3986666666666667
0.3993333333333333
0.3999999999999999
0.4006666666666667
0.4013333333333333
0.4019999999999999
0.40266666666666673
0.4033333333333333
0.4039999999999999
0.40466666666666673
0.4053333333333333
0.4059999999999999
0.40666666666666673
0.4073333333333333
0.4079999999999999
0.40866666666666673
0.4093333333333333
0.4099999999999999
0.41066666666666674
0.41133333333333333
0.4119999999999999
0.41266666666666674
0.41333333333333333
0.4139999999999999
0.41466666666666674
0.41533333333333333
0.4159999999999999
0.41666666666666674
0.41733333333333333
0.4179999999999999
0.41866666666666674
0.41933333333333334
0.41999999999999993
0.42066666666666674
0.42133333333333334
0.42199999999999993
0.42266666666666675
0.42333333333333334
0.42399999999999993
0.42466666666666675
0.42533333333333334
0.42599999999999993
0.42666666666666675
0.42733333333333334
0.42799999999999994
0.42866666666666675
0.42933333333333334
0.42999999999999994
0.43066666666666675
0.43133333333333335
0.43199999999999994
0.43266666666666675
0.43333333333333335
0.43399999999999994
0.43466666666666676
0.43533333333333335
0.43599999999999994
0.43666666666666676
0.43733333333333335
0.43799999999999994
0.43866666666666676
0.43933333333333335
0.43999999999999995
0.44066666666666676
0.44133333333333336
0.44199999999999995
0.44266666666666676
0.44333333333333336
0.44399999999999995
0.44466666666666677
0.44533333333333336
0.44599999999999995
0.44666666666666677
0.44733333333333336
0.44799999999999995
0.44866666666666677
0.44933333333333336
0.44999999999999996
0.45066666666666677
0.45133333333333336
0.45199999999999996
0.4526666666666668
0.45333333333333337
0.45399999999999996
0.4546666666666668
0.45533333333333337
0.45599999999999996
0.4566666666666668
0.45733333333333337
0.45799999999999996
0.45866666666666656
0.45933333333333337
0.45999999999999996
0.46066666666666656
0.4613333333333334
0.46199999999999997
0.46266666666666656
0.4633333333333334
0.46399999999999997
0.46466666666666656
0.4653333333333334
0.46599999999999997
0.46666666666666656
0.4673333333333334
0.46799999999999997
0.46866666666666656
0.4693333333333334
0.47
0.47066666666666657
0.4713333333333334
0.472
0.47266666666666657
0.4733333333333334
0.474
0.47466666666666657
0.4753333333333334
0.476
0.47666666666666657
0.4773333333333334
0.478
0.4786666666666666
0.4793333333333334
0.48
0.4806666666666666
0.4813333333333334
0.482
0.4826666666666666
0.4833333333333334
0.484
0.4846666666666666
0.4853333333333334
0.486
0.4866666666666666
0.4873333333333334
0.488
0.4886666666666666
0.4893333333333334
0.49
0.4906666666666666
0.4913333333333334
0.492
0.4926666666666666
0.4933333333333334
0.494
0.4946666666666666
0.4953333333333334
0.496
0.4966666666666666
0.4973333333333334
0.498
0.4986666666666666
0.4993333333333334
0.5
0.5006666666666666
0.5013333333333334
0.502
0.5026666666666666
0.5033333333333334
0.504
0.5046666666666666
0.5053333333333334
0.506
0.5066666666666666
0.5073333333333334
0.508
0.5086666666666666
0.5093333333333334
0.51
0.5106666666666666
0.5113333333333334
0.512
0.5126666666666666
0.5133333333333334
0.514
0.5146666666666666
0.5153333333333334
0.516
0.5166666666666666
0.5173333333333334
0.518
0.5186666666666666
0.5193333333333334
0.52
0.5206666666666666
0.5213333333333334
0.522
0.5226666666666666
0.5233333333333334
0.524
0.5246666666666666
0.5253333333333334
0.526
0.5266666666666666
0.5273333333333334
0.528
0.5286666666666666
0.5293333333333334
0.53
0.5306666666666666
0.5313333333333334
0.532
0.5326666666666666
0.5333333333333334
0.534
0.5346666666666666
0.5353333333333334
0.536
0.5366666666666666
0.5373333333333334
0.538
0.5386666666666666
0.5393333333333334
0.54
0.5406666666666666
0.5413333333333334
0.542
0.5426666666666666
0.5433333333333332
0.544
0.5446666666666666
0.5453333333333332
0.546
0.5466666666666666
0.5473333333333332
0.548
0.5486666666666666
0.5493333333333332
0.55
0.5506666666666666
0.5513333333333332
0.552
0.5526666666666666
0.5533333333333332
0.554
0.5546666666666666
0.5553333333333332
0.556
0.5566666666666666
0.5573333333333332
0.558
0.5586666666666666
0.5593333333333332
0.56
0.5606666666666666
0.5613333333333332
0.562
0.5626666666666666
0.5633333333333332
0.5640000000000001
0.5646666666666667
0.5653333333333332
0.5660000000000001
0.5666666666666667
0.5673333333333332
0.5680000000000001
0.5686666666666667
0.5693333333333332
0.5700000000000001
0.5706666666666667
0.5713333333333332
0.5720000000000001
0.5726666666666667
0.5733333333333333
0.5740000000000001
0.5746666666666667
0.5753333333333333
0.5760000000000001
0.5766666666666667
0.5773333333333333
0.5780000000000001
0.5786666666666667
0.5793333333333333
0.5800000000000001
0.5806666666666667
0.5813333333333333
0.5820000000000001
0.5826666666666667
0.5833333333333333
0.5840000000000001
0.5846666666666667
0.5853333333333333
0.5860000000000001
0.5866666666666667
0.5873333333333333
0.5880000000000001
0.5886666666666667
0.5893333333333333
0.5900000000000001
0.5906666666666667
0.5913333333333333
0.5920000000000001
0.5926666666666667
0.5933333333333333
0.5940000000000001
0.5946666666666667
0.5953333333333333
0.5960000000000001
0.5966666666666667
0.5973333333333333
0.5980000000000001
0.5986666666666667
0.5993333333333333
0.6000000000000001
0.6006666666666667
0.6013333333333333
0.6020000000000001
0.6026666666666667
0.6033333333333333
0.6040000000000001
0.6046666666666667
0.6053333333333333
0.6060000000000001
0.6066666666666667
0.6073333333333333
0.6080000000000001
0.6086666666666667
0.6093333333333333
0.6100000000000001
0.6106666666666667
0.6113333333333333
0.6120000000000001
0.6126666666666667
0.6133333333333333
0.6140000000000001
0.6146666666666667
0.6153333333333333
0.6160000000000001
0.6166666666666667
0.6173333333333333
0.6180000000000001
0.6186666666666667
0.6193333333333333
0.6200000000000001
0.6206666666666667
0.6213333333333333
0.6220000000000001
0.6226666666666667
0.6233333333333333
0.6240000000000001
0.6246666666666667
0.6253333333333333
0.6259999999999999
0.6266666666666667
0.6273333333333333
0.6279999999999999
0.6286666666666667
0.6293333333333333
0.6299999999999999
0.6306666666666667
0.6313333333333333
0.6319999999999999
0.6326666666666667
0.6333333333333333
0.6339999999999999
0.6346666666666667
0.6353333333333333
0.6359999999999999
0.6366666666666667
0.6373333333333333
0.6379999999999999
0.6386666666666667
0.6393333333333333
0.6399999999999999
0.6406666666666667
0.6413333333333333
0.6419999999999999
0.6426666666666667
0.6433333333333333
0.6439999999999999
0.6446666666666667
0.6453333333333333
0.6459999999999999
0.6466666666666667
0.6473333333333333
0.6479999999999999
0.6486666666666667
0.6493333333333333
0.6499999999999999
0.6506666666666667
0.6513333333333333
0.6519999999999999
0.6526666666666667
0.6533333333333333
0.6539999999999999
0.6546666666666667
0.6553333333333333
0.6559999999999999
0.6566666666666667
0.6573333333333333
0.6579999999999999
0.6586666666666667
0.6593333333333333
0.6599999999999999
0.6606666666666667
0.6613333333333333
0.6619999999999999
0.6626666666666667
0.6633333333333333
0.6639999999999999
0.6646666666666667
0.6653333333333333
0.6659999999999999
0.6666666666666667
0.6673333333333333
0.6679999999999999
0.6686666666666667
0.6693333333333333
0.6699999999999999
0.6706666666666667
0.6713333333333333
0.6719999999999999
0.6726666666666667
0.6733333333333333
0.6739999999999999
0.6746666666666667
0.6753333333333333
0.6759999999999999
0.6766666666666667
0.6773333333333333
0.6779999999999999
0.6786666666666668
0.6793333333333333
0.6799999999999999
0.6806666666666668
0.6813333333333333
0.6819999999999999
0.6826666666666668
0.6833333333333333
0.6839999999999999
0.6846666666666668
0.6853333333333333
0.6859999999999999
0.6866666666666668
0.6873333333333334
0.688
0.6886666666666668
0.6893333333333334
0.69
0.6906666666666668
0.6913333333333334
0.692
0.6926666666666668
0.6933333333333334
0.694
0.6946666666666668
0.6953333333333334
0.696
0.6966666666666668
0.6973333333333334
0.698
0.6986666666666668
0.6993333333333334
0.7
0.7006666666666668
0.7013333333333334
0.702
0.7026666666666668
0.7033333333333334
0.704
0.7046666666666668
0.7053333333333334
0.706
0.7066666666666668
0.7073333333333334
0.708
0.7086666666666666
0.7093333333333334
0.71
0.7106666666666666
0.7113333333333334
0.712
0.7126666666666666
0.7133333333333334
0.714
0.7146666666666666
0.7153333333333334
0.716
0.7166666666666666
0.7173333333333334
0.718
0.7186666666666666
0.7193333333333334
0.72
0.7206666666666666
0.7213333333333334
0.722
0.7226666666666666
0.7233333333333334
0.724
0.7246666666666666
0.7253333333333334
0.726
0.7266666666666666
0.7273333333333334
0.728
0.7286666666666666
0.7293333333333334
0.73
0.7306666666666666
0.7313333333333334
0.732
0.7326666666666666
0.7333333333333334
0.734
0.7346666666666666
0.7353333333333334
0.736
0.7366666666666666
0.7373333333333334
0.738
0.7386666666666666
0.7393333333333334
0.74
0.7406666666666666
0.7413333333333334
0.742
0.7426666666666666
0.7433333333333334
0.744
0.7446666666666666
0.7453333333333334
0.746
0.7466666666666666
0.7473333333333334
0.748
0.7486666666666666
0.7493333333333334
0.75
0.7506666666666666
0.7513333333333334
0.752
0.7526666666666666
0.7533333333333334
0.754
0.7546666666666666
0.7553333333333334
0.756
0.7566666666666666
0.7573333333333334
0.758
0.7586666666666666
0.7593333333333334
0.76
0.7606666666666666
0.7613333333333334
0.762
0.7626666666666666
0.7633333333333334
0.764
0.7646666666666666
0.7653333333333334
0.766
0.7666666666666666
0.7673333333333334
0.768
0.7686666666666666
0.7693333333333334
0.77
0.7706666666666666
0.7713333333333334
0.772
0.7726666666666666
0.7733333333333334
0.774
0.7746666666666666
0.7753333333333334
0.776
0.7766666666666666
0.7773333333333334
0.778
0.7786666666666666
0.7793333333333334
0.78
0.7806666666666666
0.7813333333333334
0.782
0.7826666666666666
0.7833333333333334
0.784
0.7846666666666666
0.7853333333333334
0.786
0.7866666666666666
0.7873333333333334
0.788
0.7886666666666666
0.7893333333333334
0.79
0.7906666666666666
0.7913333333333334
0.792
0.7926666666666666
0.7933333333333332
0.794
0.7946666666666666
0.7953333333333332
0.796
0.7966666666666666
0.7973333333333332
0.798
0.7986666666666666
0.7993333333333332
0.8
0.8006666666666666
0.8013333333333332
0.802
0.8026666666666666
0.8033333333333332
0.804
0.8046666666666666
0.8053333333333332
0.806
0.8066666666666666
0.8073333333333332
0.808
0.8086666666666666
0.8093333333333332
0.81
0.8106666666666666
0.8113333333333332
0.812
0.8126666666666666
0.8133333333333332
0.8140000000000001
0.8146666666666667
0.8153333333333332
0.8160000000000001
0.8166666666666667
0.8173333333333332
0.8180000000000001
0.8186666666666667
0.8193333333333332
0.8200000000000001
0.8206666666666667
0.8213333333333332
0.8220000000000001
0.8226666666666667
0.8233333333333333
0.8240000000000001
0.8246666666666667
0.8253333333333333
0.8260000000000001
0.8266666666666667
0.8273333333333333
0.8280000000000001
0.8286666666666667
0.8293333333333333
0.8300000000000001
0.8306666666666667
0.8313333333333333
0.8320000000000001
0.8326666666666667
0.8333333333333333
0.8340000000000001
0.8346666666666667
0.8353333333333333
0.8360000000000001
0.8366666666666667
0.8373333333333333
0.8380000000000001
0.8386666666666667
0.8393333333333333
0.8400000000000001
0.8406666666666667
0.8413333333333333
0.8420000000000001
0.8426666666666667
0.8433333333333333
0.8440000000000001
0.8446666666666667
0.8453333333333333
0.8460000000000001
0.8466666666666667
0.8473333333333333
0.8480000000000001
0.8486666666666667
0.8493333333333333
0.8500000000000001
0.8506666666666667
0.8513333333333333
0.8520000000000001
0.8526666666666667
0.8533333333333333
0.8540000000000001
0.8546666666666667
0.8553333333333333
0.8560000000000001
0.8566666666666667
0.8573333333333333
0.8580000000000001
0.8586666666666667
0.8593333333333333
0.8600000000000001
0.8606666666666667
0.8613333333333333
0.8620000000000001
0.8626666666666667
0.8633333333333333
0.8640000000000001
0.8646666666666667
0.8653333333333333
0.8660000000000001
0.8666666666666667
0.8673333333333333
0.8680000000000001
0.8686666666666667
0.8693333333333333
0.8700000000000001
0.8706666666666667
0.8713333333333333
0.8720000000000001
0.8726666666666667
0.8733333333333333
0.8740000000000001
0.8746666666666667
0.8753333333333333
0.8759999999999999
0.8766666666666667
0.8773333333333333
0.8779999999999999
0.8786666666666667
0.8793333333333333
0.8799999999999999
0.8806666666666667
0.8813333333333333
0.8819999999999999
0.8826666666666667
0.8833333333333333
0.8839999999999999
0.8846666666666667
0.8853333333333333
0.8859999999999999
0.8866666666666667
0.8873333333333333
0.8879999999999999
0.8886666666666667
0.8893333333333333
0.8899999999999999
0.8906666666666667
0.8913333333333333
0.8919999999999999
0.8926666666666667
0.8933333333333333
0.8939999999999999
0.8946666666666667
0.8953333333333333
0.8959999999999999
0.8966666666666667
0.8973333333333333
0.8979999999999999
0.8986666666666667
0.8993333333333333
0.8999999999999999
0.9006666666666667
0.9013333333333333
0.9019999999999999
0.9026666666666667
0.9033333333333333
0.9039999999999999
0.9046666666666667
0.9053333333333333
0.9059999999999999
0.9066666666666667
0.9073333333333333
0.9079999999999999
0.9086666666666667
0.9093333333333333
0.9099999999999999
0.9106666666666667
0.9113333333333333
0.9119999999999999
0.9126666666666667
0.9133333333333333
0.9139999999999999
0.9146666666666667
0.9153333333333333
0.9159999999999999
0.9166666666666667
0.9173333333333333
0.9179999999999999
0.9186666666666667
0.9193333333333333
0.9199999999999999
0.9206666666666667
0.9213333333333333
0.9219999999999999
0.9226666666666667
0.9233333333333333
0.9239999999999999
0.9246666666666667
0.9253333333333333
0.9259999999999999
0.9266666666666667
0.9273333333333333
0.9279999999999999
0.9286666666666668
0.9293333333333333
0.9299999999999999
0.9306666666666668
0.9313333333333333
0.9319999999999999
0.9326666666666668
0.9333333333333333
0.9339999999999999
0.9346666666666668
0.9353333333333333
0.9359999999999999
0.9366666666666668
0.9373333333333334
0.938
0.9386666666666668
0.9393333333333334
0.94
0.9406666666666668
0.9413333333333334
0.942
0.9426666666666668
0.9433333333333334
0.944
0.9446666666666668
0.9453333333333334
0.946
0.9466666666666668
0.9473333333333334
0.948
0.9486666666666668
0.9493333333333334
0.95
0.9506666666666668
0.9513333333333334
0.952
0.9526666666666668
0.9533333333333334
0.954
0.9546666666666668
0.9553333333333334
0.956
0.9566666666666668
0.9573333333333334
0.958
0.9586666666666666
0.9593333333333334
0.96
0.9606666666666666
0.9613333333333334
0.962
0.9626666666666666
0.9633333333333334
0.964
0.9646666666666666
0.9653333333333334
0.966
0.9666666666666666
0.9673333333333334
0.968
0.9686666666666666
0.9693333333333334
0.97
0.9706666666666666
0.9713333333333334
0.972
0.9726666666666666
0.9733333333333334
0.974
0.9746666666666666
0.9753333333333334
0.976
0.9766666666666666
0.9773333333333334
0.978
0.9786666666666666
0.9793333333333334
0.98
0.9806666666666666
0.9813333333333334
0.982
0.9826666666666666
0.9833333333333334
0.984
0.9846666666666666
0.9853333333333334
0.986
0.9866666666666666
0.9873333333333334
0.988
0.9886666666666666
0.9893333333333334
0.99
0.9906666666666666
0.9913333333333334
0.992
0.9926666666666666
0.9933333333333334
0.994
0.9946666666666666
0.9953333333333334
0.996
0.9966666666666666
0.9973333333333334
0.998
0.9986666666666666
0.9993333333333334
0.0
0.0006666666666665932
0.0013333333333331865
0.0019999999999997797
0.002666666666666817
0.0033333333333334103
0.0040000000000000036
0.004666666666666597
0.00533333333333319
0.005999999999999783
0.006666666666666821
0.007333333333333414
0.008000000000000007
0.0086666666666666
0.009333333333333194
0.009999999999999787
0.010666666666666824
0.011333333333333417
0.01200000000000001
0.012666666666666604
0.013333333333333197
0.01399999999999979
0.014666666666666828
0.015333333333333421
0.016000000000000014
0.016666666666666607
0.0173333333333332
0.017999999999999794
0.01866666666666683
0.019333333333333425
0.020000000000000018
0.02066666666666661
0.021333333333333204
0.021999999999999797
0.022666666666666835
0.023333333333333428
0.02400000000000002
0.024666666666666615
0.025333333333333208
0.0259999999999998
0.02666666666666684
0.02733333333333343
0.028000000000000025
0.028666666666666618
0.02933333333333321
0.029999999999999805
0.030666666666666842
0.031333333333333435
0.03200000000000003
0.03266666666666662
0.033333333333333215
0.03399999999999981
0.034666666666666845
0.03533333333333344
0.03600000000000003
0.036666666666666625
0.03733333333333322
0.03799999999999981
0.03866666666666685
0.03933333333333344
0.040000000000000036
0.04066666666666663
0.04133333333333322
0.041999999999999815
0.04266666666666685
0.043333333333333446
0.04400000000000004
0.04466666666666663
0.045333333333333226
0.04599999999999982
0.046666666666666856
0.04733333333333345
0.04800000000000004
0.048666666666666636
0.04933333333333323
0.04999999999999982
0.05066666666666686
0.05133333333333345
0.052000000000000046
0.05266666666666664
0.05333333333333323
0.053999999999999826
0.05466666666666686
0.055333333333333456
0.05600000000000005
0.05666666666666664
0.057333333333333236
0.05799999999999983
0.05866666666666687
0.05933333333333346
0.06000000000000005
0.06066666666666665
0.06133333333333324
0.06199999999999983
0.06266666666666687
0.06333333333333346
0.06400000000000006
0.06466666666666665
0.06533333333333324
0.06599999999999984
0.06666666666666687
0.06733333333333347
0.06800000000000006
0.06866666666666665
0.06933333333333325
0.06999999999999984
0.07066666666666688
0.07133333333333347
0.07200000000000006
0.07266666666666666
0.07333333333333325
0.07399999999999984
0.07466666666666688
0.07533333333333347
0.07600000000000007
0.07666666666666666
0.07733333333333325
0.07799999999999985
0.07866666666666688
0.07933333333333348
0.08000000000000007
0.08066666666666666
0.08133333333333326
0.08199999999999985
0.08266666666666689
0.08333333333333348
0.08400000000000007
0.08466666666666667
0.08533333333333326
0.08599999999999985
0.08666666666666645
0.08733333333333348
0.08800000000000008
0.08866666666666667
0.08933333333333326
0.08999999999999986
0.09066666666666645
0.09133333333333349
0.09200000000000008
0.09266666666666667
0.09333333333333327
0.09399999999999986
0.09466666666666645
0.09533333333333349
0.09600000000000009
0.09666666666666668
0.09733333333333327
0.09799999999999986
0.09866666666666646
0.0993333333333335
0.10000000000000009
0.10066666666666668
0.10133333333333328
0.10199999999999987
0.10266666666666646
0.1033333333333335
0.10400000000000009
0.10466666666666669
0.10533333333333328
0.10599999999999987
0.10666666666666647
0.1073333333333335
0.1080000000000001
0.10866666666666669
0.10933333333333328
0.10999999999999988
0.11066666666666647
0.1113333333333335
0.1120000000000001
0.11266666666666669
0.11333333333333329
0.11399999999999988
0.11466666666666647
0.11533333333333351
0.1160000000000001
0.1166666666666667
0.11733333333333329
0.11799999999999988
0.11866666666666648
0.11933333333333351
0.1200000000000001
0.1206666666666667
0.1213333333333333
0.12199999999999989
0.12266666666666648
0.12333333333333352
0.12400000000000011
0.1246666666666667
0.1253333333333333
0.1259999999999999
0.12666666666666648
0.12733333333333352
0.1280000000000001
0.1286666666666667
0.1293333333333333
0.1299999999999999
0.1306666666666665
0.13133333333333352
0.13200000000000012
0.1326666666666667
0.1333333333333333
0.1339999999999999
0.1346666666666665
0.13533333333333353
0.13600000000000012
0.13666666666666671
0.1373333333333333
0.1379999999999999
0.1386666666666665
0.13933333333333353
0.14000000000000012
0.14066666666666672
0.1413333333333333
0.1419999999999999
0.1426666666666665
0.14333333333333353
0.14400000000000013
0.14466666666666672
0.14533333333333331
0.1459999999999999
0.1466666666666665
0.14733333333333354
0.14800000000000013
0.14866666666666672
0.14933333333333332
0.1499999999999999
0.1506666666666665
0.15133333333333354
0.15200000000000014
0.15266666666666673
0.15333333333333332
0.15399999999999991
0.1546666666666665
0.15533333333333355
0.15600000000000014
0.15666666666666673
0.15733333333333333
0.15799999999999992
0.1586666666666665
0.15933333333333355
0.16000000000000014
0.16066666666666674
0.16133333333333333
0.16199999999999992
0.16266666666666652
0.16333333333333355
0.16400000000000015
0.16466666666666674
0.16533333333333333
0.16599999999999993
0.16666666666666652
0.1673333333333331
0.16800000000000015
0.16866666666666674
0.16933333333333334
0.16999999999999993
0.17066666666666652
0.17133333333333312
0.17200000000000015
0.17266666666666675
0.17333333333333334
0.17399999999999993
0.17466666666666653
0.17533333333333312
0.17600000000000016
0.17666666666666675
0.17733333333333334
0.17799999999999994
0.17866666666666653
0.17933333333333312
0.18000000000000016
0.18066666666666675
0.18133333333333335
0.18199999999999994
0.18266666666666653
0.18333333333333313
0.18400000000000016
0.18466666666666676
0.18533333333333335
0.18599999999999994
0.18666666666666654
0.18733333333333313
0.18800000000000017
0.18866666666666676
0.18933333333333335
0.18999999999999995
0.19066666666666654
0.19133333333333313
0.19200000000000017
0.19266666666666676
0.19333333333333336
0.19399999999999995
0.19466666666666654
0.19533333333333314
0.19600000000000017
0.19666666666666677
0.19733333333333336
0.19799999999999995
0.19866666666666655
0.19933333333333314
0.20000000000000018
0.20066666666666677
0.20133333333333336
0.20199999999999996
0.20266666666666655
0.20333333333333314
0.20400000000000018
0.20466666666666677
0.20533333333333337
0.20599999999999996
0.20666666666666655
0.20733333333333315
0.20800000000000018
0.20866666666666678
0.20933333333333337
0.20999999999999996
0.21066666666666656
0.21133333333333315
0.2120000000000002
0.21266666666666678
0.21333333333333337
0.21399999999999997
0.21466666666666656
0.21533333333333315
0.2160000000000002
0.21666666666666679
0.21733333333333338
0.21799999999999997
0.21866666666666656
0.21933333333333316
0.2200000000000002
0.2206666666666668
0.22133333333333338
0.22199999999999998
0.22266666666666657
0.22333333333333316
0.2240000000000002
0.2246666666666668
0.22533333333333339
0.22599999999999998
0.22666666666666657
0.22733333333333317
0.2280000000000002
0.2286666666666668
0.2293333333333334
0.22999999999999998
0.23066666666666658
0.23133333333333317
0.2320000000000002
0.2326666666666668
0.2333333333333334
0.23399999999999999
0.23466666666666658
0.23533333333333317
0.2360000000000002
0.2366666666666668
0.2373333333333334
0.238
0.23866666666666658
0.23933333333333318
0.2400000000000002
0.2406666666666668
0.2413333333333334
0.242
0.2426666666666666
0.24333333333333318
0.24400000000000022
0.2446666666666668
0.2453333333333334
0.246
0.2466666666666666
0.24733333333333318
0.24800000000000022
0.2486666666666668
0.2493333333333334
0.25
0.2506666666666666
0.2513333333333332
0.2519999999999998
0.2526666666666668
0.2533333333333334
0.254
0.2546666666666666
0.2553333333333332
0.2559999999999998
0.2566666666666668
0.2573333333333334
0.258
0.2586666666666666
0.2593333333333332
0.2599999999999998
0.2606666666666668
0.2613333333333334
0.262
0.2626666666666666
0.2633333333333332
0.2639999999999998
0.2646666666666668
0.2653333333333334
0.266
0.2666666666666666
0.2673333333333332
0.2679999999999998
0.26866666666666683
0.2693333333333334
0.27
0.2706666666666666
0.2713333333333332
0.2719999999999998
0.27266666666666683
0.27333333333333343
0.274
0.2746666666666666
0.2753333333333332
0.2759999999999998
0.27666666666666684
0.27733333333333343
0.278
0.2786666666666666
0.2793333333333332
0.2799999999999998
0.28066666666666684
0.28133333333333344
0.28200000000000003
0.2826666666666666
0.2833333333333332
0.2839999999999998
0.28466666666666685
0.28533333333333344
0.28600000000000003
0.2866666666666666
0.2873333333333332
0.2879999999999998
0.28866666666666685
0.28933333333333344
0.29000000000000004
0.29066666666666663
0.2913333333333332
0.2919999999999998
0.29266666666666685
0.29333333333333345
0.29400000000000004
0.29466666666666663
0.2953333333333332
0.2959999999999998
0.29666666666666686
0.29733333333333345
0.29800000000000004
0.29866666666666664
0.29933333333333323
0.2999999999999998
0.30066666666666686
0.30133333333333345
0.30200000000000005
0.30266666666666664
0.30333333333333323
0.3039999999999998
0.30466666666666686
0.30533333333333346
0.30600000000000005
0.30666666666666664
0.30733333333333324
0.30799999999999983
0.30866666666666687
0.30933333333333346
0.31000000000000005
0.31066666666666665
0.31133333333333324
0.31199999999999983
0.31266666666666687
0.31333333333333346
0.31400000000000006
0.31466666666666665
0.31533333333333324
0.31599999999999984
0.3166666666666669
0.31733333333333347
0.31800000000000006
0.31866666666666665
0.31933333333333325
0.31999999999999984
0.3206666666666669
0.32133333333333347
0.32200000000000006
0.32266666666666666
0.32333333333333325
0.32399999999999984
0.3246666666666669
0.3253333333333335
0.32600000000000007
0.32666666666666666
0.32733333333333325
0.32799999999999985
0.3286666666666669
0.3293333333333335
0.33000000000000007
0.33066666666666666
0.33133333333333326
0.33199999999999985
0.3326666666666669
0.3333333333333335
0.3340000000000001
0.33466666666666667
0.33533333333333326
0.33599999999999985
0.33666666666666645
0.3373333333333335
0.3380000000000001
0.33866666666666667
0.33933333333333326
0.33999999999999986
0.34066666666666645
0.3413333333333335
0.3420000000000001
0.3426666666666667
0.34333333333333327
0.34399999999999986
0.34466666666666645
0.3453333333333335
0.3460000000000001
0.3466666666666667
0.34733333333333327
0.34799999999999986
0.34866666666666646
0.3493333333333335
0.3500000000000001
0.3506666666666667
0.3513333333333333
0.35199999999999987
0.35266666666666646
0.3533333333333335
0.3540000000000001
0.3546666666666667
0.3553333333333333
0.35599999999999987
0.35666666666666647
0.3573333333333335
0.3580000000000001
0.3586666666666667
0.3593333333333333
0.3599999999999999
0.36066666666666647
0.3613333333333335
0.3620000000000001
0.3626666666666667
0.3633333333333333
0.3639999999999999
0.3646666666666665
0.3653333333333335
0.3660000000000001
0.3666666666666667
0.3673333333333333
0.3679999999999999
0.3686666666666665
0.3693333333333335
0.3700000000000001
0.3706666666666667
0.3713333333333333
0.3719999999999999
0.3726666666666665
0.3733333333333335
0.3740000000000001
0.3746666666666667
0.3753333333333333
0.3759999999999999
0.3766666666666665
0.3773333333333335
0.3780000000000001
0.3786666666666667
0.3793333333333333
0.3799999999999999
0.3806666666666665
0.3813333333333335
0.3820000000000001
0.3826666666666667
0.3833333333333333
0.3839999999999999
0.3846666666666665
0.3853333333333335
0.3860000000000001
0.3866666666666667
0.3873333333333333
0.3879999999999999
0.3886666666666665
0.38933333333333353
0.3900000000000001
0.3906666666666667
0.3913333333333333
0.3919999999999999
0.3926666666666665
0.39333333333333353
0.39400000000000013
0.3946666666666667
0.3953333333333333
0.3959999999999999
0.3966666666666665
0.39733333333333354
0.39800000000000013
0.3986666666666667
0.3993333333333333
0.3999999999999999
0.4006666666666665
0.40133333333333354
0.40200000000000014
0.40266666666666673
0.4033333333333333
0.4039999999999999
0.4046666666666665
0.40533333333333355
0.40600000000000014
0.40666666666666673
0.4073333333333333
0.4079999999999999
0.4086666666666665
0.40933333333333355
0.41000000000000014
0.41066666666666674
0.41133333333333333
0.4119999999999999
0.4126666666666665
0.41333333333333355
0.41400000000000015
0.41466666666666674
0.41533333333333333
0.4159999999999999
0.4166666666666665
0.4173333333333331
0.41800000000000015
0.41866666666666674
0.41933333333333334
0.41999999999999993
0.4206666666666665
0.4213333333333331
0.42200000000000015
0.42266666666666675
0.42333333333333334
0.42399999999999993
0.4246666666666665
0.4253333333333331
0.42600000000000016
0.42666666666666675
0.42733333333333334
0.42799999999999994
0.42866666666666653
0.4293333333333331
0.43000000000000016
0.43066666666666675
0.43133333333333335
0.43199999999999994
0.43266666666666653
0.4333333333333331
0.43400000000000016
0.43466666666666676
0.43533333333333335
0.43599999999999994
0.43666666666666654
0.43733333333333313
0.43800000000000017
0.43866666666666676
0.43933333333333335
0.43999999999999995
0.44066666666666654
0.44133333333333313
0.44200000000000017
0.44266666666666676
0.44333333333333336
0.44399999999999995
0.44466666666666654
0.44533333333333314
0.4460000000000002
0.44666666666666677
0.44733333333333336
0.44799999999999995
0.44866666666666655
0.44933333333333314
0.4500000000000002
0.45066666666666677
0.45133333333333336
0.45199999999999996
0.45266666666666655
0.45333333333333314
0.4540000000000002
0.4546666666666668
0.45533333333333337
0.45599999999999996
0.45666666666666655
0.45733333333333315
0.4580000000000002
0.4586666666666668
0.45933333333333337
0.45999999999999996
0.46066666666666656
0.46133333333333315
0.4620000000000002
0.4626666666666668
0.4633333333333334
0.46399999999999997
0.46466666666666656
0.46533333333333315
0.4660000000000002
0.4666666666666668
0.4673333333333334
0.46799999999999997
0.46866666666666656
0.46933333333333316
0.4700000000000002
0.4706666666666668
0.4713333333333334
0.472
0.47266666666666657
0.47333333333333316
0.4740000000000002
0.4746666666666668
0.4753333333333334
0.476
0.47666666666666657
0.47733333333333317
0.4780000000000002
0.4786666666666668
0.4793333333333334
0.48
0.4806666666666666
0.48133333333333317
0.4820000000000002
0.4826666666666668
0.4833333333333334
0.484
0.4846666666666666
0.4853333333333332
0.4860000000000002
0.4866666666666668
0.4873333333333334
0.488
0.4886666666666666
0.4893333333333332
0.4900000000000002
0.4906666666666668
0.4913333333333334
0.492
0.4926666666666666
0.4933333333333332
0.4940000000000002
0.4946666666666668
0.4953333333333334
0.496
0.4966666666666666
0.4973333333333332
0.4980000000000002
0.4986666666666668
0.4993333333333334
0.5
0.5006666666666666
0.5013333333333332
0.5019999999999998
0.5026666666666668
0.5033333333333334
0.504
0.5046666666666666
0.5053333333333332
0.5059999999999998
0.5066666666666668
0.5073333333333334
0.508
0.5086666666666666
0.5093333333333332
0.5099999999999998
0.5106666666666668
0.5113333333333334
0.512
0.5126666666666666
0.5133333333333332
0.5139999999999998
0.5146666666666668
0.5153333333333334
0.516
0.5166666666666666
0.5173333333333332
0.5179999999999998
0.5186666666666668
0.5193333333333334
0.52
0.5206666666666666
0.5213333333333332
0.5219999999999998
0.5226666666666668
0.5233333333333334
0.524
0.5246666666666666
0.5253333333333332
0.5259999999999998
0.5266666666666668
0.5273333333333334
0.528
0.5286666666666666
0.5293333333333332
0.5299999999999998
0.5306666666666668
0.5313333333333334
0.532
0.5326666666666666
0.5333333333333332
0.5339999999999998
0.5346666666666668
0.5353333333333334
0.536
0.5366666666666666
0.5373333333333332
0.5379999999999998
0.5386666666666668
0.5393333333333334
0.54
0.5406666666666666
0.5413333333333332
0.5419999999999998
0.5426666666666669
0.5433333333333334
0.544
0.5446666666666666
0.5453333333333332
0.5459999999999998
0.5466666666666669
0.5473333333333334
0.548
0.5486666666666666
0.5493333333333332
0.5499999999999998
0.5506666666666669
0.5513333333333335
0.552
0.5526666666666666
0.5533333333333332
0.5539999999999998
0.5546666666666669
0.5553333333333335
0.556
0.5566666666666666
0.5573333333333332
0.5579999999999998
0.5586666666666669
0.5593333333333335
0.56
0.5606666666666666
0.5613333333333332
0.5619999999999998
0.5626666666666669
0.5633333333333335
0.5640000000000001
0.5646666666666667
0.5653333333333332
0.5659999999999998
0.5666666666666669
0.5673333333333335
0.5680000000000001
0.5686666666666667
0.5693333333333332
0.5699999999999998
0.5706666666666669
0.5713333333333335
0.5720000000000001
0.5726666666666667
0.5733333333333333
0.5739999999999998
0.5746666666666669
0.5753333333333335
0.5760000000000001
0.5766666666666667
0.5773333333333333
0.5779999999999998
0.5786666666666669
0.5793333333333335
0.5800000000000001
0.5806666666666667
0.5813333333333333
0.5819999999999999
0.5826666666666669
0.5833333333333335
0.5840000000000001
0.5846666666666667
0.5853333333333333
0.5859999999999999
0.5866666666666664
0.5873333333333335
0.5880000000000001
0.5886666666666667
0.5893333333333333
0.5899999999999999
0.5906666666666665
0.5913333333333335
0.5920000000000001
0.5926666666666667
0.5933333333333333
0.5939999999999999
0.5946666666666665
0.5953333333333335
0.5960000000000001
0.5966666666666667
0.5973333333333333
0.5979999999999999
0.5986666666666665
0.5993333333333335
0.6000000000000001
0.6006666666666667
0.6013333333333333
0.6019999999999999
0.6026666666666665
0.6033333333333335
0.6040000000000001
0.6046666666666667
0.6053333333333333
0.6059999999999999
0.6066666666666665
0.6073333333333335
0.6080000000000001
0.6086666666666667
0.6093333333333333
0.6099999999999999
0.6106666666666665
0.6113333333333335
0.6120000000000001
0.6126666666666667
0.6133333333333333
0.6139999999999999
0.6146666666666665
0.6153333333333335
0.6160000000000001
0.6166666666666667
0.6173333333333333
0.6179999999999999
0.6186666666666665
0.6193333333333335
0.6200000000000001
0.6206666666666667
0.6213333333333333
0.6219999999999999
0.6226666666666665
0.6233333333333335
0.6240000000000001
0.6246666666666667
0.6253333333333333
0.6259999999999999
0.6266666666666665
0.6273333333333335
0.6280000000000001
0.6286666666666667
0.6293333333333333
0.6299999999999999
0.6306666666666665
0.6313333333333335
0.6320000000000001
0.6326666666666667
0.6333333333333333
0.6339999999999999
0.6346666666666665
0.6353333333333335
0.6360000000000001
0.6366666666666667
0.6373333333333333
0.6379999999999999
0.6386666666666665
0.6393333333333335
0.6400000000000001
0.6406666666666667
0.6413333333333333
0.6419999999999999
0.6426666666666665
0.6433333333333335
0.6440000000000001
0.6446666666666667
0.6453333333333333
0.6459999999999999
0.6466666666666665
0.6473333333333335
0.6480000000000001
0.6486666666666667
0.6493333333333333
0.6499999999999999
0.6506666666666665
0.6513333333333335
0.6520000000000001
0.6526666666666667
0.6533333333333333
0.6539999999999999
0.6546666666666665
0.6553333333333335
0.6560000000000001
0.6566666666666667
0.6573333333333333
0.6579999999999999
0.6586666666666665
0.6593333333333335
0.6600000000000001
0.6606666666666667
0.6613333333333333
0.6619999999999999
0.6626666666666665
0.6633333333333336
0.6640000000000001
0.6646666666666667
0.6653333333333333
0.6659999999999999
0.6666666666666665
0.6673333333333331
0.6680000000000001
0.6686666666666667
0.6693333333333333
0.6699999999999999
0.6706666666666665
0.6713333333333331
0.6720000000000002
0.6726666666666667
0.6733333333333333
0.6739999999999999
0.6746666666666665
0.6753333333333331
0.6760000000000002
0.6766666666666667
0.6773333333333333
0.6779999999999999
0.6786666666666665
0.6793333333333331
0.6800000000000002
0.6806666666666668
0.6813333333333333
0.6819999999999999
0.6826666666666665
0.6833333333333331
0.6840000000000002
0.6846666666666668
0.6853333333333333
0.6859999999999999
0.6866666666666665
0.6873333333333331
0.6880000000000002
0.6886666666666668
0.6893333333333334
0.69
0.6906666666666665
0.6913333333333331
0.6920000000000002
0.6926666666666668
0.6933333333333334
0.694
0.6946666666666665
0.6953333333333331
0.6960000000000002
0.6966666666666668
0.6973333333333334
0.698
0.6986666666666665
0.6993333333333331
0.7000000000000002
0.7006666666666668
0.7013333333333334
0.702
0.7026666666666666
0.7033333333333331
0.7040000000000002
0.7046666666666668
0.7053333333333334
0.706
0.7066666666666666
0.7073333333333331
0.7080000000000002
0.7086666666666668
0.7093333333333334
0.71
0.7106666666666666
0.7113333333333332
0.7120000000000002
0.7126666666666668
0.7133333333333334
0.714
0.7146666666666666
0.7153333333333332
0.7160000000000002
0.7166666666666668
0.7173333333333334
0.718
0.7186666666666666
0.7193333333333332
0.7200000000000002
0.7206666666666668
0.7213333333333334
0.722
0.7226666666666666
0.7233333333333332
0.7240000000000002
0.7246666666666668
0.7253333333333334
0.726
0.7266666666666666
0.7273333333333332
0.7280000000000002
0.7286666666666668
0.7293333333333334
0.73
0.7306666666666666
0.7313333333333332
0.7320000000000002
0.7326666666666668
0.7333333333333334
0.734
0.7346666666666666
0.7353333333333332
0.7360000000000002
0.7366666666666668
0.7373333333333334
0.738
0.7386666666666666
0.7393333333333332
0.7400000000000002
0.7406666666666668
0.7413333333333334
0.742
0.7426666666666666
0.7433333333333332
0.7440000000000002
0.7446666666666668
0.7453333333333334
0.746
0.7466666666666666
0.7473333333333332
0.7480000000000002
0.7486666666666668
0.7493333333333334
0.75
0.7506666666666666
0.7513333333333332
0.7519999999999998
0.7526666666666668
0.7533333333333334
0.754
0.7546666666666666
0.7553333333333332
0.7559999999999998
0.7566666666666668
0.7573333333333334
0.758
0.7586666666666666
0.7593333333333332
0.7599999999999998
0.7606666666666668
0.7613333333333334
0.762
0.7626666666666666
0.7633333333333332
0.7639999999999998
0.7646666666666668
0.7653333333333334
0.766
0.7666666666666666
0.7673333333333332
0.7679999999999998
0.7686666666666668
0.7693333333333334
0.77
0.7706666666666666
0.7713333333333332
0.7719999999999998
0.7726666666666668
0.7733333333333334
0.774
0.7746666666666666
0.7753333333333332
0.7759999999999998
0.7766666666666668
0.7773333333333334
0.778
0.7786666666666666
0.7793333333333332
0.7799999999999998
0.7806666666666668
0.7813333333333334
0.782
0.7826666666666666
0.7833333333333332
0.7839999999999998
0.7846666666666668
0.7853333333333334
0.786
0.7866666666666666
0.7873333333333332
0.7879999999999998
0.7886666666666668
0.7893333333333334
0.79
0.7906666666666666
0.7913333333333332
0.7919999999999998
0.7926666666666669
0.7933333333333334
0.794
0.7946666666666666
0.7953333333333332
0.7959999999999998
0.7966666666666669
0.7973333333333334
0.798
0.7986666666666666
0.7993333333333332
0.7999999999999998
0.8006666666666669
0.8013333333333335
0.802
0.8026666666666666
0.8033333333333332
0.8039999999999998
0.8046666666666669
0.8053333333333335
0.806
0.8066666666666666
0.8073333333333332
0.8079999999999998
0.8086666666666669
0.8093333333333335
0.81
0.8106666666666666
0.8113333333333332
0.8119999999999998
0.8126666666666669
0.8133333333333335
0.8140000000000001
0.8146666666666667
0.8153333333333332
0.8159999999999998
0.8166666666666669
0.8173333333333335
0.8180000000000001
0.8186666666666667
0.8193333333333332
0.8199999999999998
0.8206666666666669
0.8213333333333335
0.8220000000000001
0.8226666666666667
0.8233333333333333
0.8239999999999998
0.8246666666666669
0.8253333333333335
0.8260000000000001
0.8266666666666667
0.8273333333333333
0.8279999999999998
0.8286666666666669
0.8293333333333335
0.8300000000000001
0.8306666666666667
0.8313333333333333
0.8319999999999999
0.8326666666666669
0.8333333333333335
0.8340000000000001
0.8346666666666667
0.8353333333333333
0.8359999999999999
0.8366666666666664
0.8373333333333335
0.8380000000000001
0.8386666666666667
0.8393333333333333
0.8399999999999999
0.8406666666666665
0.8413333333333335
0.8420000000000001
0.8426666666666667
0.8433333333333333
0.8439999999999999
0.8446666666666665
0.8453333333333335
0.8460000000000001
0.8466666666666667
0.8473333333333333
0.8479999999999999
0.8486666666666665
0.8493333333333335
0.8500000000000001
0.8506666666666667
0.8513333333333333
0.8519999999999999
0.8526666666666665
0.8533333333333335
0.8540000000000001
0.8546666666666667
0.8553333333333333
0.8559999999999999
0.8566666666666665
0.8573333333333335
0.8580000000000001
0.8586666666666667
0.8593333333333333
0.8599999999999999
0.8606666666666665
0.8613333333333335
0.8620000000000001
0.8626666666666667
0.8633333333333333
0.8639999999999999
0.8646666666666665
0.8653333333333335
0.8660000000000001
0.8666666666666667
0.8673333333333333
0.8679999999999999
0.8686666666666665
0.8693333333333335
0.8700000000000001
0.8706666666666667
0.8713333333333333
0.8719999999999999
0.8726666666666665
0.8733333333333335
0.8740000000000001
0.8746666666666667
0.8753333333333333
0.8759999999999999
0.8766666666666665
0.8773333333333335
0.8780000000000001
0.8786666666666667
0.8793333333333333
0.8799999999999999
0.8806666666666665
0.8813333333333335
0.8820000000000001
0.8826666666666667
0.8833333333333333
0.8839999999999999
0.8846666666666665
0.8853333333333335
0.8860000000000001
0.8866666666666667
0.8873333333333333
0.8879999999999999
0.8886666666666665
0.8893333333333335
0.8900000000000001
0.8906666666666667
0.8913333333333333
0.8919999999999999
0.8926666666666665
0.8933333333333335
0.8940000000000001
0.8946666666666667
0.8953333333333333
0.8959999999999999
0.8966666666666665
0.8973333333333335
0.8980000000000001
0.8986666666666667
0.8993333333333333
0.8999999999999999
0.9006666666666665
0.9013333333333335
0.9020000000000001
0.9026666666666667
0.9033333333333333
0.9039999999999999
0.9046666666666665
0.9053333333333335
0.9060000000000001
0.9066666666666667
0.9073333333333333
0.9079999999999999
0.9086666666666665
0.9093333333333335
0.9100000000000001
0.9106666666666667
0.9113333333333333
0.9119999999999999
0.9126666666666665
0.9133333333333336
0.9140000000000001
0.9146666666666667
0.9153333333333333
0.9159999999999999
0.9166666666666665
0.9173333333333331
0.9180000000000001
0.9186666666666667
0.9193333333333333
0.9199999999999999
0.9206666666666665
0.9213333333333331
0.9220000000000002
0.9226666666666667
0.9233333333333333
0.9239999999999999
0.9246666666666665
0.9253333333333331
0.9260000000000002
0.9266666666666667
0.9273333333333333
0.9279999999999999
0.9286666666666665
0.9293333333333331
0.9300000000000002
0.9306666666666668
0.9313333333333333
0.9319999999999999
0.9326666666666665
0.9333333333333331
0.9340000000000002
0.9346666666666668
0.9353333333333333
0.9359999999999999
0.9366666666666665
0.9373333333333331
0.9380000000000002
0.9386666666666668
0.9393333333333334
0.94
0.9406666666666665
0.9413333333333331
0.9420000000000002
0.9426666666666668
0.9433333333333334
0.944
0.9446666666666665
0.9453333333333331
0.9460000000000002
0.9466666666666668
0.9473333333333334
0.948
0.9486666666666665
0.9493333333333331
0.9500000000000002
0.9506666666666668
0.9513333333333334
0.952
0.9526666666666666
0.9533333333333331
0.9540000000000002
0.9546666666666668
0.9553333333333334
0.956
0.9566666666666666
0.9573333333333331
0.9580000000000002
0.9586666666666668
0.9593333333333334
0.96
0.9606666666666666
0.9613333333333332
0.9620000000000002
0.9626666666666668
0.9633333333333334
0.964
0.9646666666666666
0.9653333333333332
0.9660000000000002
0.9666666666666668
0.9673333333333334
0.968
0.9686666666666666
0.9693333333333332
0.9700000000000002
0.9706666666666668
0.9713333333333334
0.972
0.9726666666666666
0.9733333333333332
0.9740000000000002
0.9746666666666668
0.9753333333333334
0.976
0.9766666666666666
0.9773333333333332
0.9780000000000002
0.9786666666666668
0.9793333333333334
0.98
0.9806666666666666
0.9813333333333332
0.9820000000000002
0.9826666666666668
0.9833333333333334
0.984
0.9846666666666666
0.9853333333333332
0.9860000000000002
0.9866666666666668
0.9873333333333334
0.988
0.9886666666666666
0.9893333333333332
0.9900000000000002
0.9906666666666668
0.9913333333333334
0.992
0.9926666666666666
0.9933333333333332
0.9940000000000002
0.9946666666666668
0.9953333333333334
0.996
0.9966666666666666
0.9973333333333332
0.9980000000000002
0.9986666666666668
0.9993333333333334
0.0
0.0006666666666665932
0.0013333333333331865
0.0019999999999997797
0.002666666666666817
0.0033333333333334103
0.0040000000000000036
0.004666666666666597
0.00533333333333319
0.005999999999999783
0.006666666666666821
0.007333333333333414
0.008000000000000007
0.0086666666666666
0.009333333333333194
0.009999999999999787
0.010666666666666824
0.011333333333333417
0.01200000000000001
0.012666666666666604
0.013333333333333197
0.01399999999999979
0.014666666666666828
0.015333333333333421
0.016000000000000014
0.016666666666666607
0.0173333333333332
0.017999999999999794
0.01866666666666683
0.019333333333333425
0.020000000000000018
0.02066666666666661
0.021333333333333204
0.021999999999999797
0.022666666666666835
0.023333333333333428
0.02400000000000002
0.024666666666666615
0.025333333333333208
0.0259999999999998
0.02666666666666684
0.02733333333333343
0.028000000000000025
0.028666666666666618
0.02933333333333321
0.029999999999999805
0.030666666666666842
0.031333333333333435
0.03200000000000003
0.03266666666666662
0.033333333333333215
0.03399999999999981
0.034666666666666845
0.03533333333333344
0.03600000000000003
0.036666666666666625
0.03733333333333322
0.03799999999999981
0.03866666666666685
0.03933333333333344
0.040000000000000036
0.04066666666666663
0.04133333333333322
0.041999999999999815
0.04266666666666685
0.043333333333333446
0.04400000000000004
0.04466666666666663
0.045333333333333226
0.04599999999999982
0.046666666666666856
0.04733333333333345
0.04800000000000004
0.048666666666666636
0.04933333333333323
0.04999999999999982
0.05066666666666686
0.05133333333333345
0.052000000000000046
0.05266666666666664
0.05333333333333323
0.053999999999999826
0.05466666666666686
0.055333333333333456
0.05600000000000005
0.05666666666666664
0.057333333333333236
0.05799999999999983
0.05866666666666687
0.05933333333333346
0.06000000000000005
0.06066666666666665
0.06133333333333324
0.06199999999999983
0.06266666666666687
0.06333333333333346
0.06400000000000006
0.06466666666666665
0.06533333333333324
0.06599999999999984
0.06666666666666687
0.06733333333333347
0.06800000000000006
0.06866666666666665
0.06933333333333325
0.06999999999999984
0.07066666666666688
0.07133333333333347
0.07200000000000006
0.07266666666666666
0.07333333333333325
0.07399999999999984
0.07466666666666688
0.07533333333333347
0.07600000000000007
0.07666666666666666
0.07733333333333325
0.07799999999999985
0.07866666666666688
0.07933333333333348
0.08000000000000007
0.08066666666666666
0.08133333333333326
0.08199999999999985
0.08266666666666689
0.08333333333333348
0.08400000000000007
0.08466666666666667
0.08533333333333326
0.08599999999999985
0.08666666666666645
0.08733333333333348
0.08800000000000008
0.08866666666666667
0.08933333333333326
0.08999999999999986
0.09066666666666645
0.09133333333333349
0.09200000000000008
0.09266666666666667
0.09333333333333327
0.09399999999999986
0.09466666666666645
0.09533333333333349
0.09600000000000009
0.09666666666666668
0.09733333333333327
0.09799999999999986
0.09866666666666646
0.0993333333333335
0.10000000000000009
0.10066666666666668
0.10133333333333328
0.10199999999999987
0.10266666666666646
0.1033333333333335
0.10400000000000009
0.10466666666666669
0.10533333333333328
0.10599999999999987
0.10666666666666647
0.1073333333333335
0.1080000000000001
0.10866666666666669
0.10933333333333328
0.10999999999999988
0.11066666666666647
0.1113333333333335
0.1120000000000001
0.11266666666666669
0.11333333333333329
0.11399999999999988
0.11466666666666647
0.11533333333333351
0.1160000000000001
0.1166666666666667
0.11733333333333329
0.11799999999999988
0.11866666666666648
0.11933333333333351
0.1200000000000001
0.1206666666666667
0.1213333333333333
0.12199999999999989
0.12266666666666648
0.12333333333333352
0.12400000000000011
0.1246666666666667
0.1253333333333333
0.1259999999999999
0.12666666666666648
0.12733333333333352
0.1280000000000001
0.1286666666666667
0.1293333333333333
0.1299999999999999
0.1306666666666665
0.13133333333333352
0.13200000000000012
0.1326666666666667
0.1333333333333333
0.1339999999999999
0.1346666666666665
0.13533333333333353
0.13600000000000012
0.13666666666666671
0.1373333333333333
0.1379999999999999
0.1386666666666665
0.13933333333333353
0.14000000000000012
0.14066666666666672
0.1413333333333333
0.1419999999999999
0.1426666666666665
0.14333333333333353
0.14400000000000013
0.14466666666666672
0.14533333333333331
0.1459999999999999
0.1466666666666665
0.14733333333333354
0.14800000000000013
0.14866666666666672
0.14933333333333332
0.1499999999999999
0.1506666666666665
0.15133333333333354
0.15200000000000014
0.15266666666666673
0.15333333333333332
0.15399999999999991
0.1546666666666665
0.15533333333333355
0.15600000000000014
0.15666666666666673
0.15733333333333333
0.15799999999999992
0.1586666666666665
0.15933333333333355
0.16000000000000014
0.16066666666666674
0.16133333333333333
0.16199999999999992
0.16266666666666652
0.16333333333333355
0.16400000000000015
0.16466666666666674
0.16533333333333333
0.16599999999999993
0.16666666666666652
0.1673333333333331
0.16800000000000015
0.16866666666666674
0.16933333333333334
0.16999999999999993
0.17066666666666652
0.17133333333333312
0.17200000000000015
0.17266666666666675
0.17333333333333334
0.17399999999999993
0.17466666666666653
0.17533333333333312
0.17600000000000016
0.17666666666666675
0.17733333333333334
0.17799999999999994
0.17866666666666653
0.17933333333333312
0.18000000000000016
0.18066666666666675
0.18133333333333335
0.18199999999999994
0.18266666666666653
0.18333333333333313
0.18400000000000016
0.18466666666666676
0.18533333333333335
0.18599999999999994
0.18666666666666654
0.18733333333333313
0.18800000000000017
0.18866666666666676
0.18933333333333335
0.18999999999999995
0.19066666666666654
0.19133333333333313
0.19200000000000017
0.19266666666666676
0.19333333333333336
0.19399999999999995
0.19466666666666654
0.19533333333333314
0.19600000000000017
0.19666666666666677
0.19733333333333336
0.19799999999999995
0.19866666666666655
0.19933333333333314
0.20000000000000018
0.20066666666666677
0.20133333333333336
0.20199999999999996
0.20266666666666655
0.20333333333333314
0.20400000000000018
0.20466666666666677
0.20533333333333337
0.20599999999999996
0.20666666666666655
0.20733333333333315
0.20800000000000018
0.20866666666666678
0.20933333333333337
0.20999999999999996
0.21066666666666656
0.21133333333333315
0.2120000000000002
0.21266666666666678
0.21333333333333337
0.21399999999999997
0.21466666666666656
0.21533333333333315
0.2160000000000002
0.21666666666666679
0.21733333333333338
0.21799999999999997
0.21866666666666656
0.21933333333333316
0.2200000000000002
0.2206666666666668
0.22133333333333338
0.22199999999999998
0.22266666666666657
0.22333333333333316
0.2240000000000002
0.2246666666666668
0.22533333333333339
0.22599999999999998
0.22666666666666657
0.22733333333333317
0.2280000000000002
0.2286666666666668
0.2293333333333334
0.22999999999999998
0.23066666666666658
0.23133333333333317
0.2320000000000002
0.2326666666666668
0.2333333333333334
0.23399999999999999
0.23466666666666658
0.23533333333333317
0.2360000000000002
0.2366666666666668
0.2373333333333334
0.238
0.23866666666666658
0.23933333333333318
0.2400000000000002
0.2406666666666668
0.2413333333333334
0.242
0.2426666666666666
0.24333333333333318
0.24400000000000022
0.2446666666666668
0.2453333333333334
0.246
0.2466666666666666
0.24733333333333318
0.24800000000000022
0.2486666666666668
0.2493333333333334
0.25
0.2506666666666666
0.2513333333333332
0.2519999999999998
0.2526666666666668
0.2533333333333334
0.254
0.2546666666666666
0.2553333333333332
0.2559999999999998
0.2566666666666668
0.2573333333333334
0.258
0.2586666666666666
0.2593333333333332
0.2599999999999998
0.2606666666666668
0.2613333333333334
0.262
0.2626666666666666
0.2633333333333332
0.2639999999999998
0.2646666666666668
0.2653333333333334
0.266
0.2666666666666666
0.2673333333333332
0.2679999999999998
0.26866666666666683
0.2693333333333334
0.27
0.2706666666666666
0.2713333333333332
0.2719999999999998
0.27266666666666683
0.27333333333333343
0.274
0.2746666666666666
0.2753333333333332
0.2759999999999998
0.27666666666666684
0.27733333333333343
0.278
0.2786666666666666
0.2793333333333332
0.2799999999999998
0.28066666666666684
0.28133333333333344
0.28200000000000003
0.2826666666666666
0.2833333333333332
0.2839999999999998
0.28466666666666685
0.28533333333333344
0.28600000000000003
0.2866666666666666
0.2873333333333332
0.2879999999999998
0.28866666666666685
0.28933333333333344
0.29000000000000004
0.29066666666666663
0.2913333333333332
0.2919999999999998
0.29266666666666685
0.29333333333333345
0.29400000000000004
0.29466666666666663
0.2953333333333332
0.2959999999999998
0.29666666666666686
0.29733333333333345
0.29800000000000004
0.29866666666666664
0.29933333333333323
0.2999999999999998
0.30066666666666686
0.30133333333333345
0.30200000000000005
0.30266666666666664
0.30333333333333323
0.3039999999999998
0.30466666666666686
0.30533333333333346
0.30600000000000005
0.30666666666666664
0.30733333333333324
0.30799999999999983
0.30866666666666687
0.30933333333333346
0.31000000000000005
0.31066666666666665
0.31133333333333324
0.31199999999999983
0.31266666666666687
0.31333333333333346
0.31400000000000006
0.31466666666666665
0.31533333333333324
0.31599999999999984
0.3166666666666669
0.31733333333333347
0.31800000000000006
0.31866666666666665
0.31933333333333325
0.31999999999999984
0.3206666666666669
0.32133333333333347
0.32200000000000006
0.32266666666666666
0.32333333333333325
0.32399999999999984
0.3246666666666669
0.3253333333333335
0.32600000000000007
0.32666666666666666
0.32733333333333325
0.32799999999999985
0.3286666666666669
0.3293333333333335
0.33000000000000007
0.33066666666666666
0.33133333333333326
0.33199999999999985
0.3326666666666669
