100	336	4772867	4773108	237	242	88.48	NC_003197.2	NC_011993
337	5009	1	4673	4673	4673	82.06	NC_003197.2	NC_011993
7576	9300	7709	9438	1725	1730	84.69	NC_003197.2	NC_011993
9376	10769	9659	11051	1394	1393	81.27	NC_003197.2	NC_011993
11423	14734	11718	15024	3312	3307	88.82	NC_003197.2	NC_011993
52225	56292	21967	26027	4068	4061	85.80	NC_003197.2	NC_011993
56558	57158	26281	26881	601	601	87.02	NC_003197.2	NC_011993
57341	58747	27011	28416	1407	1406	84.17	NC_003197.2	NC_011993
73887	74819	29815	30746	933	932	81.71	NC_003197.2	NC_011993
75716	80265	31057	35605	4550	4549	89.06	NC_003197.2	NC_011993
85509	88241	40844	43570	2733	2727	86.36	NC_003197.2	NC_011993
88456	92029	43775	47349	3574	3575	80.83	NC_003197.2	NC_011993
98255	100579	48849	51173	2325	2325	81.56	NC_003197.2	NC_011993
100774	101318	51364	51905	545	542	84.95	NC_003197.2	NC_011993
101434	109226	52548	60333	7793	7786	84.50	NC_003197.2	NC_011993
109331	112941	60461	64071	3611	3611	84.69	NC_003197.2	NC_011993
117228	121473	66615	70826	4246	4212	83.69	NC_003197.2	NC_011993
123425	127640	74667	78865	4216	4199	80.58	NC_003197.2	NC_011993
129061	133958	80063	84965	4898	4903	83.66	NC_003197.2	NC_011993
139631	157927	90525	108759	18297	18235	84.90	NC_003197.2	NC_011993
158120	158256	108902	109036	137	135	91.24	NC_003197.2	NC_011993
158576	161388	109373	112185	2813	2813	85.00	NC_003197.2	NC_011993
162268	163596	112748	114076	1329	1329	81.42	NC_003197.2	NC_011993
163912	165392	114391	115875	1481	1485	81.70	NC_003197.2	NC_011993
175065	182432	126827	134205	7368	7379	89.62	NC_003197.2	NC_011993
185659	188455	136361	139144	2797	2784	88.38	NC_003197.2	NC_011993
194214	196396	139731	141913	2183	2183	85.20	NC_003197.2	NC_011993
196727	197673	142208	143154	947	947	80.02	NC_003197.2	NC_011993
198242	201353	143850	146961	3112	3112	83.29	NC_003197.2	NC_011993
201463	203875	147053	149466	2413	2414	83.69	NC_003197.2	NC_011993
215970	217004	164730	165763	1035	1034	84.47	NC_003197.2	NC_011993
220845	223433	169556	172156	2589	2601	83.62	NC_003197.2	NC_011993
223685	223912	172334	172562	228	229	87.77	NC_003197.2	NC_011993
225542	227174	174246	175880	1633	1635	80.11	NC_003197.2	NC_011993
228837	229697	177468	178328	861	861	81.23	NC_003197.2	NC_011993
237219	238546	178391	179717	1328	1327	85.84	NC_003197.2	NC_011993
240071	245886	181298	187056	5816	5759	82.09	NC_003197.2	NC_011993
246067	247226	187239	188398	1160	1160	83.45	NC_003197.2	NC_011993
249311	252829	189181	192701	3519	3521	81.75	NC_003197.2	NC_011993
253288	255029	192984	194642	1742	1659	86.81	NC_003197.2	NC_011993
255161	259178	194653	198624	4018	3972	85.45	NC_003197.2	NC_011993
259302	264025	198624	203345	4724	4722	86.30	NC_003197.2	NC_011993
264456	274005	203797	213354	9550	9558	86.90	NC_003197.2	NC_011993
280048	281638	217449	219007	1591	1559	80.01	NC_003197.2	NC_011993
282470	291775	220785	230015	9306	9231	87.53	NC_003197.2	NC_011993
288877	290769	4283833	4285729	1893	1897	97.52	NC_003197.2	NC_011993
288944	291775	3472101	3469334	2832	2768	94.75	NC_003197.2	NC_011993
289032	290769	3987688	3989426	1738	1739	97.36	NC_003197.2	NC_011993
289032	291775	4103438	4106103	2744	2666	94.07	NC_003197.2	NC_011993
289032	290769	4243822	4245559	1738	1738	97.19	NC_003197.2	NC_011993
289032	290769	2711451	2709713	1738	1739	97.30	NC_003197.2	NC_011993
291113	291775	3989610	3990272	663	663	97.29	NC_003197.2	NC_011993
291113	291775	4245743	4246405	663	663	97.29	NC_003197.2	NC_011993
291113	291775	4285913	4286575	663	663	97.13	NC_003197.2	NC_011993
291113	291775	2709529	2708867	663	663	97.29	NC_003197.2	NC_011993
291884	292504	4286582	4287202	621	621	99.03	NC_003197.2	NC_011993
291884	292504	230022	230642	621	621	99.03	NC_003197.2	NC_011993
291884	292504	4246412	4247032	621	621	99.03	NC_003197.2	NC_011993
291884	292504	3469327	3468707	621	621	99.03	NC_003197.2	NC_011993
291884	292504	4106110	4106730	621	621	99.03	NC_003197.2	NC_011993
291884	292504	3990279	3990899	621	621	99.03	NC_003197.2	NC_011993
291884	292504	2708860	2708240	621	621	99.03	NC_003197.2	NC_011993
294514	294649	4289027	4289162	136	136	98.53	NC_003197.2	NC_011993
294764	295873	232577	233683	1110	1107	82.06	NC_003197.2	NC_011993
299692	304344	236307	240942	4653	4636	82.33	NC_003197.2	NC_011993
352597	355860	277645	280908	3264	3264	85.60	NC_003197.2	NC_011993
356058	357665	281098	282705	1608	1608	83.36	NC_003197.2	NC_011993
360974	363140	291670	293848	2167	2179	82.71	NC_003197.2	NC_011993
366190	368281	296895	298989	2092	2095	82.17	NC_003197.2	NC_011993
368404	368877	299115	299588	474	474	82.95	NC_003197.2	NC_011993
418956	423575	368801	373413	4620	4613	83.69	NC_003197.2	NC_011993
423678	424697	393518	394538	1020	1021	81.98	NC_003197.2	NC_011993
425022	425245	394876	395098	224	223	88.50	NC_003197.2	NC_011993
426983	428268	396848	398133	1286	1286	87.15	NC_003197.2	NC_011993
430317	431600	400144	401424	1284	1281	82.02	NC_003197.2	NC_011993
442930	444865	412652	414586	1936	1935	81.57	NC_003197.2	NC_011993
444951	446075	414931	416055	1125	1125	78.74	NC_003197.2	NC_011993
451554	456007	421453	425905	4454	4453	83.60	NC_003197.2	NC_011993
458905	460618	427921	429633	1714	1713	82.95	NC_003197.2	NC_011993
460785	465212	429662	434091	4428	4430	87.80	NC_003197.2	NC_011993
467758	468563	434799	435601	806	803	82.55	NC_003197.2	NC_011993
469298	472714	436334	439748	3417	3415	82.58	NC_003197.2	NC_011993
473601	479318	440588	446299	5718	5712	84.38	NC_003197.2	NC_011993
486232	487712	446356	447836	1481	1481	81.49	NC_003197.2	NC_011993
493353	498233	450114	454996	4881	4883	89.07	NC_003197.2	NC_011993
500867	503862	457637	460629	2996	2993	88.62	NC_003197.2	NC_011993
503994	508516	460636	465162	4523	4527	89.94	NC_003197.2	NC_011993
508640	511559	465187	468106	2920	2920	81.45	NC_003197.2	NC_011993
522279	524555	477610	479889	2277	2280	81.09	NC_003197.2	NC_011993
528133	528828	483404	484095	696	692	85.22	NC_003197.2	NC_011993
529209	534363	484525	489680	5155	5156	85.15	NC_003197.2	NC_011993
535796	537871	491116	493191	2076	2076	82.10	NC_003197.2	NC_011993
540019	545804	494499	500308	5786	5810	84.36	NC_003197.2	NC_011993
545940	546689	500384	501133	750	750	87.14	NC_003197.2	NC_011993
546839	547852	501186	502199	1014	1014	81.71	NC_003197.2	NC_011993
550369	552041	504771	506443	1673	1673	82.74	NC_003197.2	NC_011993
558659	560464	514179	515985	1806	1807	85.04	NC_003197.2	NC_011993
564020	565750	523077	524808	1731	1732	82.24	NC_003197.2	NC_011993
575823	581017	530856	536051	5195	5196	80.01	NC_003197.2	NC_011993
582359	583800	536153	537595	1442	1443	79.77	NC_003197.2	NC_011993
588414	591579	542235	545386	3166	3152	80.05	NC_003197.2	NC_011993
592878	594286	546688	548096	1409	1409	82.22	NC_003197.2	NC_011993
596064	597715	550264	551915	1652	1652	81.36	NC_003197.2	NC_011993
597761	600523	552380	555143	2763	2764	84.01	NC_003197.2	NC_011993
601882	602363	555219	555700	482	482	80.50	NC_003197.2	NC_011993
602516	603656	555832	556971	1141	1140	84.84	NC_003197.2	NC_011993
639892	640787	580142	581037	896	896	80.13	NC_003197.2	NC_011993
647243	647581	588763	589101	339	339	84.71	NC_003197.2	NC_011993
650801	652455	592246	593901	1655	1656	80.82	NC_003197.2	NC_011993
658358	663382	599627	604641	5025	5015	83.17	NC_003197.2	NC_011993
670350	671035	611441	612126	686	686	91.11	NC_003197.2	NC_011993
671180	672833	612201	613853	1654	1653	83.18	NC_003197.2	NC_011993
680896	682372	616295	617771	1477	1477	83.04	NC_003197.2	NC_011993
683308	687661	618705	623062	4354	4358	82.07	NC_003197.2	NC_011993
692798	693616	628360	629174	819	815	84.04	NC_003197.2	NC_011993
694424	695994	629983	631567	1571	1585	82.72	NC_003197.2	NC_011993
697316	699961	632452	635099	2646	2648	83.48	NC_003197.2	NC_011993
700863	704765	635944	639846	3903	3903	84.20	NC_003197.2	NC_011993
708887	711808	642751	645672	2922	2922	86.83	NC_003197.2	NC_011993
725561	729843	646336	650629	4283	4294	82.91	NC_003197.2	NC_011993
730191	736431	653080	659195	6241	6116	83.49	NC_003197.2	NC_011993
737954	738872	660093	661009	919	917	92.68	NC_003197.2	NC_011993
740898	747203	663158	669465	6306	6308	83.83	NC_003197.2	NC_011993
747314	749092	678650	680425	1779	1776	88.48	NC_003197.2	NC_011993
749347	751312	680667	682641	1966	1975	82.67	NC_003197.2	NC_011993
756413	761397	682742	687726	4985	4985	84.39	NC_003197.2	NC_011993
764340	764707	3107751	3108118	368	368	82.61	NC_003197.2	NC_011993
764211	765453	689932	691174	1243	1243	83.35	NC_003197.2	NC_011993
773979	774414	699607	700041	436	435	83.14	NC_003197.2	NC_011993
795975	801216	709727	714921	5242	5195	87.13	NC_003197.2	NC_011993
801726	805811	715458	719549	4086	4092	87.21	NC_003197.2	NC_011993
805879	807934	719741	721795	2056	2055	90.18	NC_003197.2	NC_011993
809275	812386	724235	727348	3112	3114	87.71	NC_003197.2	NC_011993
813043	814817	727801	729575	1775	1775	85.48	NC_003197.2	NC_011993
815885	818105	730694	732911	2221	2218	88.00	NC_003197.2	NC_011993
818227	818856	733036	733665	630	630	87.94	NC_003197.2	NC_011993
818960	819142	733674	733854	183	181	97.81	NC_003197.2	NC_011993
818968	819267	733886	734184	300	299	96.01	NC_003197.2	NC_011993
819350	819513	734167	734329	164	163	93.98	NC_003197.2	NC_011993
823564	824832	737908	739177	1269	1270	83.97	NC_003197.2	NC_011993
836366	841695	739337	744645	5330	5309	82.74	NC_003197.2	NC_011993
844539	845579	746445	747481	1041	1037	81.91	NC_003197.2	NC_011993
845739	848507	747641	750409	2769	2769	81.41	NC_003197.2	NC_011993
850360	851703	758432	759775	1344	1344	82.05	NC_003197.2	NC_011993
859054	861220	761913	764079	2167	2167	82.90	NC_003197.2	NC_011993
870377	872680	770315	772617	2304	2303	82.81	NC_003197.2	NC_011993
876694	880723	775611	779643	4030	4033	80.67	NC_003197.2	NC_011993
885456	886778	784273	785595	1323	1323	86.24	NC_003197.2	NC_011993
887122	889241	786265	788384	2120	2120	81.86	NC_003197.2	NC_011993
891799	894298	796058	798554	2500	2497	80.07	NC_003197.2	NC_011993
894749	896159	799010	800420	1411	1411	84.98	NC_003197.2	NC_011993
896263	897102	800518	801360	840	843	86.51	NC_003197.2	NC_011993
899301	900099	803479	804275	799	797	85.09	NC_003197.2	NC_011993
901937	902708	806113	806882	772	770	83.48	NC_003197.2	NC_011993
904020	906670	808208	810858	2651	2651	85.07	NC_003197.2	NC_011993
908020	908742	811027	811749	723	723	93.50	NC_003197.2	NC_011993
910382	911250	811916	811047	869	870	79.45	NC_003197.2	NC_011993
911349	914417	811979	815047	3069	3069	84.64	NC_003197.2	NC_011993
942551	944480	839787	841717	1930	1931	82.80	NC_003197.2	NC_011993
945758	947474	842973	844692	1717	1720	78.72	NC_003197.2	NC_011993
958906	961973	852436	855503	3068	3068	83.97	NC_003197.2	NC_011993
993617	994430	1209430	1210243	814	814	78.13	NC_003197.2	NC_011993
997803	998521	1212951	1213669	719	719	78.16	NC_003197.2	NC_011993
997803	998518	1591419	1590704	716	716	78.49	NC_003197.2	NC_011993
1006357	1011252	857150	862043	4896	4894	80.01	NC_003197.2	NC_011993
1011983	1014773	862749	865539	2791	2791	84.35	NC_003197.2	NC_011993
1021741	1024980	873872	877113	3240	3242	86.03	NC_003197.2	NC_011993
1030286	1030687	888342	888747	402	406	90.02	NC_003197.2	NC_011993
1032374	1036296	890406	894333	3923	3928	79.84	NC_003197.2	NC_011993
1036399	1038305	894436	896347	1907	1912	85.60	NC_003197.2	NC_011993
1043773	1045159	901655	903041	1387	1387	87.82	NC_003197.2	NC_011993
1045499	1049261	903383	907145	3763	3763	83.27	NC_003197.2	NC_011993
1047706	1048456	1640399	1641149	751	751	82.58	NC_003197.2	NC_011993
1052696	1053425	909353	910082	730	730	84.79	NC_003197.2	NC_011993
1055033	1058490	910213	913666	3458	3454	91.19	NC_003197.2	NC_011993
1055108	1056523	3309691	3311106	1416	1416	77.59	NC_003197.2	NC_011993
1058809	1060511	913986	915688	1703	1703	82.69	NC_003197.2	NC_011993
1064819	1067963	920032	923176	3145	3145	93.18	NC_003197.2	NC_011993
1070345	1073083	925535	928276	2739	2742	81.94	NC_003197.2	NC_011993
1075510	1084638	930645	939759	9129	9115	83.33	NC_003197.2	NC_011993
1084993	1085142	940027	940173	150	147	92.67	NC_003197.2	NC_011993
1087081	1088202	942037	943159	1122	1123	84.64	NC_003197.2	NC_011993
1088409	1089810	943354	944755	1402	1402	82.57	NC_003197.2	NC_011993
1090752	1091122	945694	946060	371	367	86.79	NC_003197.2	NC_011993
1091479	1092987	946396	947904	1509	1509	86.30	NC_003197.2	NC_011993
1096853	1098196	947987	949330	1344	1344	81.80	NC_003197.2	NC_011993
1144008	1146731	949316	952038	2724	2723	83.82	NC_003197.2	NC_011993
1146850	1153880	956617	963653	7031	7037	82.47	NC_003197.2	NC_011993
1155989	1159283	965877	969141	3295	3265	81.76	NC_003197.2	NC_011993
1160913	1162203	970775	972054	1291	1280	90.33	NC_003197.2	NC_011993
1169555	1171901	979404	981749	2347	2346	81.86	NC_003197.2	NC_011993
1175188	1175440	983638	983386	253	253	87.01	NC_003197.2	NC_011993
1208146	1213458	1055672	1060985	5313	5314	82.43	NC_003197.2	NC_011993
1214233	1215199	1065004	1065971	967	968	81.48	NC_003197.2	NC_011993
1224692	1224963	1074185	1074454	272	270	87.23	NC_003197.2	NC_011993
1224692	1224825	886482	886614	134	133	91.79	NC_003197.2	NC_011993
1229666	1230678	1079154	1080165	1013	1012	81.00	NC_003197.2	NC_011993
1230958	1231916	1080437	1081401	959	965	81.46	NC_003197.2	NC_011993
1236225	1240411	1085809	1089996	4187	4188	83.22	NC_003197.2	NC_011993
1247635	1248274	1097352	1097991	640	640	83.97	NC_003197.2	NC_011993
1248630	1250217	1098347	1099935	1588	1589	80.69	NC_003197.2	NC_011993
1251739	1253052	1101466	1102778	1314	1313	82.88	NC_003197.2	NC_011993
1260577	1261526	1110007	1110955	950	949	81.49	NC_003197.2	NC_011993
1261786	1262583	1111373	1112170	798	798	86.59	NC_003197.2	NC_011993
1269920	1273073	1119397	1122549	3154	3153	86.02	NC_003197.2	NC_011993
1274506	1281666	1122692	1129836	7161	7145	85.54	NC_003197.2	NC_011993
1282176	1282424	1130342	1130590	249	249	84.80	NC_003197.2	NC_011993
1286202	1287843	1134369	1136007	1642	1639	87.53	NC_003197.2	NC_011993
1292482	1294177	1140636	1142329	1696	1694	83.15	NC_003197.2	NC_011993
1294273	1295749	1142570	1144046	1477	1477	84.72	NC_003197.2	NC_011993
1298789	1301062	1147096	1149368	2274	2273	83.90	NC_003197.2	NC_011993
1302553	1307576	1151984	1157003	5024	5020	82.39	NC_003197.2	NC_011993
1311191	1314620	1160301	1163729	3430	3429	84.08	NC_003197.2	NC_011993
1319505	1323211	1167317	1170973	3707	3657	82.75	NC_003197.2	NC_011993
1323857	1325626	1171278	1173047	1770	1770	85.45	NC_003197.2	NC_011993
1361823	1363996	1838365	1836197	2174	2169	86.48	NC_003197.2	NC_011993
1368633	1370735	1833342	1831239	2103	2104	88.32	NC_003197.2	NC_011993
1374626	1380107	1818491	1812972	5482	5520	81.84	NC_003197.2	NC_011993
1382073	1383153	1802831	1801752	1081	1080	81.00	NC_003197.2	NC_011993
1391109	1393559	1793041	1790593	2451	2449	83.80	NC_003197.2	NC_011993
1397610	1399150	1786563	1785023	1541	1541	82.02	NC_003197.2	NC_011993
1400065	1402265	1784315	1782116	2201	2200	80.99	NC_003197.2	NC_011993
1405090	1407029	1779281	1777344	1940	1938	80.04	NC_003197.2	NC_011993
1412083	1415398	1775535	1772218	3316	3318	91.72	NC_003197.2	NC_011993
1415627	1419366	1771840	1768102	3740	3739	86.48	NC_003197.2	NC_011993
1425356	1427474	1762372	1760252	2119	2121	80.93	NC_003197.2	NC_011993
1427633	1430135	1760096	1757595	2503	2502	86.23	NC_003197.2	NC_011993
1436694	1439430	1751205	1748469	2737	2737	80.78	NC_003197.2	NC_011993
1444813	1445010	1743342	1743146	198	197	93.94	NC_003197.2	NC_011993
1445175	1446408	1742984	1741751	1234	1234	79.61	NC_003197.2	NC_011993
1459323	1461615	1730734	1728441	2293	2294	87.83	NC_003197.2	NC_011993
1501638	1501876	1719618	1719386	239	233	90.79	NC_003197.2	NC_011993
1504226	1505608	1715587	1714203	1383	1385	81.60	NC_003197.2	NC_011993
1507769	1509330	1712038	1710473	1562	1566	82.86	NC_003197.2	NC_011993
1510785	1511002	1707613	1707397	218	217	83.56	NC_003197.2	NC_011993
1511183	1511617	1707214	1706781	435	434	86.24	NC_003197.2	NC_011993
1512175	1512848	1705929	1705254	674	676	83.60	NC_003197.2	NC_011993
1519757	1520286	1698362	1697832	530	531	84.05	NC_003197.2	NC_011993
1521952	1525662	1696165	1692453	3711	3713	82.08	NC_003197.2	NC_011993
1525980	1528159	1692150	1689972	2180	2179	81.67	NC_003197.2	NC_011993
1532249	1535268	1685750	1682731	3020	3020	80.90	NC_003197.2	NC_011993
1541845	1543790	1666193	1664249	1946	1945	82.35	NC_003197.2	NC_011993
1554887	1555241	1656185	1655831	355	355	86.76	NC_003197.2	NC_011993
1556876	1558616	1654196	1652456	1741	1741	83.24	NC_003197.2	NC_011993
1559669	1560164	1651553	1651060	496	494	80.68	NC_003197.2	NC_011993
1564985	1567270	1646156	1643872	2286	2285	80.83	NC_003197.2	NC_011993
1573735	1574452	906328	905611	718	718	86.63	NC_003197.2	NC_011993
1597124	1598021	1566289	1565391	898	899	85.22	NC_003197.2	NC_011993
1648898	1653499	1517181	1512581	4602	4601	86.54	NC_003197.2	NC_011993
1664892	1665663	1293714	1294482	772	769	81.55	NC_003197.2	NC_011993
1662958	1666317	1507452	1504093	3360	3360	83.16	NC_003197.2	NC_011993
1667049	1667339	1503361	1503071	291	291	83.33	NC_003197.2	NC_011993
1711364	1711595	1461511	1461279	232	233	89.70	NC_003197.2	NC_011993
1731336	1736020	1453186	1448502	4685	4685	82.84	NC_003197.2	NC_011993
1747047	1748192	1421427	1420282	1146	1146	86.13	NC_003197.2	NC_011993
1749890	1751135	1418508	1417263	1246	1246	81.41	NC_003197.2	NC_011993
1754299	1756218	1412245	1410322	1920	1924	84.36	NC_003197.2	NC_011993
1776175	1778768	1401444	1398851	2594	2594	80.71	NC_003197.2	NC_011993
1783761	1788953	1379115	1373923	5193	5193	81.37	NC_003197.2	NC_011993
1792115	1792918	1365914	1365111	804	804	86.32	NC_003197.2	NC_011993
1794274	1796258	1363837	1361853	1985	1985	82.93	NC_003197.2	NC_011993
1801473	1803088	1356625	1355013	1616	1613	81.80	NC_003197.2	NC_011993
1804082	1807544	1354045	1350575	3463	3471	80.89	NC_003197.2	NC_011993
1809784	1812690	1348525	1345630	2907	2896	85.77	NC_003197.2	NC_011993
1816774	1818759	1339600	1337613	1986	1988	83.34	NC_003197.2	NC_011993
1819205	1822637	1337166	1333735	3433	3432	83.56	NC_003197.2	NC_011993
1831589	1832057	1326354	1325898	469	457	83.80	NC_003197.2	NC_011993
1835588	1839506	1321682	1317757	3919	3926	81.56	NC_003197.2	NC_011993
1843057	1845801	1314269	1311527	2745	2743	90.50	NC_003197.2	NC_011993
1847168	1847691	1308958	1308435	524	524	90.27	NC_003197.2	NC_011993
1847821	1848803	1308293	1307312	983	982	85.86	NC_003197.2	NC_011993
1848926	1850021	1307189	1306094	1096	1096	79.64	NC_003197.2	NC_011993
1850650	1851217	1305464	1304895	568	570	80.21	NC_003197.2	NC_011993
1851366	1852648	1304747	1303464	1283	1284	85.15	NC_003197.2	NC_011993
1852821	1852942	1303462	1303341	122	122	98.36	NC_003197.2	NC_011993
1852843	1852938	1303559	1303463	96	97	98.97	NC_003197.2	NC_011993
1855485	1862256	1296165	1289391	6772	6775	85.61	NC_003197.2	NC_011993
1861780	1862150	1509359	1509729	371	371	84.14	NC_003197.2	NC_011993
1870410	1872384	1279834	1277862	1975	1973	82.67	NC_003197.2	NC_011993
1873178	1875891	1277065	1274349	2714	2717	83.57	NC_003197.2	NC_011993
1875993	1877473	1274349	1272866	1481	1484	82.63	NC_003197.2	NC_011993
1877602	1882903	1272852	1267545	5302	5308	83.75	NC_003197.2	NC_011993
1890355	1891303	989514	990459	949	946	83.77	NC_003197.2	NC_011993
1904230	1905818	1245681	1244095	1589	1587	85.62	NC_003197.2	NC_011993
1905880	1906709	1243917	1243088	830	830	84.87	NC_003197.2	NC_011993
1911946	1912263	1235170	1234853	318	318	84.33	NC_003197.2	NC_011993
1912457	1913896	1234671	1233232	1440	1440	85.91	NC_003197.2	NC_011993
1917937	1920899	1854716	1857679	2963	2964	82.65	NC_003197.2	NC_011993
1923233	1923851	1860759	1861376	619	618	84.19	NC_003197.2	NC_011993
1926498	1928079	1863995	1865573	1582	1579	81.81	NC_003197.2	NC_011993
1928188	1931715	1865673	1869209	3528	3537	84.11	NC_003197.2	NC_011993
1935471	1936007	1871119	1871655	537	537	92.19	NC_003197.2	NC_011993
1937951	1938570	1873557	1874176	620	620	83.90	NC_003197.2	NC_011993
1940054	1944055	1876370	1880380	4002	4011	83.62	NC_003197.2	NC_011993
1945227	1946647	1881553	1882973	1421	1421	80.45	NC_003197.2	NC_011993
1968048	1968193	1887779	1887924	146	146	96.58	NC_003197.2	NC_011993
1971011	1971722	1890738	1891448	712	711	80.53	NC_003197.2	NC_011993
1976939	1979311	1896790	1899161	2373	2372	82.60	NC_003197.2	NC_011993
1979525	1981243	1899375	1901095	1719	1721	85.14	NC_003197.2	NC_011993
1981478	1982319	1901324	1902165	842	842	84.32	NC_003197.2	NC_011993
1982431	1983916	1902266	1903751	1486	1486	84.73	NC_003197.2	NC_011993
1985077	1986961	1904973	1906860	1885	1888	84.60	NC_003197.2	NC_011993
1987090	1988972	1906977	1908859	1883	1883	81.36	NC_003197.2	NC_011993
1993790	1994987	1912076	1913272	1198	1197	85.57	NC_003197.2	NC_011993
1995104	1997014	1913279	1915188	1911	1910	86.30	NC_003197.2	NC_011993
1997202	2000784	1915362	1918944	3583	3583	81.35	NC_003197.2	NC_011993
2000939	2001618	1922970	1923649	680	680	81.23	NC_003197.2	NC_011993
2002486	2004332	1924485	1926333	1847	1849	84.99	NC_003197.2	NC_011993
2008207	2011474	1926771	1930035	3268	3265	81.61	NC_003197.2	NC_011993
2011627	2014621	1930203	1933193	2995	2991	82.26	NC_003197.2	NC_011993
2018790	2022135	1937357	1940709	3346	3353	81.47	NC_003197.2	NC_011993
2029255	2029886	1950245	1950871	632	627	80.88	NC_003197.2	NC_011993
2035279	2039020	1953390	1957135	3742	3746	85.37	NC_003197.2	NC_011993
2035583	2035658	4532165	4532090	76	76	100.00	NC_003197.2	NC_011993
2035583	2035658	4532054	4531979	76	76	100.00	NC_003197.2	NC_011993
2035583	2035658	4531942	4531867	76	76	100.00	NC_003197.2	NC_011993
2039262	2039861	1957372	1957972	600	601	81.89	NC_003197.2	NC_011993
2044745	2045516	1962727	1963498	772	772	86.92	NC_003197.2	NC_011993
2053745	2055234	1970169	1971658	1490	1490	82.76	NC_003197.2	NC_011993
2057594	2061742	1978292	1982419	4149	4128	81.21	NC_003197.2	NC_011993
2067219	2068379	1987793	1988952	1161	1160	82.10	NC_003197.2	NC_011993
2082169	2082377	2006591	2006804	209	214	92.99	NC_003197.2	NC_011993
2083218	2083325	2051771	2051878	108	108	94.44	NC_003197.2	NC_011993
2083225	2083326	2047662	2047561	102	102	95.10	NC_003197.2	NC_011993
2083244	2083326	2049388	2049470	83	83	100.00	NC_003197.2	NC_011993
2083152	2083326	2007579	2007753	175	175	84.66	NC_003197.2	NC_011993
2084191	2084295	2051774	2051878	105	105	98.10	NC_003197.2	NC_011993
2085955	2086251	1493302	1493006	297	297	97.31	NC_003197.2	NC_011993
2094089	2094290	2047498	2047698	202	201	87.38	NC_003197.2	NC_011993
2094154	2094258	2051878	2051774	105	105	98.10	NC_003197.2	NC_011993
2094153	2094237	2049470	2049386	85	85	98.82	NC_003197.2	NC_011993
2094152	2094257	2007753	2007649	106	105	97.17	NC_003197.2	NC_011993
2116773	2119673	2086740	2089638	2901	2899	83.82	NC_003197.2	NC_011993
2145822	2147748	2106663	2108585	1927	1923	88.30	NC_003197.2	NC_011993
2149337	2150513	2110879	2112054	1177	1176	85.85	NC_003197.2	NC_011993
2150612	2156702	2112056	2118140	6091	6085	82.98	NC_003197.2	NC_011993
2159357	2160781	2120910	2122334	1425	1425	85.27	NC_003197.2	NC_011993
2178982	2179920	2129234	2130172	939	939	84.38	NC_003197.2	NC_011993
2185571	2188435	2136319	2139183	2865	2865	82.12	NC_003197.2	NC_011993
2188502	2193722	2139333	2144550	5221	5218	82.55	NC_003197.2	NC_011993
2195081	2196377	2145907	2147203	1297	1297	84.00	NC_003197.2	NC_011993
2199325	2200451	2150154	2151280	1127	1127	83.08	NC_003197.2	NC_011993
2201363	2202880	2152195	2153712	1518	1518	84.34	NC_003197.2	NC_011993
2203230	2204878	2154045	2155694	1649	1650	82.76	NC_003197.2	NC_011993
2205998	2208292	2156796	2159073	2295	2278	83.09	NC_003197.2	NC_011993
2215504	2217598	2170534	2172628	2095	2095	81.51	NC_003197.2	NC_011993
2229591	2231214	2186037	2187660	1624	1624	85.17	NC_003197.2	NC_011993
2236130	2238072	2197345	2199297	1943	1953	82.63	NC_003197.2	NC_011993
2241888	2241967	2204017	2204096	80	80	98.75	NC_003197.2	NC_011993
2248463	2251228	2211690	2214422	2766	2733	84.65	NC_003197.2	NC_011993
2255725	2256579	2233327	2234180	855	854	84.46	NC_003197.2	NC_011993
2261196	2263539	2238797	2241139	2344	2343	82.92	NC_003197.2	NC_011993
2279028	2280050	2250798	2251820	1023	1023	81.27	NC_003197.2	NC_011993
2281345	2281956	2253077	2253688	612	612	80.81	NC_003197.2	NC_011993
2283938	2286466	2255835	2258363	2529	2529	85.10	NC_003197.2	NC_011993
2298905	2300478	2266169	2267742	1574	1574	85.03	NC_003197.2	NC_011993
2303608	2307490	2277677	2281563	3883	3887	83.29	NC_003197.2	NC_011993
2310607	2311282	2283264	2283939	676	676	86.39	NC_003197.2	NC_011993
2319485	2320197	2293561	2294273	713	713	82.26	NC_003197.2	NC_011993
2322253	2322347	2296330	2296424	95	95	98.95	NC_003197.2	NC_011993
2322482	2326760	2296501	2300777	4279	4277	82.65	NC_003197.2	NC_011993
2327473	2330145	2300872	2303534	2673	2663	82.79	NC_003197.2	NC_011993
2330289	2330871	2303681	2304261	583	581	81.60	NC_003197.2	NC_011993
2353627	2354766	2312507	2313644	1140	1138	84.44	NC_003197.2	NC_011993
2354896	2359043	2313649	2317796	4148	4148	84.60	NC_003197.2	NC_011993
2365334	2365735	2325879	2326277	402	399	81.73	NC_003197.2	NC_011993
2366037	2367020	2326570	2327554	984	985	84.19	NC_003197.2	NC_011993
2369437	2370643	2329983	2331189	1207	1207	86.66	NC_003197.2	NC_011993
2373747	2376401	2351183	2353837	2655	2655	86.72	NC_003197.2	NC_011993
2381397	2383685	2359229	2361517	2289	2289	87.03	NC_003197.2	NC_011993
2383797	2385179	2361706	2363088	1383	1383	86.19	NC_003197.2	NC_011993
2388567	2389981	2365041	2366454	1415	1414	87.07	NC_003197.2	NC_011993
2413005	2415238	2389103	2391336	2234	2234	83.39	NC_003197.2	NC_011993
2424353	2427346	2398659	2401652	2994	2994	89.15	NC_003197.2	NC_011993
2427657	2439880	2401813	2414066	12224	12254	88.60	NC_003197.2	NC_011993
2441886	2443153	2416063	2417330	1268	1268	83.71	NC_003197.2	NC_011993
2445986	2451355	2420130	2425498	5370	5369	86.59	NC_003197.2	NC_011993
2451594	2453089	2425706	2427201	1496	1496	83.22	NC_003197.2	NC_011993
2458439	2459213	2427268	2428040	775	773	83.89	NC_003197.2	NC_011993
2474329	2476519	2437325	2439513	2191	2189	85.99	NC_003197.2	NC_011993
2477941	2482809	2441145	2446053	4869	4909	83.16	NC_003197.2	NC_011993
2488620	2490935	2449273	2451587	2316	2315	84.99	NC_003197.2	NC_011993
2492095	2497310	2452825	2458040	5216	5216	82.74	NC_003197.2	NC_011993
2497410	2498043	2465372	2465997	634	626	82.39	NC_003197.2	NC_011993
2498243	2499617	2466196	2467570	1375	1375	80.39	NC_003197.2	NC_011993
2501738	2502652	2469695	2470609	915	915	86.54	NC_003197.2	NC_011993
2503651	2504665	2471642	2472658	1015	1017	83.89	NC_003197.2	NC_011993
2504854	2505689	2472842	2473677	836	836	81.60	NC_003197.2	NC_011993
2505815	2505899	2473803	2473887	85	85	96.47	NC_003197.2	NC_011993
2515630	2515769	2493958	2494097	140	140	87.23	NC_003197.2	NC_011993
2516053	2517322	2494392	2495660	1270	1269	84.41	NC_003197.2	NC_011993
2523735	2525059	2508773	2510097	1325	1325	82.26	NC_003197.2	NC_011993
2525172	2526505	2510203	2511536	1334	1334	86.89	NC_003197.2	NC_011993
2528936	2529014	2514094	2514172	79	79	100.00	NC_003197.2	NC_011993
2529050	2529132	2513975	2514057	83	83	100.00	NC_003197.2	NC_011993
2528903	2529858	2513946	2514894	956	949	83.66	NC_003197.2	NC_011993
2530110	2532269	2515143	2517305	2160	2163	87.56	NC_003197.2	NC_011993
2537911	2541519	2522855	2526462	3609	3608	81.98	NC_003197.2	NC_011993
2541767	2542235	2526722	2527190	469	469	91.06	NC_003197.2	NC_011993
2543090	2547212	2528063	2532182	4123	4120	90.24	NC_003197.2	NC_011993
2552623	2557143	2534548	2539068	4521	4521	86.13	NC_003197.2	NC_011993
2559466	2562087	2543935	2546558	2622	2624	82.05	NC_003197.2	NC_011993
2564064	2571265	2546585	2553783	7202	7199	84.91	NC_003197.2	NC_011993
2572162	2575112	2554730	2557677	2951	2948	83.69	NC_003197.2	NC_011993
2575219	2578953	2557781	2561522	3735	3742	82.16	NC_003197.2	NC_011993
2579990	2582288	2561723	2564021	2299	2299	84.00	NC_003197.2	NC_011993
2582391	2582632	2564142	2564382	242	241	85.66	NC_003197.2	NC_011993
2583357	2585471	2565107	2567221	2115	2115	82.90	NC_003197.2	NC_011993
2593526	2596760	2573070	2576304	3235	3235	82.17	NC_003197.2	NC_011993
2597590	2599048	2577099	2578557	1459	1459	84.26	NC_003197.2	NC_011993
2602119	2606104	2582487	2586510	3986	4024	84.28	NC_003197.2	NC_011993
2609866	2612722	2589875	2592722	2857	2848	84.00	NC_003197.2	NC_011993
2612993	2614246	2592910	2594164	1254	1255	85.14	NC_003197.2	NC_011993
2622806	2627070	2602754	2607018	4265	4265	88.36	NC_003197.2	NC_011993
2651456	2657702	2619338	2625587	6247	6250	85.21	NC_003197.2	NC_011993
2657959	2660003	2625850	2627874	2045	2025	84.71	NC_003197.2	NC_011993
2677650	2680588	2639547	2642489	2939	2943	83.83	NC_003197.2	NC_011993
2680775	2683572	2642576	2645287	2798	2712	86.93	NC_003197.2	NC_011993
2683593	2685318	2645427	2647151	1726	1725	86.92	NC_003197.2	NC_011993
2693679	2695067	2661926	2663316	1389	1391	89.37	NC_003197.2	NC_011993
2700317	2702724	4450420	4448008	2408	2413	83.12	NC_003197.2	NC_011993
2703667	2704046	2664752	2665131	380	380	87.89	NC_003197.2	NC_011993
2706446	2707905	2667614	2669072	1460	1459	80.81	NC_003197.2	NC_011993
2708259	2712525	2669354	2673621	4267	4268	83.15	NC_003197.2	NC_011993
2722064	2728580	2678312	2684826	6517	6515	84.60	NC_003197.2	NC_011993
2741309	2742192	1594103	1594990	884	888	80.38	NC_003197.2	NC_011993
2741309	2742192	1210243	1209356	884	888	80.38	NC_003197.2	NC_011993
2748212	2749481	760328	761597	1270	1270	86.31	NC_003197.2	NC_011993
2777028	2777230	2684780	2684983	203	204	84.54	NC_003197.2	NC_011993
2777543	2780268	2685240	2687967	2726	2728	85.43	NC_003197.2	NC_011993
2782513	2784210	2690194	2691892	1698	1699	84.43	NC_003197.2	NC_011993
2784919	2786473	2692598	2694143	1555	1546	82.61	NC_003197.2	NC_011993
2787621	2794039	2695212	2701624	6419	6413	82.06	NC_003197.2	NC_011993
2796716	2799117	2706461	2708860	2402	2400	98.17	NC_003197.2	NC_011993
2796716	2799117	3992678	3990279	2402	2400	98.17	NC_003197.2	NC_011993
2796716	2799117	4288982	4286582	2402	2401	98.09	NC_003197.2	NC_011993
2796716	2799117	4108509	4106110	2402	2400	98.13	NC_003197.2	NC_011993
2796716	2799117	4248812	4246412	2402	2401	98.09	NC_003197.2	NC_011993
2796716	2799117	3466929	3469327	2402	2399	97.84	NC_003197.2	NC_011993
2796716	2799117	232420	230022	2402	2399	97.92	NC_003197.2	NC_011993
2799227	2801808	3990272	3987691	2582	2582	96.98	NC_003197.2	NC_011993
2799227	2799889	3469334	3469996	663	663	97.13	NC_003197.2	NC_011993
2799227	2801808	2708867	2711448	2582	2582	96.94	NC_003197.2	NC_011993
2799227	2799889	4106103	4105450	663	654	95.63	NC_003197.2	NC_011993
2799227	2799889	230015	229362	663	654	95.63	NC_003197.2	NC_011993
2799227	2801879	4286575	4283923	2653	2653	96.99	NC_003197.2	NC_011993
2799227	2801808	4246405	4243825	2582	2581	96.79	NC_003197.2	NC_011993
2800073	2801879	229086	227280	1807	1807	97.01	NC_003197.2	NC_011993
2800073	2801808	4105174	4103441	1736	1734	96.84	NC_003197.2	NC_011993
2800073	2801879	3470272	3472078	1807	1807	97.29	NC_003197.2	NC_011993
2802119	2809404	2711744	2719033	7286	7290	84.69	NC_003197.2	NC_011993
2810358	2812646	2719103	2721392	2289	2290	84.08	NC_003197.2	NC_011993
2814874	2816997	2724323	2726433	2124	2111	92.66	NC_003197.2	NC_011993
2817203	2820830	2726462	2730091	3628	3630	85.33	NC_003197.2	NC_011993
2821600	2825407	2730158	2733965	3808	3808	83.84	NC_003197.2	NC_011993
2826442	2826959	2734882	2735398	518	517	83.20	NC_003197.2	NC_011993
2843904	2844381	2735575	2736053	478	479	95.22	NC_003197.2	NC_011993
2849006	2851286	2741463	2743743	2281	2281	85.02	NC_003197.2	NC_011993
2855032	2857998	2746558	2749524	2967	2967	83.26	NC_003197.2	NC_011993
2858172	2859434	2750267	2751529	1263	1263	86.02	NC_003197.2	NC_011993
2859842	2861972	2751563	2753692	2131	2130	86.95	NC_003197.2	NC_011993
2862493	2866754	2754189	2758444	4262	4256	87.14	NC_003197.2	NC_011993
2868697	2868845	2759346	2759494	149	149	89.33	NC_003197.2	NC_011993
2869694	2872628	2760533	2763467	2935	2935	85.85	NC_003197.2	NC_011993
2873389	2873799	2764219	2764629	411	411	86.89	NC_003197.2	NC_011993
2873915	2874416	2764745	2765245	502	501	82.87	NC_003197.2	NC_011993
2875198	2876108	2765332	2766243	911	912	84.32	NC_003197.2	NC_011993
2876709	2877816	2766849	2767955	1108	1107	81.14	NC_003197.2	NC_011993
2928022	2928152	289850	289720	131	131	92.37	NC_003197.2	NC_011993
2937986	2939365	2770177	2771550	1380	1374	81.95	NC_003197.2	NC_011993
2947404	2947708	2779319	2779621	305	303	83.01	NC_003197.2	NC_011993
2955788	2957179	2787569	2788961	1392	1393	84.47	NC_003197.2	NC_011993
2961060	2964509	2793633	2797082	3450	3450	83.92	NC_003197.2	NC_011993
2966272	2969648	2797144	2800519	3377	3376	82.32	NC_003197.2	NC_011993
2970175	2970453	2800663	2800943	279	281	93.24	NC_003197.2	NC_011993
2970200	2970417	2800968	2801187	218	220	95.45	NC_003197.2	NC_011993
2970200	2974026	2800829	2804669	3827	3841	87.80	NC_003197.2	NC_011993
2974856	2976600	2805344	2807084	1745	1741	86.96	NC_003197.2	NC_011993
2981620	2983497	2811667	2813543	1878	1877	84.89	NC_003197.2	NC_011993
2984993	2986279	2815033	2816320	1287	1288	85.02	NC_003197.2	NC_011993
2991740	3003489	2826066	2837725	11750	11660	84.60	NC_003197.2	NC_011993
3065498	3067407	2852530	2854436	1910	1907	89.44	NC_003197.2	NC_011993
3067869	3071959	2854871	2858963	4091	4093	83.26	NC_003197.2	NC_011993
3073086	3076197	2860090	2863194	3112	3105	81.36	NC_003197.2	NC_011993
3088233	3092321	2864170	2868256	4089	4087	85.40	NC_003197.2	NC_011993
3096563	3097276	2880397	2881110	714	714	82.24	NC_003197.2	NC_011993
3097371	3101404	2884852	2888890	4034	4039	89.15	NC_003197.2	NC_011993
3102893	3106854	2889633	2893595	3962	3963	82.11	NC_003197.2	NC_011993
3110540	3114677	2896248	2900384	4138	4137	84.67	NC_003197.2	NC_011993
3120751	3122599	2906406	2908254	1849	1849	85.64	NC_003197.2	NC_011993
3132771	3135786	2918398	2921417	3016	3020	84.34	NC_003197.2	NC_011993
3141020	3141258	2925430	2925671	239	242	91.46	NC_003197.2	NC_011993
3141068	3141149	2925698	2925779	82	82	100.00	NC_003197.2	NC_011993
3141369	3144179	2960507	2963316	2811	2810	82.52	NC_003197.2	NC_011993
3157920	3159839	2977035	2978955	1920	1921	84.10	NC_003197.2	NC_011993
3161647	3162933	2980697	2981985	1287	1289	85.06	NC_003197.2	NC_011993
3170021	3170495	2988775	2989244	475	470	82.64	NC_003197.2	NC_011993
3197428	3197868	3000170	3000609	441	440	85.94	NC_003197.2	NC_011993
3199224	3203750	3034661	3039173	4527	4513	84.30	NC_003197.2	NC_011993
3206181	3206773	3041582	3042174	593	593	83.67	NC_003197.2	NC_011993
3209314	3210746	3044555	3045987	1433	1433	87.38	NC_003197.2	NC_011993
3212065	3215051	3046075	3049061	2987	2987	87.70	NC_003197.2	NC_011993
3215179	3216902	3049144	3050863	1724	1720	85.29	NC_003197.2	NC_011993
3220981	3222902	3054842	3056771	1922	1930	84.95	NC_003197.2	NC_011993
3223285	3224618	3057162	3058488	1334	1327	85.16	NC_003197.2	NC_011993
3229513	3230621	3065513	3066620	1109	1108	92.97	NC_003197.2	NC_011993
3230698	3233129	3066811	3069243	2432	2433	87.94	NC_003197.2	NC_011993
3236397	3238562	3078669	3080833	2166	2165	88.55	NC_003197.2	NC_011993
3239524	3240522	3081901	3082900	999	1000	86.51	NC_003197.2	NC_011993
3248863	3252855	3083765	3087762	3993	3998	86.05	NC_003197.2	NC_011993
3253220	3257881	3088073	3092726	4662	4654	83.23	NC_003197.2	NC_011993
3258051	3259088	3092792	3093829	1038	1038	82.79	NC_003197.2	NC_011993
3260848	3264199	3094898	3098248	3352	3351	81.82	NC_003197.2	NC_011993
3267492	3270046	3101620	3104180	2555	2561	85.43	NC_003197.2	NC_011993
3271291	3275088	3105356	3109138	3798	3783	80.68	NC_003197.2	NC_011993
3275880	3276230	3109906	3110256	351	351	82.62	NC_003197.2	NC_011993
3276129	3276230	4503025	4502924	102	102	99.02	NC_003197.2	NC_011993
3308328	3314168	3174601	3180440	5841	5840	86.40	NC_003197.2	NC_011993
3319584	3320488	3184369	3185273	905	905	82.10	NC_003197.2	NC_011993
3322242	3322990	3187027	3187775	749	749	84.18	NC_003197.2	NC_011993
3329004	3331175	3192584	3194752	2172	2169	85.41	NC_003197.2	NC_011993
3334484	3336836	3202502	3204855	2353	2354	81.46	NC_003197.2	NC_011993
3336997	3339215	3204994	3207212	2219	2219	85.89	NC_003197.2	NC_011993
3343991	3349885	3222232	3228135	5895	5904	84.48	NC_003197.2	NC_011993
3357860	3358715	3241523	3242376	856	854	86.71	NC_003197.2	NC_011993
3362585	3365535	3246110	3249060	2951	2951	81.30	NC_003197.2	NC_011993
3367004	3367142	3250431	3250569	139	139	89.21	NC_003197.2	NC_011993
3367696	3370405	3251123	3253839	2710	2717	82.10	NC_003197.2	NC_011993
3370572	3372542	3254086	3256056	1971	1971	84.25	NC_003197.2	NC_011993
3372819	3374372	3260308	3261869	1554	1562	88.25	NC_003197.2	NC_011993
3376387	3378256	3263806	3265669	1870	1864	90.80	NC_003197.2	NC_011993
3378915	3379086	3266281	3266452	172	172	88.95	NC_003197.2	NC_011993
3384656	3386068	3270217	3271629	1413	1413	83.44	NC_003197.2	NC_011993
3392053	3393186	3288606	3289737	1134	1132	83.57	NC_003197.2	NC_011993
3397887	3399454	3300587	3302153	1568	1567	80.30	NC_003197.2	NC_011993
3400019	3401384	3302875	3304240	1366	1366	82.37	NC_003197.2	NC_011993
3406445	3408859	3309688	3312102	2415	2415	83.91	NC_003197.2	NC_011993
3410038	3412399	3313241	3315605	2362	2365	84.53	NC_003197.2	NC_011993
3414775	3415246	3317683	3318160	472	478	96.23	NC_003197.2	NC_011993
3432411	3434207	3336901	3338698	1797	1798	85.94	NC_003197.2	NC_011993
3434933	3436922	3339418	3341405	1990	1988	83.59	NC_003197.2	NC_011993
3438293	3442152	3343327	3347176	3860	3850	83.39	NC_003197.2	NC_011993
3442261	3443343	3347189	3348270	1083	1082	84.78	NC_003197.2	NC_011993
3444793	3453448	3348392	3357043	8656	8652	89.39	NC_003197.2	NC_011993
3453617	3458687	3357162	3362211	5071	5050	89.98	NC_003197.2	NC_011993
3458506	3458586	2925780	2925700	81	81	98.77	NC_003197.2	NC_011993
3458510	3458586	2925666	2925590	77	77	100.00	NC_003197.2	NC_011993
3458510	3458586	2925556	2925480	77	77	100.00	NC_003197.2	NC_011993
3458810	3460267	3362335	3363794	1458	1460	85.34	NC_003197.2	NC_011993
3461722	3474372	3365854	3378402	12651	12549	85.48	NC_003197.2	NC_011993
3476883	3487938	3380865	3391917	11056	11053	83.46	NC_003197.2	NC_011993
3488942	3493997	3392807	3397867	5056	5061	81.31	NC_003197.2	NC_011993
3494248	3500422	3398119	3404298	6175	6180	86.47	NC_003197.2	NC_011993
3510217	3511411	3411407	3412600	1195	1194	88.20	NC_003197.2	NC_011993
3512345	3513469	3412715	3413840	1125	1126	95.92	NC_003197.2	NC_011993
3514565	3515268	3414855	3415559	704	705	88.37	NC_003197.2	NC_011993
3515724	3517954	3416012	3418236	2231	2225	80.21	NC_003197.2	NC_011993
3526714	3528504	3418330	3420141	1791	1812	83.99	NC_003197.2	NC_011993
3529958	3534234	3421142	3425416	4277	4275	81.21	NC_003197.2	NC_011993
3534357	3535816	3425544	3427003	1460	1460	82.76	NC_003197.2	NC_011993
3539853	3541501	3431012	3432660	1649	1649	85.57	NC_003197.2	NC_011993
3541650	3542432	3432809	3433591	783	783	82.65	NC_003197.2	NC_011993
3542533	3545956	3433740	3437161	3424	3422	86.05	NC_003197.2	NC_011993
3549772	3551933	3439790	3441954	2162	2165	86.84	NC_003197.2	NC_011993
3552042	3554617	3450635	3453210	2576	2576	83.19	NC_003197.2	NC_011993
3555186	3556629	3453447	3454890	1444	1444	93.91	NC_003197.2	NC_011993
3561309	3563868	3457321	3459880	2560	2560	80.59	NC_003197.2	NC_011993
3564851	3565123	3708346	3708618	273	273	79.35	NC_003197.2	NC_011993
3566592	3568812	3466477	3468695	2221	2219	96.86	NC_003197.2	NC_011993
3566868	3568812	232598	230654	1945	1945	97.33	NC_003197.2	NC_011993
3566871	3572159	3992854	3987691	5289	5164	94.79	NC_003197.2	NC_011993
3566871	3572317	4289158	4283835	5447	5324	94.91	NC_003197.2	NC_011993
3566871	3568812	4108685	4106742	1942	1944	97.18	NC_003197.2	NC_011993
3566871	3572159	2706285	2711448	5289	5164	94.77	NC_003197.2	NC_011993
3566871	3572159	4248988	4243825	5289	5164	94.70	NC_003197.2	NC_011993
3570424	3572316	229086	227193	1893	1894	97.20	NC_003197.2	NC_011993
3573334	3576192	3473181	3476041	2859	2861	80.41	NC_003197.2	NC_011993
3576779	3578228	3476628	3478074	1450	1447	83.72	NC_003197.2	NC_011993
3578917	3596720	3478763	3496563	17804	17801	93.57	NC_003197.2	NC_011993
3598258	3603036	3513212	3517990	4779	4779	94.90	NC_003197.2	NC_011993
3598307	3599492	4254190	4253005	1186	1186	97.64	NC_003197.2	NC_011993
3603459	3604712	3518416	3519669	1254	1254	82.71	NC_003197.2	NC_011993
3604822	3606166	3519669	3521009	1345	1341	83.06	NC_003197.2	NC_011993
3606321	3609590	3521024	3524291	3270	3268	83.93	NC_003197.2	NC_011993
3609729	3611736	3524297	3526300	2008	2004	85.17	NC_003197.2	NC_011993
3612750	3616546	3526380	3530133	3797	3754	82.42	NC_003197.2	NC_011993
3620471	3620856	3534099	3534484	386	386	82.17	NC_003197.2	NC_011993
3622070	3623205	3535688	3536823	1136	1136	83.71	NC_003197.2	NC_011993
3623348	3626422	3536965	3540040	3075	3076	86.98	NC_003197.2	NC_011993
3626642	3628851	3540119	3542332	2210	2214	83.48	NC_003197.2	NC_011993
3636255	3639600	3550428	3553773	3346	3346	84.91	NC_003197.2	NC_011993
3640532	3642911	3554622	3557011	2380	2390	84.49	NC_003197.2	NC_011993
3646490	3649240	3560495	3563243	2751	2749	83.74	NC_003197.2	NC_011993
3649318	3650244	3563389	3564312	927	924	83.42	NC_003197.2	NC_011993
3652340	3654376	3566408	3568447	2037	2040	84.33	NC_003197.2	NC_011993
3656375	3658193	3570414	3572234	1819	1821	84.11	NC_003197.2	NC_011993
3658314	3663464	3572357	3577501	5151	5145	86.02	NC_003197.2	NC_011993
3664855	3666420	3578060	3579625	1566	1566	83.52	NC_003197.2	NC_011993
3668486	3668891	3581362	3581767	406	406	81.80	NC_003197.2	NC_011993
3669052	3670025	3581928	3582901	974	974	85.03	NC_003197.2	NC_011993
3670162	3672924	3583025	3585734	2763	2710	80.96	NC_003197.2	NC_011993
3673790	3676143	3586606	3588959	2354	2354	84.23	NC_003197.2	NC_011993
3676762	3679617	3589608	3592462	2856	2855	80.73	NC_003197.2	NC_011993
3681036	3682605	3593186	3594766	1570	1581	82.13	NC_003197.2	NC_011993
3688621	3690014	3598564	3599957	1394	1394	84.72	NC_003197.2	NC_011993
3698925	3710028	3610166	3621190	11104	11025	81.61	NC_003197.2	NC_011993
3710155	3713222	3621736	3624803	3068	3068	85.62	NC_003197.2	NC_011993
3715412	3715572	3626821	3626980	161	160	84.57	NC_003197.2	NC_011993
3723844	3727874	3633559	3637621	4031	4063	83.29	NC_003197.2	NC_011993
3728670	3733876	3637839	3643036	5207	5198	84.25	NC_003197.2	NC_011993
3735884	3739936	3644986	3649036	4053	4051	85.17	NC_003197.2	NC_011993
3740255	3740672	3649401	3649820	418	420	83.57	NC_003197.2	NC_011993
3741261	3742469	3650378	3651578	1209	1201	80.40	NC_003197.2	NC_011993
3746896	3747736	3654447	3655290	841	844	83.49	NC_003197.2	NC_011993
3751846	3754100	3670171	3672425	2255	2255	82.81	NC_003197.2	NC_011993
3755778	3756798	3674097	3675117	1021	1021	79.37	NC_003197.2	NC_011993
3757915	3759989	3677798	3679876	2075	2079	83.59	NC_003197.2	NC_011993
3760594	3761302	3680409	3681123	709	715	85.30	NC_003197.2	NC_011993
3763209	3765879	3682973	3685644	2671	2672	86.04	NC_003197.2	NC_011993
3767633	3769957	3685937	3688228	2325	2292	82.77	NC_003197.2	NC_011993
3782844	3784385	3719912	3721454	1542	1543	82.73	NC_003197.2	NC_011993
3786637	3787062	3723668	3724092	426	425	80.84	NC_003197.2	NC_011993
3787485	3788514	3724517	3725547	1030	1031	83.06	NC_003197.2	NC_011993
3788645	3791742	3725729	3728824	3098	3096	83.01	NC_003197.2	NC_011993
3793906	3795360	3730905	3732359	1455	1455	80.41	NC_003197.2	NC_011993
3797435	3803016	3734365	3739979	5582	5615	80.57	NC_003197.2	NC_011993
3804578	3805033	3741565	3742020	456	456	81.22	NC_003197.2	NC_011993
3808116	3808498	1279911	1280298	383	388	79.43	NC_003197.2	NC_011993
3810357	3814338	3747075	3751056	3982	3982	85.92	NC_003197.2	NC_011993
3814427	3816477	3751296	3753348	2051	2053	84.44	NC_003197.2	NC_011993
3820331	3821544	3753565	3754777	1214	1213	81.68	NC_003197.2	NC_011993
3834748	3835541	3769085	3769876	794	792	82.66	NC_003197.2	NC_011993
3836242	3836714	3770569	3771042	473	474	89.33	NC_003197.2	NC_011993
3840076	3842851	3771944	3774719	2776	2776	90.31	NC_003197.2	NC_011993
3849401	3850463	3785593	3786655	1063	1063	83.07	NC_003197.2	NC_011993
3852676	3853982	3788879	3790185	1307	1307	82.82	NC_003197.2	NC_011993
3855744	3857456	3792069	3793783	1713	1715	82.35	NC_003197.2	NC_011993
3861329	3864671	3797611	3800953	3343	3343	82.68	NC_003197.2	NC_011993
3867985	3869619	3801001	3802634	1635	1634	83.69	NC_003197.2	NC_011993
3874949	3877183	3811132	3813365	2235	2234	86.96	NC_003197.2	NC_011993
3877344	3879151	3813722	3815529	1808	1808	85.41	NC_003197.2	NC_011993
3884318	3885204	3821320	3822206	887	887	84.23	NC_003197.2	NC_011993
3885777	3889495	3822892	3826612	3719	3721	82.87	NC_003197.2	NC_011993
3894130	3901153	3827231	3834327	7024	7097	83.94	NC_003197.2	NC_011993
3902894	3908194	3835810	3841132	5301	5323	83.09	NC_003197.2	NC_011993
3919272	3923144	3850765	3854646	3873	3882	84.68	NC_003197.2	NC_011993
3923438	3928396	3854938	3859843	4959	4906	83.40	NC_003197.2	NC_011993
3932992	3938961	3863616	3869585	5970	5970	86.83	NC_003197.2	NC_011993
3944841	3946577	3881873	3883609	1737	1737	83.60	NC_003197.2	NC_011993
3948525	3948693	3885559	3885728	169	170	95.29	NC_003197.2	NC_011993
3952035	3952823	3886060	3886849	789	790	88.99	NC_003197.2	NC_011993
3986144	3991231	3895526	3900592	5088	5067	83.20	NC_003197.2	NC_011993
3995629	3996501	3901979	3902851	873	873	85.70	NC_003197.2	NC_011993
3997088	3997931	3903438	3904281	844	844	84.08	NC_003197.2	NC_011993
3999620	4000885	3904494	3905756	1266	1263	83.54	NC_003197.2	NC_011993
4009346	4010925	3913160	3914736	1580	1577	81.93	NC_003197.2	NC_011993
4023410	4024734	1040653	1039335	1325	1319	83.35	NC_003197.2	NC_011993
4032794	4034119	3920731	3922056	1326	1326	83.95	NC_003197.2	NC_011993
4038868	4042354	3924438	3927924	3487	3487	89.54	NC_003197.2	NC_011993
4042533	4045154	3927955	3930577	2622	2623	86.97	NC_003197.2	NC_011993
4045423	4048091	3930793	3933462	2669	2670	90.95	NC_003197.2	NC_011993
4048225	4049590	3933560	3934925	1366	1366	84.13	NC_003197.2	NC_011993
4057749	4059912	3942007	3944168	2164	2162	82.70	NC_003197.2	NC_011993
4060025	4064745	3952986	3957659	4721	4674	85.97	NC_003197.2	NC_011993
4069048	4072527	3957868	3961319	3480	3452	87.83	NC_003197.2	NC_011993
4073655	4081084	3961550	3968984	7430	7435	92.92	NC_003197.2	NC_011993
4081915	4087403	3969776	3975265	5489	5490	84.58	NC_003197.2	NC_011993
4088243	4089462	3976105	3977324	1220	1220	81.77	NC_003197.2	NC_011993
4089591	4095824	3977328	3983522	6234	6195	83.59	NC_003197.2	NC_011993
4099999	4101735	3472008	3470272	1737	1737	97.41	NC_003197.2	NC_011993
4099999	4103211	4283993	4287202	3213	3210	97.01	NC_003197.2	NC_011993
4099816	4103211	2711631	2708240	3396	3392	96.56	NC_003197.2	NC_011993
4099794	4103211	4243619	4247032	3418	3414	96.52	NC_003197.2	NC_011993
4099042	4105491	3986733	3993096	6450	6364	93.44	NC_003197.2	NC_011993
4101919	4103211	3469996	3468707	1293	1290	97.37	NC_003197.2	NC_011993
4105797	4107061	3993399	3994663	1265	1265	83.22	NC_003197.2	NC_011993
4108668	4111825	3996272	3999430	3158	3159	86.17	NC_003197.2	NC_011993
4111985	4115398	3999494	4002907	3414	3414	85.63	NC_003197.2	NC_011993
4116343	4118867	4002910	4005420	2525	2511	87.80	NC_003197.2	NC_011993
4119760	4126899	4005816	4012874	7140	7059	84.52	NC_003197.2	NC_011993
4127108	4129739	4013093	4015724	2632	2632	79.37	NC_003197.2	NC_011993
4129913	4132861	4015898	4018832	2949	2935	79.57	NC_003197.2	NC_011993
4133273	4136383	4019898	4023008	3111	3111	80.89	NC_003197.2	NC_011993
4136533	4141392	4023158	4028005	4860	4848	82.99	NC_003197.2	NC_011993
4141148	4141234	4737442	4737356	87	87	100.00	NC_003197.2	NC_011993
4141148	4141234	4737327	4737241	87	87	98.85	NC_003197.2	NC_011993
4141148	4141234	4737206	4737120	87	87	100.00	NC_003197.2	NC_011993
4141649	4144816	4031575	4034733	3168	3159	82.47	NC_003197.2	NC_011993
4146166	4148922	4036085	4038849	2757	2765	84.94	NC_003197.2	NC_011993
4151939	4153672	4039585	4041320	1734	1736	82.54	NC_003197.2	NC_011993
4153852	4154928	4041494	4042570	1077	1077	82.75	NC_003197.2	NC_011993
4155535	4157685	4043125	4045275	2151	2151	86.52	NC_003197.2	NC_011993
4157907	4159138	4047193	4048420	1232	1228	90.50	NC_003197.2	NC_011993
4162523	4169616	4052611	4059718	7094	7108	81.68	NC_003197.2	NC_011993
4169774	4172028	4059745	4061999	2255	2255	84.20	NC_003197.2	NC_011993
4174777	4175639	4079024	4079885	863	862	86.79	NC_003197.2	NC_011993
4177253	4180264	4087050	4090064	3012	3015	81.94	NC_003197.2	NC_011993
4180470	4181199	4090143	4090887	730	745	84.20	NC_003197.2	NC_011993
4183177	4185629	4092818	4095226	2453	2409	82.39	NC_003197.2	NC_011993
4188150	4197764	4095665	4105275	9615	9611	87.15	NC_003197.2	NC_011993
4202707	4203623	4109789	4110705	917	917	84.04	NC_003197.2	NC_011993
4206897	4210013	4115595	4118756	3117	3162	81.06	NC_003197.2	NC_011993
4210172	4212556	4118917	4121294	2385	2378	83.81	NC_003197.2	NC_011993
4212647	4215470	4121528	4124352	2824	2825	82.73	NC_003197.2	NC_011993
4215611	4219222	4124393	4128001	3612	3609	89.65	NC_003197.2	NC_011993
4236762	4239451	4142543	4145232	2690	2690	82.65	NC_003197.2	NC_011993
4242290	4248020	4148691	4154418	5731	5728	87.70	NC_003197.2	NC_011993
4245038	4245353	1515378	1515063	316	316	83.33	NC_003197.2	NC_011993
4245853	4247368	1514566	1513051	1516	1516	79.10	NC_003197.2	NC_011993
4256087	4258583	4159309	4161805	2497	2497	81.28	NC_003197.2	NC_011993
4266445	4267173	4165268	4165996	729	729	89.85	NC_003197.2	NC_011993
4268396	4273301	4168174	4173075	4906	4902	85.98	NC_003197.2	NC_011993
4273414	4274496	4173303	4174386	1083	1084	85.25	NC_003197.2	NC_011993
4290278	4292273	4175305	4177298	1996	1994	82.49	NC_003197.2	NC_011993
4292392	4296895	4178293	4182851	4504	4559	82.89	NC_003197.2	NC_011993
4297100	4297365	4183094	4183359	266	266	87.59	NC_003197.2	NC_011993
4297552	4301388	4183410	4187243	3837	3834	86.04	NC_003197.2	NC_011993
4301610	4305343	4187459	4191182	3734	3724	81.16	NC_003197.2	NC_011993
4309146	4313320	4192557	4196743	4175	4187	85.68	NC_003197.2	NC_011993
4318431	4319431	4204424	4205424	1001	1001	84.12	NC_003197.2	NC_011993
4319452	4321782	4205610	4207939	2331	2330	82.90	NC_003197.2	NC_011993
4323775	4326495	4210911	4213631	2721	2721	82.72	NC_003197.2	NC_011993
4327166	4329459	4214302	4216547	2294	2246	82.12	NC_003197.2	NC_011993
4333326	4334850	4220467	4221991	1525	1525	82.19	NC_003197.2	NC_011993
4335266	4337939	4222379	4225052	2674	2674	85.12	NC_003197.2	NC_011993
4338286	4342774	4225332	4229828	4489	4497	81.35	NC_003197.2	NC_011993
4342880	4345443	4232961	4235523	2564	2563	85.04	NC_003197.2	NC_011993
4345544	4349143	4238384	4241970	3600	3587	81.59	NC_003197.2	NC_011993
4349254	4350438	4242081	4243265	1185	1185	82.48	NC_003197.2	NC_011993
4359978	4364303	4252367	4256688	4326	4322	94.69	NC_003197.2	NC_011993
4360617	4361801	3514446	3513262	1185	1185	97.64	NC_003197.2	NC_011993
4364453	4374256	4256714	4266519	9804	9806	93.98	NC_003197.2	NC_011993
4377737	4382561	4267454	4272272	4825	4819	81.40	NC_003197.2	NC_011993
4382800	4387676	4272374	4277256	4877	4883	83.63	NC_003197.2	NC_011993
4390287	4396391	4279745	4285841	6105	6097	89.59	NC_003197.2	NC_011993
4394540	4396206	4103438	4105102	1667	1665	97.06	NC_003197.2	NC_011993
4394540	4396391	4243822	4245671	1852	1850	96.93	NC_003197.2	NC_011993
4394540	4396391	3987688	3989538	1852	1851	97.09	NC_003197.2	NC_011993
4394540	4396391	2711451	2709601	1852	1851	97.03	NC_003197.2	NC_011993
4394452	4396279	3472101	3470272	1828	1830	97.54	NC_003197.2	NC_011993
4394388	4396279	227193	229086	1892	1894	97.26	NC_003197.2	NC_011993
4399804	4399969	3466640	3466477	166	164	93.37	NC_003197.2	NC_011993
4400275	4403193	4289695	4292613	2919	2919	81.64	NC_003197.2	NC_011993
4403555	4404985	4292975	4294403	1431	1429	85.46	NC_003197.2	NC_011993
4405080	4405602	4294612	4295134	523	523	85.69	NC_003197.2	NC_011993
4408333	4412028	4297370	4301064	3696	3695	85.78	NC_003197.2	NC_011993
4438501	4439849	4312383	4313731	1349	1349	81.99	NC_003197.2	NC_011993
4440092	4441821	4314153	4315883	1730	1731	87.76	NC_003197.2	NC_011993
4446763	4449225	4321253	4323715	2463	2463	83.04	NC_003197.2	NC_011993
4450767	4452653	4325282	4327157	1887	1876	85.37	NC_003197.2	NC_011993
4454359	4454882	4329099	4329620	524	522	84.25	NC_003197.2	NC_011993
4456200	4459871	4330996	4334668	3672	3673	84.06	NC_003197.2	NC_011993
4466562	4469120	4339662	4342241	2559	2580	81.86	NC_003197.2	NC_011993
4473236	4476835	4359191	4362803	3600	3613	84.53	NC_003197.2	NC_011993
4504886	4505038	4366064	4366216	153	153	91.61	NC_003197.2	NC_011993
4505948	4509306	4366402	4369765	3359	3364	83.15	NC_003197.2	NC_011993
4509799	4513503	4370199	4373899	3705	3701	82.36	NC_003197.2	NC_011993
4513714	4515808	4374064	4376159	2095	2096	86.42	NC_003197.2	NC_011993
4515941	4519717	4376255	4379961	3777	3707	82.44	NC_003197.2	NC_011993
4525381	4527690	4391658	4393967	2310	2310	89.63	NC_003197.2	NC_011993
4533370	4533636	4426717	4426983	267	267	83.90	NC_003197.2	NC_011993
4538709	4541003	4432061	4434355	2295	2295	83.89	NC_003197.2	NC_011993
4545378	4546882	4437844	4439348	1505	1505	84.52	NC_003197.2	NC_011993
4547129	4548463	4439577	4440911	1335	1335	85.92	NC_003197.2	NC_011993
4566554	4566688	3110295	3110161	135	135	92.70	NC_003197.2	NC_011993
4566587	4566692	4502919	4503023	106	105	99.06	NC_003197.2	NC_011993
4568680	4572655	4504996	4508957	3976	3962	85.85	NC_003197.2	NC_011993
4574659	4576779	4510932	4513052	2121	2121	92.69	NC_003197.2	NC_011993
4576913	4577371	4513073	4513538	459	466	83.26	NC_003197.2	NC_011993
4578563	4580193	4514697	4516328	1631	1632	83.92	NC_003197.2	NC_011993
4582524	4585804	4519098	4522396	3281	3299	87.55	NC_003197.2	NC_011993
4592106	4595356	4528408	4531654	3251	3247	84.15	NC_003197.2	NC_011993
4596668	4596776	4531979	4532086	109	108	98.17	NC_003197.2	NC_011993
4603110	4606250	4538305	4541453	3141	3149	87.46	NC_003197.2	NC_011993
4606408	4614334	4541482	4549414	7927	7933	88.59	NC_003197.2	NC_011993
4623823	4625000	4557975	4559152	1178	1178	84.99	NC_003197.2	NC_011993
4625122	4629986	4559264	4564130	4865	4867	87.81	NC_003197.2	NC_011993
4630422	4631969	4564423	4565970	1548	1548	96.25	NC_003197.2	NC_011993
4633585	4636254	4577035	4579715	2670	2681	83.64	NC_003197.2	NC_011993
4636394	4637116	4579791	4580514	723	724	82.60	NC_003197.2	NC_011993
4639575	4641533	4583082	4585041	1959	1960	81.97	NC_003197.2	NC_011993
4643309	4645177	4586736	4588601	1869	1866	84.48	NC_003197.2	NC_011993
4646031	4651957	4589584	4595510	5927	5927	80.23	NC_003197.2	NC_011993
4654752	4655366	4597506	4598122	615	617	90.60	NC_003197.2	NC_011993
4655513	4658043	4602999	4605530	2531	2532	87.37	NC_003197.2	NC_011993
4681195	4683196	4605702	4607701	2002	2000	86.42	NC_003197.2	NC_011993
4692570	4694746	4608937	4611113	2177	2177	86.91	NC_003197.2	NC_011993
4699964	4702415	4616287	4618738	2452	2452	81.65	NC_003197.2	NC_011993
4703051	4705661	4618943	4621549	2611	2607	83.38	NC_003197.2	NC_011993
4717030	4720358	4631157	4634485	3329	3329	89.76	NC_003197.2	NC_011993
4720466	4722020	4634714	4636268	1555	1555	87.33	NC_003197.2	NC_011993
4722147	4724535	4636269	4638655	2389	2387	86.19	NC_003197.2	NC_011993
4730928	4731114	4646581	4646767	187	187	93.05	NC_003197.2	NC_011993
4752620	4753510	2047176	2046287	891	890	88.69	NC_003197.2	NC_011993
4777090	4777517	4706961	4707389	428	429	82.18	NC_003197.2	NC_011993
4786318	4789745	4715162	4718612	3428	3451	86.17	NC_003197.2	NC_011993
4790469	4791666	4719346	4720540	1198	1195	81.15	NC_003197.2	NC_011993
4810512	4811043	4736978	4737520	532	543	92.10	NC_003197.2	NC_011993
4810879	4810967	4027847	4027759	89	89	100.00	NC_003197.2	NC_011993
4811159	4812403	4737648	4738892	1245	1245	83.11	NC_003197.2	NC_011993
4812513	4815571	4739002	4742055	3059	3054	83.72	NC_003197.2	NC_011993
4815832	4817838	4742306	4744294	2007	1989	82.46	NC_003197.2	NC_011993
4818859	4824915	4745505	4751513	6057	6009	83.00	NC_003197.2	NC_011993
4825158	4825878	4751603	4752323	721	721	89.61	NC_003197.2	NC_011993
4834284	4835677	4756623	4758016	1394	1394	85.87	NC_003197.2	NC_011993
4837177	4840942	4760033	4763796	3766	3764	85.01	NC_003197.2	NC_011993
4841481	4843643	4764350	4766515	2163	2166	81.29	NC_003197.2	NC_011993
4855382	4856564	4770700	4771881	1183	1182	91.72	NC_003197.2	NC_011993
