1	335	4772768	4773108	335	341	98.24	NC_004337.2	NC_011993
336	5468	1	5133	5133	5133	97.51	NC_004337.2	NC_011993
5662	9917	5224	9479	4256	4256	98.19	NC_004337.2	NC_011993
9923	15820	9655	15549	5898	5895	97.64	NC_004337.2	NC_011993
15893	18261	19549	21914	2369	2366	88.99	NC_004337.2	NC_011993
19717	24674	21967	26924	4958	4958	96.65	NC_004337.2	NC_011993
24672	25214	27540	26998	543	543	98.71	NC_004337.2	NC_011993
25217	27629	26974	29387	2413	2414	95.40	NC_004337.2	NC_011993
27675	41626	29815	43797	13952	13983	96.39	NC_004337.2	NC_011993
38577	38663	3813605	3813514	87	92	88.04	NC_004337.2	NC_011993
41611	49629	43898	51914	8019	8017	97.23	NC_004337.2	NC_011993
49717	69078	52563	71840	19362	19278	96.85	NC_004337.2	NC_011993
69058	75434	73648	80024	6377	6377	94.91	NC_004337.2	NC_011993
76696	86940	80065	90307	10245	10243	96.84	NC_004337.2	NC_011993
87709	114684	90299	117270	26976	26972	98.05	NC_004337.2	NC_011993
114672	119904	117496	122728	5233	5233	97.48	NC_004337.2	NC_011993
120175	125987	126896	132720	5813	5825	98.54	NC_004337.2	NC_011993
126135	127630	132751	134246	1496	1496	98.13	NC_004337.2	NC_011993
127630	127856	134418	134643	227	226	86.34	NC_004337.2	NC_011993
127954	136925	134645	143604	8972	8960	96.39	NC_004337.2	NC_011993
136931	147903	143828	154794	10973	10967	95.71	NC_004337.2	NC_011993
149089	156310	162318	169539	7222	7222	96.48	NC_004337.2	NC_011993
156422	181549	169550	194642	25128	25093	97.25	NC_004337.2	NC_011993
181683	183574	194653	196544	1892	1892	99.42	NC_004337.2	NC_011993
183720	216702	196548	229521	32983	32974	98.00	NC_004337.2	NC_011993
214362	216261	4283833	4285733	1900	1901	98.63	NC_004337.2	NC_011993
214430	216702	3472101	3469828	2273	2274	98.86	NC_004337.2	NC_011993
214523	216702	4103440	4105609	2180	2170	98.58	NC_004337.2	NC_011993
216703	220260	3989421	3992978	3558	3558	98.54	NC_004337.2	NC_011993
217060	221250	229521	233708	4191	4188	98.23	NC_004337.2	NC_011993
222677	229916	233697	240948	7240	7252	97.73	NC_004337.2	NC_011993
244877	246520	1025841	1027485	1644	1645	93.69	NC_004337.2	NC_011993
246701	248745	1027771	1029815	2045	2045	96.68	NC_004337.2	NC_011993
252748	261433	407156	398471	8686	8686	97.76	NC_004337.2	NC_011993
261433	262347	398351	397439	915	913	97.92	NC_004337.2	NC_011993
264967	265374	395789	395382	408	408	92.89	NC_004337.2	NC_011993
267481	267999	395388	394870	519	519	97.30	NC_004337.2	NC_011993
268166	272851	394701	390082	4686	4620	94.41	NC_004337.2	NC_011993
274118	278321	339219	335020	4204	4200	97.48	NC_004337.2	NC_011993
287557	294355	276181	282989	6799	6809	97.11	NC_004337.2	NC_011993
294358	295760	283137	284543	1403	1407	90.30	NC_004337.2	NC_011993
295605	307780	284588	296862	12176	12275	95.53	NC_004337.2	NC_011993
308545	311278	296850	299584	2734	2735	97.07	NC_004337.2	NC_011993
311277	311427	306779	306929	151	151	93.38	NC_004337.2	NC_011993
327943	328093	306929	306779	151	151	94.04	NC_004337.2	NC_011993
332850	338221	407154	412521	5372	5368	97.28	NC_004337.2	NC_011993
338585	340802	412513	414727	2218	2215	97.29	NC_004337.2	NC_011993
340692	360456	414750	434523	19765	19774	97.29	NC_004337.2	NC_011993
360595	374547	434523	448475	13953	13953	97.20	NC_004337.2	NC_011993
380428	384812	450077	454461	4385	4385	98.02	NC_004337.2	NC_011993
386882	411070	455084	479290	24189	24207	98.06	NC_004337.2	NC_011993
412497	442988	479279	509761	30492	30483	97.50	NC_004337.2	NC_011993
443023	444562	511121	512660	1540	1540	97.99	NC_004337.2	NC_011993
444633	444979	513063	513409	347	347	98.85	NC_004337.2	NC_011993
445157	450725	513430	518999	5569	5570	96.54	NC_004337.2	NC_011993
450749	459265	520079	528595	8517	8517	96.83	NC_004337.2	NC_011993
459849	465717	528709	534575	5869	5867	96.56	NC_004337.2	NC_011993
466485	468373	541891	543779	1889	1889	97.14	NC_004337.2	NC_011993
468374	470035	548283	549941	1662	1659	96.39	NC_004337.2	NC_011993
469922	471710	550129	551915	1789	1787	95.86	NC_004337.2	NC_011993
471748	476336	552372	556971	4589	4600	97.11	NC_004337.2	NC_011993
479829	480011	557054	557236	183	183	93.99	NC_004337.2	NC_011993
480999	491968	560799	571772	10970	10974	97.20	NC_004337.2	NC_011993
496417	503320	571772	578772	6904	7001	96.29	NC_004337.2	NC_011993
504650	507319	578764	581432	2670	2669	96.30	NC_004337.2	NC_011993
511335	520753	581428	590893	9419	9466	94.84	NC_004337.2	NC_011993
511695	512163	581279	581754	469	476	95.59	NC_004337.2	NC_011993
521520	527978	590884	597360	6459	6477	95.45	NC_004337.2	NC_011993
528087	538619	597366	607859	10533	10494	95.81	NC_004337.2	NC_011993
539869	540979	607857	608967	1111	1111	96.13	NC_004337.2	NC_011993
542213	542456	608969	609212	244	244	87.70	NC_004337.2	NC_011993
543527	547731	610278	614409	4205	4132	94.54	NC_004337.2	NC_011993
549343	558151	614686	623495	8809	8810	98.07	NC_004337.2	NC_011993
559568	576412	751086	734218	16845	16869	97.21	NC_004337.2	NC_011993
576301	576491	2517301	2517110	191	192	98.96	NC_004337.2	NC_011993
576335	576513	734062	733884	179	179	100.00	NC_004337.2	NC_011993
576337	576543	733854	733648	207	207	98.56	NC_004337.2	NC_011993
576414	576491	2517065	2516988	78	78	98.72	NC_004337.2	NC_011993
576416	576491	2516944	2516869	76	76	100.00	NC_004337.2	NC_011993
576627	585860	733665	724408	9234	9258	98.38	NC_004337.2	NC_011993
576627	576703	734184	734108	77	77	100.00	NC_004337.2	NC_011993
592087	594269	721908	719726	2183	2183	98.03	NC_004337.2	NC_011993
594284	598521	719543	715295	4238	4249	97.53	NC_004337.2	NC_011993
598566	603961	715010	709616	5396	5395	97.61	NC_004337.2	NC_011993
608762	616048	709579	702294	7287	7286	95.84	NC_004337.2	NC_011993
616175	618109	702274	700340	1935	1935	93.65	NC_004337.2	NC_011993
624096	643928	700279	680436	19833	19844	96.40	NC_004337.2	NC_011993
644069	645818	680433	678684	1750	1750	97.71	NC_004337.2	NC_011993
645865	652288	669552	663129	6424	6424	97.68	NC_004337.2	NC_011993
652458	653420	663099	662138	963	962	94.91	NC_004337.2	NC_011993
653420	662361	662021	653079	8942	8943	97.34	NC_004337.2	NC_011993
662528	667049	650851	646329	4522	4523	96.62	NC_004337.2	NC_011993
675019	689666	646292	631645	14648	14648	98.23	NC_004337.2	NC_011993
690070	696320	631638	625391	6251	6248	97.76	NC_004337.2	NC_011993
722359	723156	1192357	1193154	798	798	91.35	NC_004337.2	NC_011993
722372	722915	1612662	1612119	544	544	89.52	NC_004337.2	NC_011993
734088	744035	1601087	1591094	9948	9994	91.29	NC_004337.2	NC_011993
739473	741036	1208683	1210246	1564	1564	91.32	NC_004337.2	NC_011993
741221	744035	1210461	1213276	2815	2816	93.26	NC_004337.2	NC_011993
744361	744568	1590853	1590646	208	208	88.94	NC_004337.2	NC_011993
745004	745780	1214178	1214957	777	780	93.47	NC_004337.2	NC_011993
749866	750101	1037334	1037570	236	237	91.67	NC_004337.2	NC_011993
750155	750736	759725	760306	582	582	97.77	NC_004337.2	NC_011993
750733	758387	761594	769248	7655	7655	96.32	NC_004337.2	NC_011993
758538	774886	769245	785593	16349	16349	96.92	NC_004337.2	NC_011993
774883	775293	785789	786201	411	413	90.10	NC_004337.2	NC_011993
775594	781867	786203	792476	6274	6274	97.20	NC_004337.2	NC_011993
781857	783863	792640	794646	2007	2007	96.46	NC_004337.2	NC_011993
785289	789650	794634	798996	4362	4363	97.46	NC_004337.2	NC_011993
789803	801775	799006	810979	11973	11974	97.83	NC_004337.2	NC_011993
803298	808411	811044	816157	5114	5114	96.62	NC_004337.2	NC_011993
808515	825842	816158	833501	17328	17344	97.83	NC_004337.2	NC_011993
827107	836678	833498	843076	9572	9579	98.16	NC_004337.2	NC_011993
838011	846421	843071	851470	8411	8400	97.11	NC_004337.2	NC_011993
846576	851176	851479	856013	4601	4535	96.07	NC_004337.2	NC_011993
853774	864195	856108	866529	10422	10422	96.82	NC_004337.2	NC_011993
865572	865842	2248470	2248199	271	272	92.28	NC_004337.2	NC_011993
865887	866621	866919	867653	735	735	95.92	NC_004337.2	NC_011993
867390	877092	867646	877350	9703	9705	97.80	NC_004337.2	NC_011993
877213	877351	1074180	1074318	139	139	99.28	NC_004337.2	NC_011993
877217	877423	886481	886687	207	207	95.65	NC_004337.2	NC_011993
877533	898405	888348	909301	20873	20954	96.85	NC_004337.2	NC_011993
905848	906310	1618875	1619339	463	465	88.24	NC_004337.2	NC_011993
907586	907840	1621504	1621758	255	255	85.49	NC_004337.2	NC_011993
910882	911073	1624519	1624710	192	192	90.62	NC_004337.2	NC_011993
913108	913272	1625478	1625640	165	163	82.14	NC_004337.2	NC_011993
921552	930141	751074	759743	8590	8670	95.98	NC_004337.2	NC_011993
926289	926418	3901811	3901940	130	130	98.46	NC_004337.2	NC_011993
932716	942503	909306	919160	9788	9855	96.30	NC_004337.2	NC_011993
943933	964649	919151	939871	20717	20721	97.70	NC_004337.2	NC_011993
966076	969553	939860	943336	3478	3477	98.56	NC_004337.2	NC_011993
969725	980046	943336	953623	10322	10288	96.88	NC_004337.2	NC_011993
981378	984301	953619	956541	2924	2923	95.38	NC_004337.2	NC_011993
991735	994749	956617	959630	3015	3014	97.15	NC_004337.2	NC_011993
994895	1008622	959630	973350	13728	13721	97.62	NC_004337.2	NC_011993
1009687	1025529	973567	989412	15843	15846	97.53	NC_004337.2	NC_011993
1025530	1030332	988906	993709	4803	4804	97.71	NC_004337.2	NC_011993
1038600	1043835	993720	998957	5236	5238	96.77	NC_004337.2	NC_011993
1043821	1049573	1037625	1043426	5753	5802	96.61	NC_004337.2	NC_011993
1050341	1050827	1043417	1043903	487	487	95.28	NC_004337.2	NC_011993
1050834	1052239	1044175	1045574	1406	1400	98.08	NC_004337.2	NC_011993
1053499	1063042	1045575	1055173	9544	9599	96.38	NC_004337.2	NC_011993
1064876	1068005	1061379	1064514	3130	3136	96.27	NC_004337.2	NC_011993
1068124	1069481	1064651	1066009	1358	1359	97.94	NC_004337.2	NC_011993
1072384	1076276	1074162	1078054	3893	3893	97.56	NC_004337.2	NC_011993
1076266	1076759	1078102	1078595	494	494	98.79	NC_004337.2	NC_011993
1078088	1080715	1078586	1081212	2628	2627	98.44	NC_004337.2	NC_011993
1081858	1090857	1081210	1090209	9000	9000	97.64	NC_004337.2	NC_011993
1103067	1122318	1091965	1111219	19252	19255	97.88	NC_004337.2	NC_011993
1122423	1168122	1111358	1157053	45700	45696	97.53	NC_004337.2	NC_011993
1168158	1174772	1158375	1164989	6615	6615	97.88	NC_004337.2	NC_011993
1189492	1197610	1164980	1173099	8119	8120	97.68	NC_004337.2	NC_011993
1197399	1197608	1223031	1223240	210	210	96.67	NC_004337.2	NC_011993
1199072	1200782	1228042	1229749	1711	1708	96.55	NC_004337.2	NC_011993
1202369	1202583	1230601	1230815	215	215	96.28	NC_004337.2	NC_011993
1202976	1207907	1230815	1235746	4932	4932	97.51	NC_004337.2	NC_011993
1209239	1209811	1235758	1236325	573	568	96.86	NC_004337.2	NC_011993
1211068	1213509	1236321	1238762	2442	2442	97.83	NC_004337.2	NC_011993
1214246	1219356	1238813	1243921	5111	5109	97.97	NC_004337.2	NC_011993
1219399	1223646	1244076	1248323	4248	4248	97.98	NC_004337.2	NC_011993
1225825	1230551	1248366	1253091	4727	4726	97.46	NC_004337.2	NC_011993
1230555	1238860	1251252	1259573	8306	8322	96.71	NC_004337.2	NC_011993
1242543	1249784	1259892	1267133	7242	7242	97.83	NC_004337.2	NC_011993
1253600	1282215	1267543	1296159	28616	28617	97.69	NC_004337.2	NC_011993
1282393	1282671	1303163	1303440	279	278	96.42	NC_004337.2	NC_011993
1282575	1289628	1303463	1310514	7054	7052	98.04	NC_004337.2	NC_011993
1282577	1282661	4252616	4252532	85	85	97.65	NC_004337.2	NC_011993
1289911	1295074	1310516	1315679	5164	5164	98.47	NC_004337.2	NC_011993
1295842	1305623	1315670	1325452	9782	9783	98.56	NC_004337.2	NC_011993
1306887	1321067	1325449	1339600	14181	14152	96.83	NC_004337.2	NC_011993
1321134	1345432	1341696	1366020	24299	24325	97.72	NC_004337.2	NC_011993
1346110	1352177	1373926	1379993	6068	6068	97.41	NC_004337.2	NC_011993
1360900	1365466	1379990	1384563	4567	4574	95.59	NC_004337.2	NC_011993
1366222	1386408	1384556	1404711	20187	20156	95.82	NC_004337.2	NC_011993
1388754	1390301	1404728	1406275	1548	1548	98.06	NC_004337.2	NC_011993
1395000	1395254	1621758	1621504	255	255	85.10	NC_004337.2	NC_011993
1397676	1398097	1619282	1618861	422	422	94.80	NC_004337.2	NC_011993
1405340	1408994	1217639	1221293	3655	3655	98.19	NC_004337.2	NC_011993
1409140	1409472	1421122	1421454	333	333	97.90	NC_004337.2	NC_011993
1419563	1419894	1625640	1625312	332	329	83.77	NC_004337.2	NC_011993
1420490	1420616	1625180	1625054	127	127	95.28	NC_004337.2	NC_011993
1425133	1425743	1887811	1887201	611	611	97.71	NC_004337.2	NC_011993
1427012	1437877	1887199	1876321	10866	10879	97.44	NC_004337.2	NC_011993
1437868	1444280	1875619	1869208	6413	6412	97.86	NC_004337.2	NC_011993
1445049	1463498	1869216	1850763	18450	18454	97.28	NC_004337.2	NC_011993
1468138	1473738	1848588	1842983	5601	5606	97.90	NC_004337.2	NC_011993
1473732	1474744	1842779	1841767	1013	1013	98.72	NC_004337.2	NC_011993
1476005	1477855	1836362	1834512	1851	1851	97.84	NC_004337.2	NC_011993
1477855	1497655	1834419	1814621	19801	19799	97.45	NC_004337.2	NC_011993
1499037	1500238	1814452	1813251	1202	1202	96.92	NC_004337.2	NC_011993
1501569	1507637	1813256	1807124	6069	6133	94.98	NC_004337.2	NC_011993
1509064	1526679	1807136	1789508	17616	17629	97.06	NC_004337.2	NC_011993
1527448	1532586	1789516	1784379	5139	5138	97.24	NC_004337.2	NC_011993
1534475	1542039	1784315	1776748	7565	7568	97.81	NC_004337.2	NC_011993
1543535	1568190	1776330	1751681	24656	24650	97.94	NC_004337.2	NC_011993
1568958	1574148	1534464	1539661	5191	5198	96.84	NC_004337.2	NC_011993
1583773	1590582	1583657	1576848	6810	6810	97.68	NC_004337.2	NC_011993
1592785	1594326	1575561	1574019	1542	1543	97.80	NC_004337.2	NC_011993
1594325	1594455	1573885	1574015	131	131	97.71	NC_004337.2	NC_011993
1594454	1595482	1573891	1572863	1029	1029	97.47	NC_004337.2	NC_011993
1595521	1598870	1566578	1563229	3350	3350	97.02	NC_004337.2	NC_011993
1599883	1600038	1563219	1563064	156	156	94.87	NC_004337.2	NC_011993
1600039	1605691	1561654	1555988	5653	5667	96.55	NC_004337.2	NC_011993
1607379	1609239	1555987	1554111	1861	1877	95.53	NC_004337.2	NC_011993
1621184	1626752	1631444	1637011	5569	5568	97.52	NC_004337.2	NC_011993
1634479	1637262	1636995	1639730	2784	2736	96.08	NC_004337.2	NC_011993
1637263	1657511	1640116	1660358	20249	20243	98.06	NC_004337.2	NC_011993
1659262	1667781	1660366	1668885	8520	8520	97.35	NC_004337.2	NC_011993
1667962	1670305	1668885	1671227	2344	2343	98.04	NC_004337.2	NC_011993
1670306	1673378	1671675	1674750	3073	3076	97.27	NC_004337.2	NC_011993
1674141	1685716	1674735	1686316	11576	11582	97.57	NC_004337.2	NC_011993
1685716	1695090	1686415	1695741	9375	9327	97.06	NC_004337.2	NC_011993
1696422	1707299	1695737	1706614	10878	10878	97.49	NC_004337.2	NC_011993
1711520	1711647	1706605	1706732	128	128	95.31	NC_004337.2	NC_011993
1713398	1723873	1706735	1717172	10476	10438	97.70	NC_004337.2	NC_011993
1725201	1729331	1717163	1721375	4131	4213	95.32	NC_004337.2	NC_011993
1729332	1735974	1721558	1728201	6643	6644	97.74	NC_004337.2	NC_011993
1736740	1741706	1728191	1733158	4967	4968	98.05	NC_004337.2	NC_011993
1743035	1751630	1733149	1741745	8596	8597	97.28	NC_004337.2	NC_011993
1751813	1755404	1741753	1745353	3592	3601	97.50	NC_004337.2	NC_011993
1755396	1758377	1745383	1748364	2982	2982	97.95	NC_004337.2	NC_011993
1759148	1762010	1534471	1531609	2863	2863	97.62	NC_004337.2	NC_011993
1768728	1769033	1531613	1531308	306	306	98.04	NC_004337.2	NC_011993
1769800	1775138	1530552	1525213	5339	5340	97.12	NC_004337.2	NC_011993
1770213	1771666	3712993	3711540	1454	1454	95.80	NC_004337.2	NC_011993
1776250	1776943	1523199	1522506	694	694	96.69	NC_004337.2	NC_011993
1780281	1780913	1522436	1521805	633	632	96.84	NC_004337.2	NC_011993
1781682	1784692	1521144	1518128	3011	3017	96.92	NC_004337.2	NC_011993
1784796	1791100	1517706	1511401	6305	6306	97.81	NC_004337.2	NC_011993
1796154	1802424	1511398	1505117	6271	6282	95.86	NC_004337.2	NC_011993
1806199	1806386	1481445	1481258	188	188	95.74	NC_004337.2	NC_011993
1807715	1809636	1481265	1479344	1922	1922	97.35	NC_004337.2	NC_011993
1810950	1813528	1479354	1476776	2579	2579	97.48	NC_004337.2	NC_011993
1816795	1826279	1467704	1458209	9485	9496	97.94	NC_004337.2	NC_011993
1829906	1834426	1458199	1453738	4521	4462	95.98	NC_004337.2	NC_011993
1836945	1842495	1453352	1447801	5551	5552	95.82	NC_004337.2	NC_011993
1843773	1847803	1447784	1443753	4031	4032	96.31	NC_004337.2	NC_011993
1850817	1855654	1429745	1434582	4838	4838	97.83	NC_004337.2	NC_011993
1856755	1863078	1429753	1423426	6324	6328	97.33	NC_004337.2	NC_011993
1863189	1869764	1421164	1414582	6576	6583	97.86	NC_004337.2	NC_011993
1873304	1878081	1414581	1409827	4778	4755	97.93	NC_004337.2	NC_011993
1879335	1882887	1409825	1406273	3553	3553	98.06	NC_004337.2	NC_011993
1886975	1912488	1887780	1913275	25514	25496	97.72	NC_004337.2	NC_011993
1912617	1914921	1913279	1915583	2305	2305	97.87	NC_004337.2	NC_011993
1916373	1916811	1915585	1916023	439	439	94.99	NC_004337.2	NC_011993
1921807	1922583	1214957	1214178	777	780	93.47	NC_004337.2	NC_011993
1923019	1923226	1590646	1590853	208	208	88.94	NC_004337.2	NC_011993
1923552	1926366	1213276	1210461	2815	2816	93.26	NC_004337.2	NC_011993
1923552	1933958	1591094	1601546	10407	10453	91.79	NC_004337.2	NC_011993
1926551	1928114	1210246	1208683	1564	1564	91.32	NC_004337.2	NC_011993
1945366	1955292	1916405	1926331	9927	9927	97.18	NC_004337.2	NC_011993
1957424	1961076	1926438	1930092	3653	3655	96.96	NC_004337.2	NC_011993
1965007	1968119	1930187	1933299	3113	3113	97.85	NC_004337.2	NC_011993
1969488	1976679	1933294	1940483	7192	7190	97.98	NC_004337.2	NC_011993
1977451	1992360	1942814	1957734	14910	14921	97.66	NC_004337.2	NC_011993
1988324	1988399	4532054	4531979	76	76	97.37	NC_004337.2	NC_011993
1988324	1988399	4531942	4531867	76	76	97.37	NC_004337.2	NC_011993
1988324	1988399	4532165	4532090	76	76	97.37	NC_004337.2	NC_011993
1992361	1998078	1957872	1963590	5718	5719	97.97	NC_004337.2	NC_011993
1998096	1998371	1963762	1964037	276	276	96.74	NC_004337.2	NC_011993
1999221	2006630	1965022	1972428	7410	7407	98.06	NC_004337.2	NC_011993
2008379	2017923	1972428	1981983	9545	9556	98.47	NC_004337.2	NC_011993
2008609	2010239	1191169	1189525	1631	1645	86.38	NC_004337.2	NC_011993
2011983	2012401	1184126	1183709	419	418	92.36	NC_004337.2	NC_011993
2017917	2032338	1982076	1996499	14422	14424	99.27	NC_004337.2	NC_011993
2032325	2033069	1996642	1997386	745	745	99.33	NC_004337.2	NC_011993
2034299	2035062	1998195	1998958	764	764	99.48	NC_004337.2	NC_011993
2036401	2037154	1998954	1999709	754	756	96.17	NC_004337.2	NC_011993
2037923	2044875	1999701	2006653	6953	6953	99.35	NC_004337.2	NC_011993
2060998	2061075	4252524	4252447	78	78	98.72	NC_004337.2	NC_011993
2062783	2063911	1615890	1617015	1129	1126	91.67	NC_004337.2	NC_011993
2063893	2064325	1618862	1619293	433	432	95.38	NC_004337.2	NC_011993
2066449	2069126	2006592	2009270	2678	2679	99.25	NC_004337.2	NC_011993
2070377	2070867	2043804	2044294	491	491	100.00	NC_004337.2	NC_011993
2072103	2079680	2044290	2051879	7578	7590	98.92	NC_004337.2	NC_011993
2075376	2075460	2049470	2049386	85	85	100.00	NC_004337.2	NC_011993
2075377	2075480	2051878	2051775	104	104	97.12	NC_004337.2	NC_011993
2075369	2075480	2007760	2007649	112	112	95.54	NC_004337.2	NC_011993
2077185	2077269	2047645	2047561	85	85	100.00	NC_004337.2	NC_011993
2077185	2077272	2007669	2007756	88	88	98.86	NC_004337.2	NC_011993
2079764	2083037	2079975	2083248	3274	3274	98.96	NC_004337.2	NC_011993
2086268	2087175	2101158	2102064	908	907	98.68	NC_004337.2	NC_011993
2088344	2089750	2105183	2106589	1407	1407	97.87	NC_004337.2	NC_011993
2091271	2095040	2106663	2110432	3770	3770	98.83	NC_004337.2	NC_011993
2095809	2105585	2110424	2120256	9777	9833	94.65	NC_004337.2	NC_011993
2106231	2107661	2120901	2122331	1431	1431	94.20	NC_004337.2	NC_011993
2118966	2124183	2129111	2134327	5218	5217	95.48	NC_004337.2	NC_011993
2124092	2134647	2134718	2145265	10556	10548	96.29	NC_004337.2	NC_011993
2135418	2144847	2146296	2155725	9430	9430	96.92	NC_004337.2	NC_011993
2145239	2149223	2155733	2159717	3985	3985	98.14	NC_004337.2	NC_011993
2150675	2159579	2159720	2168631	8905	8912	96.08	NC_004337.2	NC_011993
2161028	2172336	2169525	2180834	11309	11310	94.60	NC_004337.2	NC_011993
2172359	2174147	2186037	2187814	1789	1778	96.54	NC_004337.2	NC_011993
2174147	2177792	2187984	2191638	3646	3655	96.53	NC_004337.2	NC_011993
2178560	2184266	2191629	2197256	5707	5628	95.23	NC_004337.2	NC_011993
2184267	2186582	2198748	2201064	2316	2317	96.72	NC_004337.2	NC_011993
2187916	2196887	2201060	2209988	8972	8929	96.05	NC_004337.2	NC_011993
2197653	2198765	2209978	2211109	1113	1132	92.67	NC_004337.2	NC_011993
2199546	2203729	2211113	2215297	4184	4185	95.99	NC_004337.2	NC_011993
2204993	2205550	2215294	2215851	558	558	96.42	NC_004337.2	NC_011993
2206320	2207163	2215844	2216687	844	844	96.68	NC_004337.2	NC_011993
2207631	2210625	2217142	2220145	2995	3004	94.17	NC_004337.2	NC_011993
2211285	2213433	2220790	2222939	2149	2150	93.77	NC_004337.2	NC_011993
2213426	2220643	2223082	2230297	7218	7216	94.72	NC_004337.2	NC_011993
2221402	2222103	2230290	2230991	702	702	98.43	NC_004337.2	NC_011993
2222866	2225774	2230978	2233886	2909	2909	98.52	NC_004337.2	NC_011993
2227199	2227358	2233875	2234034	160	160	98.75	NC_004337.2	NC_011993
2236390	2236630	2234010	2234249	241	240	98.76	NC_004337.2	NC_011993
2237936	2251891	2234246	2248139	13956	13894	96.31	NC_004337.2	NC_011993
2251939	2252200	2248475	2248214	262	262	89.31	NC_004337.2	NC_011993
2251939	2252200	866858	866597	262	262	94.66	NC_004337.2	NC_011993
2252270	2259286	2248538	2255610	7017	7073	96.79	NC_004337.2	NC_011993
2259297	2274618	2255828	2271228	15322	15401	97.16	NC_004337.2	NC_011993
2274972	2275371	2271582	2271981	400	400	91.25	NC_004337.2	NC_011993
2275327	2276390	2273985	2275048	1064	1064	81.27	NC_004337.2	NC_011993
2276507	2281750	2271979	2277221	5244	5243	89.84	NC_004337.2	NC_011993
2282172	2287445	2277676	2282949	5274	5274	98.37	NC_004337.2	NC_011993
2288210	2309618	2282938	2304350	21409	21413	97.74	NC_004337.2	NC_011993
2310251	2310704	2304350	2304788	454	439	91.85	NC_004337.2	NC_011993
2311709	2313175	2304788	2306254	1467	1467	96.18	NC_004337.2	NC_011993
2313327	2341354	2306230	2334314	28028	28085	97.30	NC_004337.2	NC_011993
2341552	2346249	2341728	2346427	4698	4700	96.34	NC_004337.2	NC_011993
2347501	2357459	2346424	2356394	9959	9971	95.68	NC_004337.2	NC_011993
2358830	2359428	2357771	2358375	599	605	83.64	NC_004337.2	NC_011993
2360759	2366324	2358386	2363894	5566	5509	94.69	NC_004337.2	NC_011993
2366671	2374549	2363980	2371870	7879	7891	96.40	NC_004337.2	NC_011993
2374372	2375109	2371924	2372637	738	714	95.26	NC_004337.2	NC_011993
2375109	2395552	2376501	2396957	20444	20457	96.35	NC_004337.2	NC_011993
2396962	2397282	2396950	2397275	321	326	87.16	NC_004337.2	NC_011993
2397283	2397891	2397602	2398210	609	609	95.40	NC_004337.2	NC_011993
2397883	2439125	2398382	2439624	41243	41243	97.69	NC_004337.2	NC_011993
2439039	2457281	2439811	2458042	18243	18232	96.47	NC_004337.2	NC_011993
2463577	2463842	2464555	2464820	266	266	79.78	NC_004337.2	NC_011993
2465296	2470508	2465379	2470593	5213	5215	96.16	NC_004337.2	NC_011993
2471551	2471616	2471636	2471701	66	66	100.00	NC_004337.2	NC_011993
2474503	2476682	2471706	2473887	2180	2182	97.57	NC_004337.2	NC_011993
2482028	2502138	2476257	2496374	20111	20118	96.76	NC_004337.2	NC_011993
2502131	2517237	2496578	2511689	15107	15112	96.42	NC_004337.2	NC_011993
2517442	2522545	2511894	2517066	5104	5173	95.14	NC_004337.2	NC_011993
2522348	2522662	2516988	2517305	315	318	91.90	NC_004337.2	NC_011993
2522467	2522622	733701	733854	156	154	98.72	NC_004337.2	NC_011993
2522467	2522624	733906	734062	158	157	99.37	NC_004337.2	NC_011993
2522547	2522622	733590	733665	76	76	100.00	NC_004337.2	NC_011993
2522547	2522658	734218	734329	112	112	99.11	NC_004337.2	NC_011993
2522547	2522622	734109	734184	76	76	100.00	NC_004337.2	NC_011993
2523229	2535003	2521712	2533499	11775	11788	98.16	NC_004337.2	NC_011993
2535969	2540944	2533503	2538478	4976	4976	94.94	NC_004337.2	NC_011993
2540961	2541076	2667211	2667326	116	116	93.10	NC_004337.2	NC_011993
2541090	2542068	2538478	2539456	979	979	96.53	NC_004337.2	NC_011993
2542987	2552413	2539504	2548928	9427	9425	96.46	NC_004337.2	NC_011993
2561624	2562692	2551141	2552209	1069	1069	96.73	NC_004337.2	NC_011993
2562685	2589054	2560304	2586563	26370	26260	97.08	NC_004337.2	NC_011993
2603001	2615991	2586605	2599601	12991	12997	97.84	NC_004337.2	NC_011993
2617253	2624906	2599596	2607248	7654	7653	96.09	NC_004337.2	NC_011993
2625334	2636558	2619338	2630557	11225	11220	97.14	NC_004337.2	NC_011993
2638009	2638701	2636309	2636997	693	689	92.51	NC_004337.2	NC_011993
2638833	2652783	2636808	2650759	13951	13952	97.77	NC_004337.2	NC_011993
2658135	2658671	2650961	2651496	537	536	96.28	NC_004337.2	NC_011993
2658671	2668966	2651608	2661904	10296	10297	96.10	NC_004337.2	NC_011993
2669115	2684581	2661919	2677403	15467	15485	97.38	NC_004337.2	NC_011993
2696888	2723023	2677366	2703495	26136	26130	97.29	NC_004337.2	NC_011993
2723099	2728352	3466749	3472001	5254	5253	98.86	NC_004337.2	NC_011993
2723106	2728352	232593	227357	5247	5237	98.76	NC_004337.2	NC_011993
2723030	2728352	4108761	4103447	5323	5315	98.16	NC_004337.2	NC_011993
2726621	2728352	3989430	3987697	1732	1734	99.31	NC_004337.2	NC_011993
2726621	2728352	4245563	4243831	1732	1733	99.02	NC_004337.2	NC_011993
2726621	2728352	2709709	2711442	1732	1734	99.25	NC_004337.2	NC_011993
2726621	2728352	4285733	4284000	1732	1734	98.79	NC_004337.2	NC_011993
2728788	2734132	2717064	2711721	5345	5344	98.15	NC_004337.2	NC_011993
2735558	2754496	2717051	2735987	18939	18937	97.67	NC_004337.2	NC_011993
2761442	2769675	2769890	2778167	8234	8278	95.99	NC_004337.2	NC_011993
2771007	2774423	2778163	2781578	3417	3416	96.96	NC_004337.2	NC_011993
2774501	2791566	2783527	2800596	17066	17070	97.43	NC_004337.2	NC_011993
2791541	2796186	2800682	2805325	4646	4644	98.19	NC_004337.2	NC_011993
2791807	2791946	2800806	2800943	140	138	95.71	NC_004337.2	NC_011993
2796377	2808788	2805342	2817757	12412	12416	96.82	NC_004337.2	NC_011993
2808788	2813007	2817852	2822071	4220	4220	96.26	NC_004337.2	NC_011993
2812998	2824765	2828143	2839879	11768	11737	97.06	NC_004337.2	NC_011993
2824813	2825201	2840393	2840781	389	389	96.15	NC_004337.2	NC_011993
2825969	2831676	2840772	2846482	5708	5711	94.96	NC_004337.2	NC_011993
2838642	2849765	2852479	2863602	11124	11124	97.49	NC_004337.2	NC_011993
2851120	2862839	2863652	2875368	11720	11717	95.73	NC_004337.2	NC_011993
2863608	2864401	2880375	2881169	794	795	94.72	NC_004337.2	NC_011993
2865584	2870348	2884133	2888935	4765	4803	96.86	NC_004337.2	NC_011993
2870402	2886688	2889627	2905894	16287	16268	97.93	NC_004337.2	NC_011993
2888115	2906314	2905884	2924135	18200	18252	97.57	NC_004337.2	NC_011993
2906475	2908010	2924135	2925670	1536	1536	97.85	NC_004337.2	NC_011993
2907818	2908009	2925588	2925779	192	192	98.45	NC_004337.2	NC_011993
2908083	2947607	2960502	3000025	39525	39524	97.53	NC_004337.2	NC_011993
2949890	2950048	3000029	3000186	159	158	93.08	NC_004337.2	NC_011993
2957651	2962692	3000170	3005210	5042	5041	96.83	NC_004337.2	NC_011993
2964797	2976250	3031888	3043341	11454	11454	97.12	NC_004337.2	NC_011993
2967571	2969115	4445369	4446913	1545	1545	80.83	NC_004337.2	NC_011993
2976374	2979014	3043346	3045987	2641	2642	95.95	NC_004337.2	NC_011993
2980037	2990967	3046109	3057038	10931	10930	96.72	NC_004337.2	NC_011993
2991093	2996036	3056773	3061719	4944	4947	96.03	NC_004337.2	NC_011993
3000554	3012594	3061822	3073854	12041	12033	97.01	NC_004337.2	NC_011993
3013243	3014633	3073853	3075243	1391	1391	95.69	NC_004337.2	NC_011993
3015402	3016770	3077110	3078476	1369	1367	93.15	NC_004337.2	NC_011993
3016770	3021465	3078650	3083343	4696	4694	96.04	NC_004337.2	NC_011993
3022228	3032224	3083839	3093835	9997	9997	97.67	NC_004337.2	NC_011993
3032388	3036666	3093997	3098275	4279	4279	96.33	NC_004337.2	NC_011993
3040656	3052538	3098371	3110254	11883	11884	97.86	NC_004337.2	NC_011993
3052415	3052538	4503049	4502926	124	124	92.74	NC_004337.2	NC_011993
3052490	3052652	4454769	4454607	163	163	94.48	NC_004337.2	NC_011993
3107661	3117030	3146135	3155603	9370	9469	96.60	NC_004337.2	NC_011993
3117172	3135297	3155622	3173762	18126	18141	96.38	NC_004337.2	NC_011993
3135414	3146023	3173758	3184367	10610	10610	97.66	NC_004337.2	NC_011993
3146257	3156633	3184368	3194743	10377	10376	97.35	NC_004337.2	NC_011993
3156696	3161586	3202491	3207382	4891	4892	98.36	NC_004337.2	NC_011993
3161829	3165324	3208933	3212503	3496	3571	95.49	NC_004337.2	NC_011993
3165506	3166589	3213815	3214898	1084	1084	96.86	NC_004337.2	NC_011993
3166643	3174716	3222214	3230287	8074	8074	98.14	NC_004337.2	NC_011993
3174754	3176459	3233986	3235691	1706	1706	96.54	NC_004337.2	NC_011993
3176949	3178204	3241523	3242778	1256	1256	97.45	NC_004337.2	NC_011993
3181085	3181580	3242853	3243349	496	497	95.17	NC_004337.2	NC_011993
3182349	3183648	3244743	3246046	1300	1304	92.33	NC_004337.2	NC_011993
3184043	3192255	3245690	3253902	8213	8213	97.13	NC_004337.2	NC_011993
3192415	3203996	3254087	3265739	11582	11653	97.49	NC_004337.2	NC_011993
3205429	3224454	3265735	3284796	19026	19062	96.86	NC_004337.2	NC_011993
3224779	3229774	3284796	3289792	4996	4997	96.22	NC_004337.2	NC_011993
3230195	3236957	3289942	3296701	6763	6760	97.06	NC_004337.2	NC_011993
3238619	3242667	3296822	3300884	4049	4063	96.78	NC_004337.2	NC_011993
3242667	3244565	3300980	3302868	1899	1889	95.95	NC_004337.2	NC_011993
3244717	3259462	3302847	3317514	14746	14668	96.41	NC_004337.2	NC_011993
3261056	3261174	3317576	3317694	119	119	95.80	NC_004337.2	NC_011993
3261668	3268347	3317681	3324360	6680	6680	97.29	NC_004337.2	NC_011993
3268417	3273771	3325366	3330720	5355	5355	97.24	NC_004337.2	NC_011993
3274539	3277087	3334256	3336804	2549	2549	97.53	NC_004337.2	NC_011993
3284685	3291052	3336904	3343270	6368	6367	97.42	NC_004337.2	NC_011993
3291703	3322611	3343316	3374248	30909	30933	97.98	NC_004337.2	NC_011993
3310391	3310471	2925780	2925700	81	81	98.77	NC_004337.2	NC_011993
3310395	3310471	2925666	2925590	77	77	100.00	NC_004337.2	NC_011993
3310395	3310471	2925556	2925480	77	77	100.00	NC_004337.2	NC_011993
3322613	3322739	9629	9503	127	127	92.91	NC_004337.2	NC_011993
3322761	3353371	3374252	3404882	30611	30631	98.21	NC_004337.2	NC_011993
3355108	3360587	3405663	3411141	5480	5479	96.46	NC_004337.2	NC_011993
3364122	3394837	3411217	3441953	30716	30737	98.04	NC_004337.2	NC_011993
3394947	3400369	3450635	3456057	5423	5423	97.81	NC_004337.2	NC_011993
3401139	3402957	3462121	3463950	1819	1830	95.68	NC_004337.2	NC_011993
3403726	3409781	3463943	3469996	6056	6054	98.07	NC_004337.2	NC_011993
3406533	3409781	232599	229362	3249	3238	98.40	NC_004337.2	NC_011993
3406532	3409781	4108690	4105450	3250	3241	98.09	NC_004337.2	NC_011993
3406532	3411701	2706280	2711449	5170	5170	98.80	NC_004337.2	NC_011993
3406532	3411701	4248993	4243824	5170	5170	98.69	NC_004337.2	NC_011993
3406537	3411791	4289158	4283901	5255	5258	98.57	NC_004337.2	NC_011993
3406533	3411701	3992858	3987690	5169	5169	98.82	NC_004337.2	NC_011993
3409961	3411791	229089	227258	1831	1832	99.18	NC_004337.2	NC_011993
3409961	3411701	4105177	4103440	1741	1738	98.91	NC_004337.2	NC_011993
3409961	3420816	3470269	3481098	10856	10830	97.12	NC_004337.2	NC_011993
3423912	3437837	3482638	3496563	13926	13926	99.62	NC_004337.2	NC_011993
3439370	3468909	3513211	3542825	29540	29615	97.48	NC_004337.2	NC_011993
3439420	3440605	4254190	4253005	1186	1186	99.24	NC_004337.2	NC_011993
3474160	3481714	3542856	3550410	7555	7555	94.48	NC_004337.2	NC_011993
3481840	3509521	3550427	3578030	27682	27604	97.36	NC_004337.2	NC_011993
3510353	3512469	3578031	3580157	2117	2127	95.25	NC_004337.2	NC_011993
3512718	3513305	3580152	3580739	588	588	96.60	NC_004337.2	NC_011993
3515364	3534729	3580771	3600190	19366	19420	96.14	NC_004337.2	NC_011993
3536777	3551435	3610160	3624818	14659	14659	98.10	NC_004337.2	NC_011993
3551596	3554269	3624848	3627522	2674	2675	96.15	NC_004337.2	NC_011993
3554332	3558212	3630203	3634154	3881	3952	93.21	NC_004337.2	NC_011993
3559555	3579170	3634159	3653763	19616	19605	96.50	NC_004337.2	NC_011993
3579183	3589510	3653943	3664260	10328	10318	96.23	NC_004337.2	NC_011993
3590322	3595463	3670171	3675312	5142	5142	96.83	NC_004337.2	NC_011993
3600027	3600502	3676410	3676886	476	477	81.80	NC_004337.2	NC_011993
3606064	3606828	1998959	1998195	765	765	99.48	NC_004337.2	NC_011993
3609276	3611094	3463950	3462121	1819	1830	95.68	NC_004337.2	NC_011993
3612082	3623580	3676978	3688472	11499	11495	97.09	NC_004337.2	NC_011993
3626641	3627213	3688639	3689212	573	574	91.99	NC_004337.2	NC_011993
3629242	3629919	3689438	3690110	678	673	91.02	NC_004337.2	NC_011993
3630853	3632271	3690143	3691559	1419	1417	97.32	NC_004337.2	NC_011993
3632307	3637192	3700614	3705500	4886	4887	97.52	NC_004337.2	NC_011993
3638099	3640023	3714742	3716666	1925	1925	98.44	NC_004337.2	NC_011993
3641449	3646266	3716655	3721454	4818	4800	96.22	NC_004337.2	NC_011993
3646413	3658111	3721460	3733154	11699	11695	97.89	NC_004337.2	NC_011993
3658107	3665160	3734293	3741348	7054	7056	97.29	NC_004337.2	NC_011993
3665930	3669909	3741522	3745502	3980	3981	98.14	NC_004337.2	NC_011993
3669992	3670392	3745101	3745502	401	402	97.51	NC_004337.2	NC_011993
3670475	3670875	3745101	3745502	401	402	94.78	NC_004337.2	NC_011993
3670958	3679529	3745101	3753671	8572	8571	96.55	NC_004337.2	NC_011993
3679590	3681777	3753565	3755751	2188	2187	95.89	NC_004337.2	NC_011993
3681874	3691741	3761537	3771404	9868	9868	96.84	NC_004337.2	NC_011993
3693876	3702974	3714595	3705497	9099	9099	96.73	NC_004337.2	NC_011993
3695428	3696931	1530188	1528685	1504	1504	95.16	NC_004337.2	NC_011993
3703948	3725463	3771608	3793133	21516	21526	97.51	NC_004337.2	NC_011993
3729268	3730911	3801000	3802643	1644	1644	96.72	NC_004337.2	NC_011993
3730920	3740240	3804020	3813392	9321	9373	96.36	NC_004337.2	NC_011993
3740233	3742920	3813710	3816396	2688	2687	94.87	NC_004337.2	NC_011993
3747444	3753607	3820452	3826648	6164	6197	91.41	NC_004337.2	NC_011993
3753777	3761848	3826670	3834742	8072	8073	96.83	NC_004337.2	NC_011993
3762617	3765126	3835636	3838145	2510	2510	97.53	NC_004337.2	NC_011993
3766410	3769330	3838207	3841127	2921	2921	97.54	NC_004337.2	NC_011993
3774655	3777968	3847461	3850774	3314	3314	98.25	NC_004337.2	NC_011993
3778775	3788106	3850765	3860097	9332	9333	97.87	NC_004337.2	NC_011993
3788320	3802347	3860311	3874339	14028	14029	96.90	NC_004337.2	NC_011993
3802375	3806528	3881597	3885748	4154	4152	97.16	NC_004337.2	NC_011993
3836339	3845200	3957669	3948797	8862	8873	96.80	NC_004337.2	NC_011993
3845968	3850018	3948805	3944749	4051	4057	96.25	NC_004337.2	NC_011993
3852729	3853612	3944730	3943847	884	884	92.09	NC_004337.2	NC_011993
3853775	3857304	3943675	3940144	3530	3532	94.43	NC_004337.2	NC_011993
3858569	3863599	3940146	3935113	5031	5034	95.87	NC_004337.2	NC_011993
3864375	3876653	3935116	3922835	12279	12282	97.54	NC_004337.2	NC_011993
3877277	3888212	3922213	3911299	10936	10915	96.13	NC_004337.2	NC_011993
3891634	3895853	3911249	3907017	4220	4233	96.27	NC_004337.2	NC_011993
3896411	3898686	3906968	3904693	2276	2276	97.32	NC_004337.2	NC_011993
3898713	3900628	3903900	3901985	1916	1916	96.50	NC_004337.2	NC_011993
3900617	3911411	3900603	3889810	10795	10794	96.06	NC_004337.2	NC_011993
3919107	3938451	3957867	3977213	19345	19347	98.38	NC_004337.2	NC_011993
3939876	3942837	3977199	3980161	2962	2963	98.35	NC_004337.2	NC_011993
3943602	3992861	3980149	4029443	49260	49295	97.35	NC_004337.2	NC_011993
3950929	3956312	4243610	4248992	5384	5383	98.55	NC_004337.2	NC_011993
3950913	3956194	2711678	2706399	5282	5280	98.45	NC_004337.2	NC_011993
3951144	3952884	3472008	3470269	1741	1740	99.02	NC_004337.2	NC_011993
3950923	3952884	4103221	4105177	1962	1957	98.37	NC_004337.2	NC_011993
3951144	3956309	4283993	4289159	5166	5167	98.65	NC_004337.2	NC_011993
3951144	3952884	227350	229089	1741	1740	99.43	NC_004337.2	NC_011993
3991167	3991255	4737444	4737356	89	89	100.00	NC_004337.2	NC_011993
3991168	3991255	4737207	4737120	88	88	100.00	NC_004337.2	NC_011993
3991169	3991255	4737327	4737241	87	87	98.85	NC_004337.2	NC_011993
3994249	4002547	4031073	4039335	8299	8263	96.37	NC_004337.2	NC_011993
4005883	4011868	4039339	4045324	5986	5986	96.59	NC_004337.2	NC_011993
4011998	4012437	4046337	4046776	440	440	97.05	NC_004337.2	NC_011993
4013864	4015519	4046765	4048420	1656	1656	98.13	NC_004337.2	NC_011993
4016345	4026047	4050025	4059718	9703	9694	96.73	NC_004337.2	NC_011993
4026192	4028450	4059745	4062003	2259	2259	96.02	NC_004337.2	NC_011993
4028510	4030332	4078063	4079885	1823	1823	98.35	NC_004337.2	NC_011993
4030376	4050075	4085482	4105177	19700	19696	97.76	NC_004337.2	NC_011993
4048121	4053506	4243610	4248995	5386	5386	98.63	NC_004337.2	NC_011993
4050255	4072853	4105450	4128047	22599	22598	97.79	NC_004337.2	NC_011993
4048152	4053565	2711631	2706215	5414	5417	98.52	NC_004337.2	NC_011993
4088130	4091082	4142476	4145428	2953	2953	96.55	NC_004337.2	NC_011993
4094535	4095043	4148099	4148608	509	510	90.22	NC_004337.2	NC_011993
4095645	4102314	4148634	4155303	6670	6670	97.62	NC_004337.2	NC_011993
4099820	4101094	1514009	1512735	1275	1275	79.97	NC_004337.2	NC_011993
4106979	4108148	4157677	4158846	1170	1170	94.79	NC_004337.2	NC_011993
4108325	4116338	4159242	4167256	8014	8015	97.37	NC_004337.2	NC_011993
4117668	4142998	4167250	4192524	25331	25275	97.45	NC_004337.2	NC_011993
4143132	4147343	4192532	4196743	4212	4212	97.20	NC_004337.2	NC_011993
4147543	4173095	4204384	4229976	25553	25593	96.22	NC_004337.2	NC_011993
4174522	4176561	4229964	4232002	2040	2039	96.67	NC_004337.2	NC_011993
4177331	4180929	4231994	4235591	3599	3598	97.97	NC_004337.2	NC_011993
4181023	4199384	4238323	4256691	18362	18369	97.90	NC_004337.2	NC_011993
4195697	4196882	3514446	3513261	1186	1186	99.07	NC_004337.2	NC_011993
4199527	4217615	4256713	4274798	18089	18086	97.98	NC_004337.2	NC_011993
4217758	4232127	4274794	4289159	14370	14366	97.65	NC_004337.2	NC_011993
4232127	4237862	4290568	4296334	5736	5767	95.62	NC_004337.2	NC_011993
4240350	4245054	4296357	4301061	4705	4705	95.75	NC_004337.2	NC_011993
4245250	4254967	4302078	4311832	9718	9755	96.39	NC_004337.2	NC_011993
4255102	4255238	4311835	4311971	137	137	97.81	NC_004337.2	NC_011993
4256570	4263614	4444152	4437108	7045	7045	97.91	NC_004337.2	NC_011993
4261347	4262838	1665743	1664252	1492	1492	81.50	NC_004337.2	NC_011993
4265290	4284979	4437077	4417376	19690	19702	96.72	NC_004337.2	NC_011993
4285743	4288375	4363442	4366083	2633	2642	96.82	NC_004337.2	NC_011993
4288513	4292218	4366062	4369766	3706	3705	97.36	NC_004337.2	NC_011993
4293808	4306428	4371887	4384510	12621	12624	97.01	NC_004337.2	NC_011993
4306454	4307211	4385395	4386152	758	758	96.05	NC_004337.2	NC_011993
4307241	4314236	4391640	4398644	6996	7005	97.07	NC_004337.2	NC_011993
4315026	4320476	4362892	4357442	5451	5451	97.08	NC_004337.2	NC_011993
4321476	4328024	4343698	4337151	6549	6548	97.24	NC_004337.2	NC_011993
4329730	4337381	4336998	4329346	7652	7653	97.82	NC_004337.2	NC_011993
4339248	4340366	4329332	4328225	1119	1108	96.78	NC_004337.2	NC_011993
4340335	4347159	4327983	4321158	6825	6826	97.86	NC_004337.2	NC_011993
4348951	4357825	4321162	4312308	8875	8855	96.07	NC_004337.2	NC_011993
4362175	4366283	4697512	4693404	4109	4109	96.30	NC_004337.2	NC_011993
4369085	4373195	4672301	4668191	4111	4111	96.98	NC_004337.2	NC_011993
4374373	4378758	4668140	4663833	4386	4308	95.81	NC_004337.2	NC_011993
4379527	4388604	4663840	4654747	9078	9094	96.83	NC_004337.2	NC_011993
4396147	4397446	4646766	4645467	1300	1300	95.08	NC_004337.2	NC_011993
4397536	4403156	4640376	4634714	5621	5663	95.64	NC_004337.2	NC_011993
4403260	4406635	4634486	4631114	3376	3373	97.07	NC_004337.2	NC_011993
4408082	4408546	4629680	4629216	465	465	90.32	NC_004337.2	NC_011993
4408576	4410146	4629054	4627484	1571	1571	92.62	NC_004337.2	NC_011993
4414549	4432480	4620984	4602973	17932	18012	97.04	NC_004337.2	NC_011993
4433907	4439749	4602985	4597142	5843	5844	95.28	NC_004337.2	NC_011993
4439724	4449256	4595512	4585964	9533	9549	97.86	NC_004337.2	NC_011993
4450485	4459495	4585955	4576943	9011	9013	96.99	NC_004337.2	NC_011993
4459495	4462253	4576850	4574091	2759	2760	95.36	NC_004337.2	NC_011993
4463874	4465057	4451139	4452322	1184	1184	98.73	NC_004337.2	NC_011993
4465823	4466218	4454374	4454769	396	396	95.96	NC_004337.2	NC_011993
4466170	4466293	3110254	3110131	124	124	92.74	NC_004337.2	NC_011993
4466170	4476798	4502926	4513554	10629	10629	98.65	NC_004337.2	NC_011993
4476957	4477983	4513560	4514586	1027	1027	96.20	NC_004337.2	NC_011993
4478996	4488392	4514672	4524068	9397	9397	98.16	NC_004337.2	NC_011993
4489160	4497057	4524059	4531978	7898	7920	96.82	NC_004337.2	NC_011993
4497179	4514869	4531867	4549464	17691	17598	97.45	NC_004337.2	NC_011993
4515639	4519059	4551550	4554970	3421	3421	96.55	NC_004337.2	NC_011993
4519828	4530887	4554962	4566022	11060	11061	96.63	NC_004337.2	NC_011993
4533710	4534688	4706560	4707538	979	979	94.79	NC_004337.2	NC_011993
4535183	4535571	4708081	4708469	389	389	94.60	NC_004337.2	NC_011993
4535976	4540509	4708871	4713404	4534	4534	98.08	NC_004337.2	NC_011993
4541277	4542106	3824120	3823291	830	830	94.58	NC_004337.2	NC_011993
4542106	4545493	4715160	4718615	3388	3456	95.92	NC_004337.2	NC_011993
4545633	4545784	4718632	4718783	152	152	98.03	NC_004337.2	NC_011993
4557881	4559608	4718914	4720650	1728	1737	97.58	NC_004337.2	NC_011993
4561261	4561874	4726002	4726615	614	614	84.04	NC_004337.2	NC_011993
4562281	4569722	4727022	4734466	7442	7445	96.98	NC_004337.2	NC_011993
4570490	4588326	4734672	4752398	17837	17727	95.94	NC_004337.2	NC_011993
4573177	4573265	4027847	4027759	89	89	100.00	NC_004337.2	NC_011993
4588714	4594152	4753829	4759268	5439	5440	96.31	NC_004337.2	NC_011993
4594156	4594296	4759663	4759803	141	141	95.04	NC_004337.2	NC_011993
4594436	4607200	4760009	4772766	12765	12758	97.56	NC_004337.2	NC_011993
26294	26648	306238	306591	355	354	96.62	NC_004851.1	NC_011993
60938	61707	305821	306591	770	771	94.57	NC_004851.1	NC_011993
89944	90026	1311405	1311487	83	83	97.59	NC_004851.1	NC_011993
172764	173296	306357	305826	533	532	94.01	NC_004851.1	NC_011993
187678	187770	1310434	1310342	93	93	100.00	NC_004851.1	NC_011993
215628	215772	306591	306446	145	146	93.84	NC_004851.1	NC_011993
