organism=Escherichia_coli_300_genomes	genome=GCF_000005845.2_ASM584v2	contig=NC_000913.3	method=by strains complexity
position	complexity
1568	0
3267	0
4377	0.1
5382	0.15000000000000002
6071	0.25
7244	0.1
8714	0
9599	0
10211	0
10999	0
11584	0.1
13121	0.1
14733	0.5499999999999999
18072	0.49999999999999994
19170	1.0000000000000002
20946	1.0000000000000002
21877	0.05
23799	0.05
25454	0
26050	0
26752	0.15000000000000002
27750	0.25
28784	0.15000000000000002
30225	0.05
32427	0.25
34497	0.2
35076	0.05
35769	0.1
37047	0.15000000000000002
38506	0.15000000000000002
39815	0.15000000000000002
41174	0.15000000000000002
42788	0.15000000000000002
43658	0.1
44823	0
45606	0
46472	0.1
47511	0.15000000000000002
48700	0.15000000000000002
50007	0.3
50801	0.25
51417	0
52019	0
52921	0.05
54059	0.1
55932	0.05
57771	0.1
58799	0.15000000000000002
59200	0.15000000000000002
60016	0.2
61811	0.1
64604	0.1
66202	0.05
67586	0.05
69198	0.1
70826	0.39999999999999997
71733	0.35
72578	0.05
73716	0.15000000000000002
74988	0.3
76471	0.25
77453	0.15000000000000002
78210	0.15000000000000002
79150	0.2
80164	0.1
81412	0.1
82743	0.15000000000000002
84840	0.2
86492	0.15000000000000002
87602	0.1
88530	0.1
89863	0.05
90564	0.05
91214	0.15000000000000002
92296	0.1
93909	0.1
95329	0.05
96543	0.05
97745	0.05
99025	0
100177	0
101502	0
102693	0
103570	0
104613	0
105880	0
107015	0.05
107923	0.1
109631	0.25
111238	0.15000000000000002
111747	0.05
112227	0
112909	0.1
113965	0.15000000000000002
115123	0.15000000000000002
116406	0.2
117329	0.2
118198	0.15000000000000002
119008	0.05
119708	0.1
120863	0.15000000000000002
122474	0.05
124348	0.05
126641	0.05
128624	0.05
130333	0.15000000000000002
132913	0.1
134569	0.1
135185	0.05
136031	0
136724	0.05
137858	0.1
140030	0.15000000000000002
141699	0.15000000000000002
142339	0
143242	0
144087	0
144797	0
145695	0.05
146504	0.05
147419	0.2
148369	0.15000000000000002
149204	0.3
150334	0.49999999999999994
151301	0.6
151928	0.39999999999999997
152527	0.39999999999999997
154127	0.5499999999999999
155831	0.5499999999999999
156591	0.35
157492	0.2
158411	0
159649	0.05
160376	0.05
161134	0.1
161766	0.1
163319	0.1
165997	0.44999999999999996
168605	0.35
170176	0.15000000000000002
171020	0.15000000000000002
172453	0.15000000000000002
174242	0.1
175817	0.05
176782	0.05
177312	0.1
178062	0.1
178804	0.15000000000000002
179995	0.05
181596	0.05
183041	0.2
183902	0.3
184628	0.1
185535	0.15000000000000002
187314	0.05
189109	0.05
190236	0
191282	0
192217	0
193150	0.05
194119	0.05
195285	0.05
195740	0.05
196159	0.05
197222	0.1
199144	0.1
200724	0.05
201483	0
202328	0
202954	0
203922	0
204791	0.05
206867	0.05
209100	0.15000000000000002
210749	0.15000000000000002
212071	0.15000000000000002
212980	0.1
213808	0.1
214025	0.15000000000000002
214563	0.15000000000000002
215044	0.05
215624	0.15000000000000002
216591	0.15000000000000002
217916	0.2
219240	0.15000000000000002
219793	0.15000000000000002
220520	0.15000000000000002
221294	0.2
222129	0.25
223120	0.8000000000000002
229568	0.7500000000000001
230424	0.6
231532	0.05
232237	0.05
233207	0.05
234404	0.05
235177	0
235768	0
236428	0.9500000000000003
237727	2.1000000000000005
238496	2.3
238915	5.399999999999989
239804	5.349999999999989
240593	0.05
242081	0.1
243832	0.15000000000000002
244710	0.2
245435	0.3
246100	0.3
246372	0.35
247148	0.7000000000000001
247885	0.7500000000000001
249227	1.800000000000001
250509	1.7000000000000008
251425	0.65
252151	0.49999999999999994
252500	0.44999999999999996
252974	0.39999999999999997
253600	1.5000000000000007
253952	1.7000000000000008
254987	2.25
256206	2.1000000000000005
257149	2.0500000000000007
258870	2.1000000000000005
259572	2.3999999999999995
260939	2.549999999999999
262129	7.4499999999999815
263160	7.7499999999999805
265423	9.099999999999994
269735	6.449999999999985
273419	6.749999999999984
275203	4.849999999999991
276014	4.3499999999999925
277181	4.3499999999999925
278279	4.299999999999993
278995	3.049999999999997
281400	2.6499999999999986
286086	0.49999999999999994
287594	0.49999999999999994
288783	0.49999999999999994
291865	0.49999999999999994
293569	0.5499999999999999
294372	0.65
295030	0.7500000000000001
295359	0.6
296358	0.5499999999999999
297586	0.7500000000000001
298248	0.39999999999999997
299835	0.25
301409	0.2
302228	0.39999999999999997
303298	0.5499999999999999
304850	0.49999999999999994
305995	0.25
308069	0.15000000000000002
309692	0.25
310377	0.3
311017	0.39999999999999997
312444	0.49999999999999994
312647	0.35
313191	1.3500000000000005
314800	1.4500000000000006
316793	0.9000000000000002
318022	0.5499999999999999
319338	0.39999999999999997
320654	0.25
321967	0.25
323051	0.25
324105	0.2
325030	0.7000000000000001
326412	0.8000000000000002
327997	0.25
329040	0.25
330479	0.44999999999999996
332915	0.6
333967	0.49999999999999994
334773	0.5499999999999999
335582	0.5499999999999999
336356	0.5499999999999999
337551	0.65
339034	0.65
339929	0.6
340640	0.7000000000000001
341816	0.7000000000000001
343408	0.7000000000000001
344583	0.44999999999999996
345982	0.3
346621	0.2
347650	0.15000000000000002
349127	0.25
349741	0.2
350596	0.15000000000000002
351940	0.15000000000000002
353649	0.25
355551	0.2
356812	0.2
358240	0.15000000000000002
359128	0.1
359724	0.2
360555	0.3
361554	0.35
362552	0.35
364768	0.49999999999999994
366973	0.7500000000000001
368003	0.5499999999999999
369443	0.2
370749	0.8500000000000002
371672	0.8000000000000002
372519	0.8000000000000002
373396	0.7500000000000001
374374	0.7500000000000001
376064	0.8000000000000002
377041	0.9000000000000002
377951	0.8000000000000002
379016	0.7500000000000001
379743	1.0500000000000003
380455	1.2000000000000004
381065	0.6
383337	0.7500000000000001
383994	0.6
384337	0.65
385713	0.49999999999999994
386590	0.05
387384	0.05
388220	0.1
389240	0.65
394817	0.5499999999999999
395708	0.35
396383	0.25
397249	0.25
398419	0.25
399179	0.15000000000000002
399699	0.1
400376	0.1
401516	0.15000000000000002
402454	0.15000000000000002
403441	0.1
404260	0.1
405239	0.15000000000000002
405993	0.15000000000000002
406667	0
407074	0
407766	0
408319	0.25
408687	0.25
409596	0.25
410598	0.15000000000000002
411931	0.2
414180	0.1
416351	0.05
417486	0
418536	0.05
420250	0.1
421672	0.1
423423	0.25
424627	0.3
425546	0.1
426700	0.05
427453	0.1
428587	0.1
429990	0.1
430778	0.05
431571	0.1
432581	0.25
433226	0.2
434006	0
434882	0
435346	0
436122	0
436848	0.15000000000000002
437648	0.15000000000000002
439246	0.05
440651	0.05
441222	0
442273	0.05
443346	0.1
444059	0.1
444928	0.2
445984	0.35
447260	0.35
447881	0.1
448353	0.05
449645	0.05
451136	0.05
452807	0.05
453878	0
454632	0
455782	0
456988	0.05
458063	0.1
460065	0.05
461587	0
462850	0.1
464122	0.15000000000000002
464601	0.05
465199	0.05
466462	0.2
467821	0.3
468612	0.15000000000000002
469757	0.15000000000000002
471526	0.05
472767	0.1
473609	0.05
474731	0.05
475665	0.1
476137	0.25
476848	0.25
477842	0.15000000000000002
479016	0.15000000000000002
479642	0.05
480199	0.05
480521	0.1
485022	0.2
486084	0.15000000000000002
488217	0.1
490190	0.05
490548	0
491070	0
491687	0
493057	0.05
494240	0.05
494707	0
496057	0
497497	0
498536	0
499493	0.05
500777	0.05
502400	0.05
504086	0.25
505740	0.25
506842	0.2
507683	0.2
508388	0.25
510127	0.2
512107	0.2
513222	0.3
514196	0.49999999999999994
514630	0.3
515314	0.39999999999999997
516257	0.49999999999999994
516972	0.49999999999999994
517852	0.44999999999999996
518725	0.49999999999999994
519435	0.49999999999999994
520076	0.5499999999999999
521623	0.9000000000000002
527765	0.9000000000000002
528770	0.8500000000000002
529830	0.7500000000000001
530679	0.3
531758	0.15000000000000002
532692	0.15000000000000002
533418	0.1
534806	0.35
536098	0.39999999999999997
537025	0.44999999999999996
538360	0.44999999999999996
539827	0.44999999999999996
541215	0.39999999999999997
542460	0.3
543653	0.3
544674	0.3
545838	0.3
547513	0.3
548986	0.1
550034	0
550885	0
552060	0
552845	0.35
553579	0.35
554190	0.3
555303	2.5999999999999988
556292	2.7499999999999982
556767	2.849999999999998
557308	3.999999999999994
558483	4.299999999999993
559320	4.449999999999992
560998	4.599999999999992
562830	5.449999999999989
563587	4.99999999999999
564164	10.15000000000001
565396	15.350000000000083
566229	16.350000000000097
566731	13.500000000000057
568481	11.300000000000026
569665	10.85000000000002
571168	10.350000000000012
571852	13.400000000000055
572693	11.450000000000028
573006	9.399999999999999
573229	10.100000000000009
573552	8.549999999999986
573801	8.999999999999993
574147	10.100000000000009
574590	9.299999999999997
576291	12.30000000000004
577861	12.650000000000045
578746	12.700000000000045
579983	9.850000000000005
582367	8.399999999999984
584055	4.849999999999991
585156	4.449999999999992
586527	2.499999999999999
587536	0.7500000000000001
589468	0.7500000000000001
592059	2.3999999999999995
594049	2.4499999999999993
595101	0.35
596286	0.35
597297	0.35
598090	0.25
600285	0.2
602647	0.3
604039	0.2
605097	0.39999999999999997
605702	0.44999999999999996
606075	0.39999999999999997
606824	0.9500000000000003
607862	0.7000000000000001
609830	0.65
611374	0.1
613338	0.05
614051	0
616097	0.1
618820	0.3
620692	0.3
621687	0.15000000000000002
622925	0.15000000000000002
624032	0.1
625472	0.05
626875	0
628122	0
628924	0
629506	0.1
630946	0.2
632280	0.15000000000000002
632933	0.05
634166	0.25
635061	0.3
635959	0.39999999999999997
637167	0.35
638200	0.15000000000000002
639226	0.05
640520	0
641653	0.15000000000000002
642707	0.2
643374	0.15000000000000002
643762	0.15000000000000002
644600	0
645848	0.05
647070	0.05
647759	0.05
648805	0.05
650036	0.1
650635	0.1
651327	0.15000000000000002
653064	0.2
654202	0.2
655275	0.15000000000000002
656837	0.15000000000000002
657396	0
657746	0.05
658144	0.05
658536	0.05
659048	0
659733	0.05
660901	0.05
661957	0.05
662510	0.05
663393	0.1
664646	0.05
665757	0.05
667266	0
668481	0
668877	0
669601	0.05
670251	0.05
671089	0.05
671895	0.1
673492	0.1
675259	0.25
677064	0.35
678128	0.5499999999999999
679861	0.65
680937	0.5499999999999999
682558	0.39999999999999997
683944	0.3
684892	0.1
685592	0.1
686299	0.05
687293	0.1
690112	0.15000000000000002
691345	0.1
692107	0.05
692877	0
694243	0
695688	0.05
698345	0.1
699950	0.05
700984	0
702177	0
703211	0
704917	0.2
705921	0.2
706925	0.35
709037	0.15000000000000002
709953	0.05
710423	0.1
711200	0.1
711786	0
712420	0
713259	0
714378	0.15000000000000002
715659	0.25
716492	0.35
717605	0.5499999999999999
719361	1.800000000000001
720711	1.7000000000000008
721394	1.800000000000001
723072	1.6500000000000008
724693	1.7000000000000008
726012	1.7500000000000009
727895	1.7500000000000009
729237	2.4499999999999993
733939	2.549999999999999
735934	2.3999999999999995
736572	2.25
739255	1.5000000000000007
740216	0.9000000000000002
741815	0.6
743198	0.65
743921	0.6
744709	0.65
745532	0.6
746330	0.6
747246	0.9500000000000003
748451	1.0500000000000003
749343	0.7000000000000001
753826	0.7000000000000001
754727	0.05
755364	0.05
755733	0.1
756790	0.1
758047	0.15000000000000002
760106	0.1
762130	0
763597	0.05
764614	0.7500000000000001
767002	0.8500000000000002
769294	0.9000000000000002
772242	0.8500000000000002
773611	0
774252	0
774455	0
774954	0
775499	0.05
776063	0.05
776974	0
778386	0
779327	0
779993	0.05
782606	0.05
783525	0.05
784352	0.05
785127	0.05
786159	0
787219	0
788317	0.05
789405	0.1
790506	0.1
791547	0.05
793052	0
794250	0
794847	0
795475	0.05
796206	0.05
797083	0.05
798022	0.05
799083	0.1
800098	0.25
801285	0.3
802603	0.35
804633	0.35
806639	3.7999999999999945
807671	3.949999999999994
808612	0.15000000000000002
809864	0.05
810958	0.1
811899	0.1
812608	0.15000000000000002
814536	0.1
816193	0.1
817538	0.1
818311	0.05
818812	0
819170	0
819521	0
820236	0.3
821149	0.35
822020	0.15000000000000002
823118	0.05
824116	0.05
824835	0.05
825555	0.1
826685	0.1
828113	0.15000000000000002
829471	0.05
830307	0.1
831554	0.5499999999999999
832692	0.65
834077	0.65
835729	0.3
836893	0.25
837795	0.2
838323	0.1
838867	0.2
840390	0.2
841926	0.15000000000000002
842795	0.1
844367	0.15000000000000002
846102	0.1
846789	0.05
847631	0.1
848659	0.1
849653	0.1
850707	0.15000000000000002
851805	0.05
852933	0.15000000000000002
853416	0.15000000000000002
854206	0.05
855284	0.15000000000000002
856759	0.44999999999999996
858428	0.44999999999999996
859620	0.25
861390	0.1
863061	0.1
863973	0.05
864754	0
865746	0.15000000000000002
867050	0.25
868455	0.35
870180	0.25
871427	0.1
872345	0.05
874153	0.1
875999	0.2
877372	0.1
878439	0.05
879299	0.1
880167	0.1
881328	0.1
882355	0.1
883090	0.15000000000000002
884289	0.1
885085	0
885723	0.1
886694	0.1
887691	2.849999999999998
888976	2.849999999999998
890277	0.1
890624	0.05
891056	0.05
891545	0.05
892418	0.1
893195	0.1
894340	0.05
895557	0.15000000000000002
896610	0.15000000000000002
897506	0.1
898233	0.1
899081	0.1
900209	0.2
901200	0.1
901892	0
902622	0
903370	0.05
904209	0.25
904754	0.25
905328	0.15000000000000002
906246	0.15000000000000002
907567	0.15000000000000002
908793	0.1
910190	0.15000000000000002
911666	0.15000000000000002
912988	0.05
914407	0.2
915699	0.3
917302	0.3
918624	0.25
919792	0.2
921320	0.25
922478	1.0500000000000003
923073	1.0500000000000003
924402	1.2000000000000004
926334	1.1500000000000004
927080	0.2
928334	0.2
930079	0.15000000000000002
931567	0.1
932842	0.15000000000000002
935218	4.849999999999991
937677	4.99999999999999
938665	4.94999999999999
940074	5.4999999999999885
942181	5.599999999999988
943722	5.09999999999999
944464	5.04999999999999
945244	4.99999999999999
946445	5.04999999999999
947944	5.349999999999989
949114	5.399999999999989
949963	0.44999999999999996
950710	1.1000000000000003
952413	0.9000000000000002
954037	0.3
955752	0.2
957108	0.15000000000000002
958197	0.15000000000000002
959453	0.6
960646	0.65
961542	0.25
962831	0.15000000000000002
963970	0.2
965452	0.15000000000000002
967495	0.25
968859	0.15000000000000002
970005	0.15000000000000002
970764	0.1
971225	0
972198	0
973011	0
973929	0
974980	0
975974	0.1
978556	0.2
981970	0.15000000000000002
983349	0.05
983973	0.05
985114	0.3
986438	0.39999999999999997
988285	0.39999999999999997
989755	0.7500000000000001
991928	0.9000000000000002
993660	0.9500000000000003
994436	0.8000000000000002
995415	0.9000000000000002
996464	0.8000000000000002
997224	0.9000000000000002
998137	1.3000000000000005
998840	1.3000000000000005
1002342	1.2000000000000004
1003160	1.2500000000000004
1004312	0.39999999999999997
1005273	0.15000000000000002
1006223	0
1007045	0.05
1008898	0.05
1010917	0
1012627	0.05
1014079	0.05
1015177	0.05
1015798	0
1016265	0.05
1017419	0.05
1018711	0.1
1019533	0.05
1020664	0.05
1021452	0.1
1022811	0.05
1024125	0
1025498	0
1026786	0.1
1027442	0.1
1028152	0.05
1028562	0.05
1029366	0.05
1030203	0
1030503	0
1031088	1.6000000000000008
1032698	1.6500000000000008
1034150	0.39999999999999997
1035419	0.39999999999999997
1036063	0.35
1036553	0.39999999999999997
1037177	0.39999999999999997
1038512	0.44999999999999996
1039864	0.44999999999999996
1040491	0.44999999999999996
1041266	0.6
1043120	0.25
1044453	0.5499999999999999
1046897	0.49999999999999994
1048318	0.3
1049010	0.3
1049591	0.39999999999999997
1051567	0.49999999999999994
1052153	0.25
1052825	0.39999999999999997
1054783	0.9000000000000002
1056775	0.8500000000000002
1057608	0.25
1058670	0.3
1060529	0.15000000000000002
1062098	0.1
1062702	0.05
1063315	0.25
1064664	0.25
1066205	0.25
1066977	0.15000000000000002
1067410	1.2000000000000004
1068167	1.5500000000000007
1069175	1.0000000000000002
1070107	0.39999999999999997
1070660	0.35
1071365	0.3
1071966	0.2
1072518	0.25
1073408	0.25
1074561	0.35
1076901	0.39999999999999997
1079041	0.39999999999999997
1080059	0.39999999999999997
1081411	0.25
1081825	0.25
1082806	0
1084011	0.2
1085524	0.8000000000000002
1086312	0.7500000000000001
1087183	0.8500000000000002
1088848	1.0000000000000002
1091077	1.2000000000000004
1093555	2.4499999999999993
1095684	2.3999999999999995
1096336	3.649999999999995
1098355	3.7499999999999947
1099247	0.3
1099917	0.1
1100526	0.1
1101267	0.2
1101919	0.15000000000000002
1102346	0.15000000000000002
1102871	0.25
1104178	0.25
1104674	0.15000000000000002
1105127	0.15000000000000002
1105569	0.1
1106086	0.1
1107035	0.05
1108362	0.15000000000000002
1110119	0.25
1112149	0.1
1113692	0.05
1113994	0.15000000000000002
1114877	0.15000000000000002
1116122	0.15000000000000002
1117333	0.1
1118188	0.1
1118763	0.1
1119363	0.05
1120027	0.05
1120828	0.1
1121364	0.1
1122084	0.15000000000000002
1122993	0.05
1123730	0
1124722	0.05
1125854	0.05
1126480	0.1
1127267	0.05
1128606	0
1129622	0.05
1129981	0.05
1130533	0.05
1131226	0.05
1131640	0
1132201	0.05
1133178	0.1
1134179	0.15000000000000002
1135120	0.1
1135913	0.1
1136822	0.1
1137841	0.1
1139199	0.1
1140509	0.2
1142774	0.2
1145419	0.1
1146322	0
1147054	0
1147453	0
1148171	0
1149235	0.1
1150192	0.1
1151037	0
1151733	0
1152559	0.05
1153704	0.05
1154623	0.05
1155444	0.1
1156264	0.1
1157175	0.15000000000000002
1158585	0.3
1160456	0.25
1162064	0.15000000000000002
1162435	0
1162958	0
1163672	0
1164607	0
1165414	0.05
1166737	0.2
1167868	0.2
1168547	0.05
1169201	0.1
1169891	0.1
1172265	0.1
1174628	0.2
1176026	0.25
1176969	0.2
1177945	0.2
1179048	0.25
1179939	0.5499999999999999
1180873	0.39999999999999997
1181494	0.3
1182306	0.2
1183223	3.7499999999999947
1184045	3.7499999999999947
1185026	0.25
1186457	0.25
1187679	1.6500000000000008
1189046	1.6500000000000008
1190111	1.6500000000000008
1191301	1.6500000000000008
1192310	1.5000000000000007
1193220	1.5000000000000007
1194057	2.2
1194624	2.799999999999998
1195748	7.399999999999982
1197199	7.249999999999982
1197880	7.299999999999982
1199141	7.149999999999983
1200242	8.79999999999999
1200909	10.20000000000001
1201667	9.650000000000002
1201930	9.900000000000006
1202596	11.050000000000022
1203124	10.15000000000001
1203546	6.649999999999984
1203991	7.149999999999983
1204853	7.599999999999981
1205640	6.099999999999986
1205967	6.399999999999985
1206547	4.899999999999991
1207205	4.499999999999992
1210762	3.899999999999994
1211495	3.7999999999999945
1213693	3.1999999999999966
1214869	0.44999999999999996
1215907	0.49999999999999994
1216502	0.49999999999999994
1216872	0.6
1218089	0.65
1219092	0.9500000000000003
1220361	0.8500000000000002
1222469	0.6
1222786	0.35
1224412	0.35
1224955	0.05
1225732	0.1
1226784	0.1
1227271	0.15000000000000002
1227860	0.1
1228408	0
1229053	0.1
1229938	0.15000000000000002
1230976	0.25
1231820	0.15000000000000002
1232765	0.1
1233946	0
1235297	0.05
1236475	0.15000000000000002
1238220	0.1
1239414	0.44999999999999996
1241203	0.49999999999999994
1242623	0.05
1243485	0.15000000000000002
1244160	0.1
1244855	0.49999999999999994
1245380	0.5499999999999999
1246527	0.49999999999999994
1248405	0.2
1249441	0.3
1250303	0.39999999999999997
1252025	1.2000000000000004
1254518	1.3000000000000005
1256386	1.2000000000000004
1257266	1.2000000000000004
1258221	0.1
1258930	0.1
1259950	0.15000000000000002
1261434	0.15000000000000002
1262451	0.05
1263188	0.05
1264342	0.05
1265553	0
1266510	0
1267120	0
1267724	0
1268592	0.25
1271299	0.3
1272234	0.05
1272844	0
1273422	0
1274481	0.05
1275504	0.05
1276720	0.05
1277753	0
1278652	0.1
1281735	0.15000000000000002
1284373	0.7500000000000001
1285494	0.9000000000000002
1286187	1.2500000000000004
1288203	1.3000000000000005
1288903	0.9500000000000003
1289678	1.0000000000000002
1290748	0.9500000000000003
1291911	0.9500000000000003
1292715	0.9500000000000003
1293835	1.2000000000000004
1294721	1.5000000000000007
1295229	0.9500000000000003
1296783	0.6
1298921	0.44999999999999996
1299349	0.5499999999999999
1301975	0.7500000000000001
1303359	0.44999999999999996
1304288	0.44999999999999996
1305260	0.35
1306266	0.25
1306985	0.25
1307915	0.44999999999999996
1309642	0.7000000000000001
1310717	1.2000000000000004
1311441	0.65
1312047	0.25
1312620	0.3
1313291	0.3
1314339	4.449999999999992
1314971	4.399999999999992
1315520	2.3
1315945	2.3
1316819	1.4500000000000006
1317818	0.65
1319106	0.5499999999999999
1320586	0.49999999999999994
1322165	0.5499999999999999
1323660	0.5499999999999999
1324408	0.65
1325693	0.2
1327289	0.3
1328062	0.1
1328733	0
1329856	0.05
1330542	0.05
1332346	0.1
1334342	0.15000000000000002
1335224	0.1
1335374	0.25
1335619	0.2
1337168	0.2
1338865	0.05
1339712	0
1340397	0
1341142	0
1342259	0
1342821	0.05
1343219	0.15000000000000002
1343971	0.15000000000000002
1344522	0.15000000000000002
1345749	0.3
1347945	0.25
1349543	0
1350645	0.44999999999999996
1352231	0.49999999999999994
1353132	0.1
1354073	0.1
1354987	0.1
1356288	0.1
1357545	0.3
1358494	0.3
1360199	0.35
1361508	0.35
1362189	0.3
1363486	0.35
1364872	0.3
1366182	0.2
1367423	0.2
1368413	0.05
1368913	0
1369204	0.05
1369503	0.05
1369846	0.2
1371055	0.25
1372555	0.25
1373662	0.2
1374511	0.2
1375489	0.3
1376428	0.3
1377359	0.25
1379017	0.2
1380477	0.3
1381305	0.35
1382399	0.49999999999999994
1383462	0.35
1384815	0.39999999999999997
1386041	0.39999999999999997
1387490	0.49999999999999994
1388558	0.49999999999999994
1389412	0.44999999999999996
1390234	0.49999999999999994
1390771	0.7500000000000001
1391393	0.8000000000000002
1392440	0.8000000000000002
1394033	0.44999999999999996
1395406	0.25
1397493	0.2
1398147	0.2
1399150	0.3
1399978	0.65
1401010	0.7500000000000001
1402532	0.7500000000000001
1403910	0.8000000000000002
1405195	0.8500000000000002
1406260	0.9000000000000002
1407179	0.6
1408541	0.8000000000000002
1409394	0.5499999999999999
1410197	0.9000000000000002
1411480	5.299999999999989
1413344	5.299999999999989
1413635	5.899999999999987
1414388	6.099999999999986
1417625	5.399999999999989
1417923	5.549999999999988
1418118	7.299999999999982
1418853	6.099999999999986
1419389	6.8999999999999835
1420003	6.949999999999983
1420513	8.84999999999999
1420895	8.249999999999982
1421547	7.649999999999981
1422356	8.299999999999983
1423032	9.600000000000001
1424527	9.299999999999997
1425508	8.249999999999982
1425800	8.899999999999991
1426968	10.20000000000001
1429914	8.999999999999993
1435402	7.4499999999999815
1436326	0.8000000000000002
1439022	0.7500000000000001
1441191	0.6
1441532	0.39999999999999997
1442348	0.44999999999999996
1444370	0.49999999999999994
1445779	0.39999999999999997
1446043	0.9000000000000002
1446830	2.1000000000000005
1448268	2.0500000000000007
1450212	2.000000000000001
1452619	2.000000000000001
1454391	1.7500000000000009
1455011	1.7000000000000008
1455537	1.6500000000000008
1456173	1.7000000000000008
1456965	1.7500000000000009
1457880	1.850000000000001
1458658	0.35
1459790	0.44999999999999996
1460682	0.39999999999999997
1461495	0.39999999999999997
1462781	0.39999999999999997
1464014	0.3
1464766	0.7500000000000001
1474651	1.0000000000000002
1476297	0.65
1477923	0.7500000000000001
1478674	0.8000000000000002
1480016	0.8000000000000002
1481543	0.35
1482557	0.25
1485012	0.3
1487635	0.44999999999999996
1488951	0.44999999999999996
1489838	0.35
1490149	0.39999999999999997
1490655	0.15000000000000002
1491167	0.39999999999999997
1491763	0.49999999999999994
1492045	0.6
1493290	0.8000000000000002
1494609	1.0500000000000003
1495959	1.1000000000000003
1497701	1.0500000000000003
1498763	1.0500000000000003
1499207	1.0500000000000003
1499959	1.2000000000000004
1501069	1.1500000000000004
1501858	1.1000000000000003
1502791	1.3000000000000005
1503505	1.5500000000000007
1504291	1.2500000000000004
1505492	0.5499999999999999
1506440	0.25
1507761	0.3
1508919	0.6
1509374	0.5499999999999999
1509705	0.7500000000000001
1512226	0.65
1513323	0.25
1514301	0.25
1515159	0.1
1516290	0.39999999999999997
1517475	0.3
1517764	3.1999999999999966
1518106	3.049999999999997
1518587	3.1999999999999966
1519545	3.2999999999999963
1520594	3.349999999999996
1522014	3.2499999999999964
1523837	3.2999999999999963
1525230	4.249999999999993
1526555	4.94999999999999
1527046	6.699999999999984
1530163	7.349999999999982
1533168	4.049999999999994
1533566	1.950000000000001
1534446	1.2000000000000004
1535411	0.9500000000000003
1536277	0.7000000000000001
1536961	0.7500000000000001
1538081	0.9000000000000002
1540720	0.8000000000000002
1543366	1.5000000000000007
1546700	1.5500000000000007
1547694	0.05
1549242	0.05
1550903	0.7500000000000001
1551664	0.7500000000000001
1552540	1.0500000000000003
1553333	1.1500000000000004
1554820	0.9500000000000003
1555894	0.9000000000000002
1556172	0.8500000000000002
1556840	1.2500000000000004
1557575	1.3000000000000005
1558524	1.1000000000000003
1559462	1.3000000000000005
1560418	0.49999999999999994
1561706	0.6
1562785	0.6
1564533	0.65
1566449	0.49999999999999994
1568163	0.39999999999999997
1569721	0.35
1573798	0.39999999999999997
1576433	0.44999999999999996
1578499	0.39999999999999997
1580211	0.49999999999999994
1581683	0.44999999999999996
1583306	0.39999999999999997
1583860	0.39999999999999997
1585346	0.49999999999999994
1587277	0.44999999999999996
1588044	0.7000000000000001
1588574	3.2999999999999963
1591515	3.699999999999995
1592309	1.800000000000001
1599413	1.800000000000001
1600764	1.0000000000000002
1602257	0.9000000000000002
1603533	0.7500000000000001
1604543	0.7000000000000001
1605562	0.6
1606537	0.5499999999999999
1607144	0.44999999999999996
1607725	0.35
1608565	0.15000000000000002
1609954	0.39999999999999997
1611380	0.39999999999999997
1612145	0.25
1612788	0.15000000000000002
1614009	0.2
1615244	0.25
1616320	0.25
1617623	0.15000000000000002
1618575	0.15000000000000002
1619337	0.2
1619765	0.05
1620098	0.65
1620687	0.7000000000000001
1621925	0.25
1622693	0.49999999999999994
1623405	0.49999999999999994
1624301	0.8000000000000002
1625032	1.5500000000000007
1626357	2.6499999999999986
1627890	2.3499999999999996
1628695	2.3
1629316	2.6499999999999986
1630183	4.099999999999993
1631643	9.349999999999998
1637695	9.399999999999999
1638561	6.5999999999999845
1639278	7.499999999999981
1639790	7.79999999999998
1640209	6.749999999999984
1640677	5.849999999999987
1641446	6.349999999999985
1641961	6.8999999999999835
1642865	7.4499999999999815
1643779	6.399999999999985
1644776	7.4499999999999815
1645489	6.849999999999984
1645752	6.5999999999999845
1646571	7.699999999999981
1647235	7.499999999999981
1647491	9.600000000000001
1647735	8.399999999999984
1648137	8.449999999999985
1648729	8.74999999999999
1648932	7.299999999999982
1649127	7.149999999999983
1649703	5.749999999999988
1649889	5.1999999999999895
1653405	5.04999999999999
1654534	0.8500000000000002
1655510	0.6
1655978	0.44999999999999996
1656464	0.35
1657120	0.35
1657717	1.1500000000000004
1663298	1.1500000000000004
1664036	0.44999999999999996
1664813	0.1
1665943	0.05
1666871	0.15000000000000002
1667954	0.15000000000000002
1669145	0.15000000000000002
1670325	0.1
1671530	0.05
1672370	0.05
1672984	0.05
1673318	0.44999999999999996
1674430	0.5499999999999999
1675666	0.1
1677137	0.1
1678899	0
1680248	0.2
1681337	0.2
1681862	0.2
1682518	0.35
1683532	0.39999999999999997
1684723	0.3
1685886	0.3
1687554	0.35
1689163	0.25
1690606	0.44999999999999996
1691477	0.5499999999999999
1692218	0.49999999999999994
1693576	0.49999999999999994
1695165	0.35
1696751	0.25
1697656	0.25
1698666	0.35
1700151	0.25
1701543	0.25
1702733	0.2
1703788	0.25
1705056	0.1
1705470	0
1706057	0
1706637	0
1708030	0.2
1709671	0.2
1710514	0.05
1711175	0
1711840	0.15000000000000002
1712386	0.15000000000000002
1713520	0.15000000000000002
1714679	0.05
1715456	0.05
1716585	0.05
1717679	0
1718227	0
1719047	0
1720109	0.05
1720607	0.05
1721143	0
1721692	0.15000000000000002
1723127	0.35
1724394	0.35
1725184	0.3
1725800	0.1
1726322	0.1
1727207	0.05
1728040	0
1728670	0.1
1731395	0.1
1733927	0.1
1734842	0
1735668	0
1736705	0.1
1737500	0.1
1738356	0.15000000000000002
1739332	0.15000000000000002
1740516	0.05
1741987	0.05
1742921	0.05
1744143	0.05
1745499	0.1
1746852	0.2
1747933	0.3
1749129	0.3
1749955	0.15000000000000002
1750679	0.15000000000000002
1751396	0.25
1752779	0.35
1754164	0.25
1755036	0.05
1756404	0
1757539	0
1758223	0
1759082	0.1
1759913	0.15000000000000002
1761155	0.2
1762139	0.15000000000000002
1763265	0.05
1764202	0.05
1765028	0.05
1765427	0
1767157	0.1
1769630	0.3
1770793	0.25
1771678	0.3
1773144	0.35
1774222	0.3
1775065	0.15000000000000002
1776384	0.2
1777771	0.35
1778845	0.44999999999999996
1779492	0.3
1779999	0.35
1780870	0.15000000000000002
1782039	0.15000000000000002
1782827	0.2
1783854	0.35
1785923	0.25
1787861	0
1788958	0.05
1789708	0.05
1790526	0.1
1791663	0.2
1792499	0.15000000000000002
1793183	0.05
1793833	0.1
1794662	1.0000000000000002
1795402	0.9500000000000003
1796750	0.05
1798450	0.05
1799571	0
1799900	0.05
1800313	0.05
1801606	0.3
1805218	0.3
1805704	0.2
1806834	0.05
1807545	0.05
1808226	0.1
1808965	0.15000000000000002
1809714	0.05
1810506	0
1811629	0.25
1812730	0.25
1813552	0.25
1814997	0.2
1816760	0.05
1817824	0.05
1819024	0.05
1819630	0.1
1820535	0.15000000000000002
1821459	0.1
1822087	0.05
1822871	0.05
1823958	0
1824649	0.05
1825382	0.15000000000000002
1826439	0.15000000000000002
1827587	0.25
1828995	0.2
1830248	0.1
1831372	0.05
1832831	0.1
1833756	0.25
1834454	0.25
1835161	0.2
1835789	0.15000000000000002
1836656	0.2
1837979	0.2
1839073	0.15000000000000002
1840120	0.15000000000000002
1841093	0.1
1841693	0.15000000000000002
1841999	0.05
1843042	0.35
1844351	0.39999999999999997
1845979	0.44999999999999996
1847486	0.05
1848400	0.05
1849765	0.25
1851368	0.2
1852207	0.15000000000000002
1853300	0.2
1854475	0.25
1855481	0.3
1856454	0.39999999999999997
1857351	0.35
1858311	0.44999999999999996
1859539	0.35
1860794	0.35
1861838	0.25
1862222	0
1863268	0
1864292	0.2
1865209	0.2
1866099	0.15000000000000002
1867875	0.1
1869596	0.1
1871122	0.25
1872786	0.2
1873825	0.1
1874575	0.1
1875164	0.3
1876263	0.2
1877082	0.05
1877405	0.1
1878227	0.2
1879131	0.25
1879494	0.1
1879768	0.2
1880440	0.3
1881347	0.15000000000000002
1882454	0.3
1883918	0.35
1885227	0.25
1886327	0.2
1887421	0.15000000000000002
1888936	0
1890241	0
1890919	0.05
1892280	0.05
1893537	0.05
1894282	0
1894641	0
1895485	0
1896459	0
1897614	0.05
1899226	0.05
1900807	0.25
1902533	0.3
1903482	0.1
1904320	0.05
1905030	0.15000000000000002
1905971	0.15000000000000002
1906655	0.2
1907330	0.15000000000000002
1908404	0.1
1909044	0
1909703	0.1
1910962	0.2
1912135	0.15000000000000002
1913792	0
1915185	0
1915906	0
1916899	0.15000000000000002
1918826	0.2
1920939	0.1
1921898	0.05
1922174	0
1922641	0.35
1923535	0.39999999999999997
1924155	0.05
1924782	0.05
1925223	0.1
1925768	0.1
1926451	0.05
1927809	0.3
1929377	0.35
1929822	0.2
1930212	0.2
1930602	0.05
1931470	0.05
1932435	0.1
1933698	0.1
1935576	0.15000000000000002
1936554	0.15000000000000002
1937086	0.15000000000000002
1938370	0.5499999999999999
1939707	0.6
1940974	0.1
1942144	0.05
1943039	0
1943806	0.15000000000000002
1944851	0.25
1945670	0.1
1946552	0.1
1947115	0.1
1947781	0.1
1948434	0.05
1949636	0.1
1951115	1.5500000000000007
1951804	1.6000000000000008
1952463	0.35
1953073	0.05
1953927	0.1
1955792	0.2
1957582	0.2
1958893	0.1
1959563	0.05
1960928	0.1
1962216	0.1
1962776	0.15000000000000002
1964011	0.2
1965617	0.25
1966715	0.2
1967242	0.1
1967976	0.05
1968934	0.25
1970183	0.25
1971860	0.3
1973087	0.1
1974342	0.15000000000000002
1975792	0.25
1976695	0.2
1977555	0.15000000000000002
1978022	0.25
1979967	0.3
1980900	0.15000000000000002
1981987	0.2
1983047	0.3
1984312	0.25
1985633	0.05
1987176	0.05
1987632	0.05
1988383	0.05
1988964	0.05
1989370	0.05
1990286	0.05
1991286	2.8999999999999977
1992543	2.9499999999999975
1993790	0.1
1995031	0.05
1995930	0.05
1996471	0.05
1997438	0.05
1998145	0.1
1998987	0.2
2000013	0.25
2000748	0.15000000000000002
2001429	0.2
2002858	0.25
2004575	0.25
2005508	0.15000000000000002
2005895	0.05
2006899	0
2007883	0.15000000000000002
2008879	0.3
2009595	0.49999999999999994
2010155	1.3500000000000005
2010839	1.5500000000000007
2011443	1.5500000000000007
2012176	1.5000000000000007
2012857	1.5500000000000007
2014058	0.39999999999999997
2015377	0.49999999999999994
2016211	0.5499999999999999
2017240	0.49999999999999994
2018167	0.3
2018949	0.15000000000000002
2019850	0.15000000000000002
2020589	0.3
2021294	0.35
2021686	0.35
2022237	0.25
2022750	0.25
2023285	0.3
2024279	0.15000000000000002
2024729	0.1
2025099	0.15000000000000002
2025918	0.25
2027170	0.25
2028279	0.2
2028907	0.05
2029999	0.05
2030683	0.15000000000000002
2031608	0.15000000000000002
2032731	0.7500000000000001
2033270	1.5500000000000007
2034802	1.5500000000000007
2035048	2.000000000000001
2036260	1.7000000000000008
2037473	0.2
2038543	0.05
2039162	0.05
2039980	0.15000000000000002
2040800	0.2
2041700	1.5000000000000007
2042633	3.4999999999999956
2044049	5.1999999999999895
2044822	2.1500000000000004
2048462	1.900000000000001
2052976	1.7000000000000008
2054301	0.7500000000000001
2055788	2.6499999999999986
2057216	4.099999999999993
2058930	4.799999999999991
2060439	4.399999999999992
2061474	4.849999999999991
2062858	4.749999999999991
2063927	3.599999999999995
2064850	3.699999999999995
2065490	7.79999999999998
2068831	10.450000000000014
2073098	10.450000000000014
2075545	8.14999999999998
2078037	6.999999999999983
2079196	2.4499999999999993
2080062	0.2
2081025	0.25
2081964	1.3000000000000005
2083469	1.5000000000000007
2084339	0.35
2084969	0.3
2086383	0.3
2087804	0.05
2088716	0.2
2089338	0.15000000000000002
2089587	0.1
2090641	0.1
2091749	0
2092933	0
2094001	0
2094830	0
2095493	0.1
2096232	0.15000000000000002
2096919	1.0000000000000002
2097811	1.1500000000000004
2099030	1.3000000000000005
2100565	6.549999999999985
2103950	6.249999999999986
2104789	6.349999999999985
2105561	6.199999999999986
2106643	6.199999999999986
2107777	6.349999999999985
2108960	6.649999999999984
2109859	5.899999999999987
2111526	4.299999999999993
2112518	3.7499999999999947
2113880	3.8499999999999943
2115199	1.4500000000000006
2116517	1.5500000000000007
2117764	1.4500000000000006
2119419	1.7000000000000008
2120857	1.7000000000000008
2122294	1.1000000000000003
2123802	0.9000000000000002
2125134	0.6
2125984	0.44999999999999996
2126707	0.35
2127753	0.25
2128614	0.25
2129277	0.15000000000000002
2130269	0.25
2131461	0.2
2132311	0.25
2132977	0.44999999999999996
2134571	0.35
2135876	0.7000000000000001
2138693	0.8500000000000002
2140685	0.2
2141924	0.05
2142627	0.2
2144924	0.25
2147116	0.25
2148350	0.2
2150012	0.35
2151415	0.25
2152051	0.25
2152798	4.499999999999992
2153773	4.449999999999992
2154639	4.249999999999993
2156824	4.099999999999993
2159924	4.299999999999993
2162171	4.199999999999993
2163577	4.049999999999994
2164637	4.299999999999993
2165355	4.6499999999999915
2166348	6.349999999999985
2167411	6.499999999999985
2168147	2.6499999999999986
2169161	0.8500000000000002
2172353	1.2500000000000004
2174823	1.0500000000000003
2175690	0.6
2176777	0.49999999999999994
2178038	0.3
2179459	0.05
2180597	0.7000000000000001
2181578	0.65
2182408	0.7000000000000001
2183242	0.7000000000000001
2184116	0.7000000000000001
2184907	1.4500000000000006
2185660	1.5500000000000007
2186329	0.8000000000000002
2187129	1.0000000000000002
2187897	1.2000000000000004
2189670	1.2000000000000004
2191263	0.7000000000000001
2191951	0.5499999999999999
2192655	0.25
2193613	0.2
2195316	0.65
2202095	0.7500000000000001
2204130	5.899999999999987
2205140	5.849999999999987
2206834	0.5499999999999999
2208535	0.5499999999999999
2210022	0.49999999999999994
2211455	0.39999999999999997
2211961	0.15000000000000002
2212602	0
2213801	1.5500000000000007
2215231	1.5500000000000007
2215710	0.05
2216110	0.1
2216944	0.1
2217978	0.05
2219022	0.1
2220825	0.1
2223042	0.05
2224404	0
2225337	0
2226090	0.1
2226889	0.15000000000000002
2227918	0.35
2229911	0.39999999999999997
2230823	0.2
2231366	0
2232286	0
2233237	0.1
2233719	0.1
2234652	0.2
2235882	0.25
2237248	0.3
2238529	0.2
2239849	0.25
2241148	0.15000000000000002
2242388	0.05
2243318	0.05
2244328	0.25
2245773	0.25
2247797	0.2
2249177	0.05
2250241	0
2251268	0.1
2252244	0.3
2254715	0.3
2255665	0.49999999999999994
2257898	0.49999999999999994
2258825	0.25
2260564	0.3
2261896	0.2
2262930	0.25
2264453	0.25
2265168	0.2
2265736	0.25
2266978	0.25
2268322	0.25
2269210	0.15000000000000002
2270262	0.1
2271504	0.1
2273271	0.1
2274726	0.15000000000000002
2275785	0.05
2277094	0.1
2278065	0.05
2279165	0.05
2280135	0
2281512	0
2282659	0
2283443	0
2284242	0
2285256	0.8500000000000002
2290823	0.8500000000000002
2291884	0
2292685	0
2293932	0.05
2295140	0.05
2295481	0.05
2295951	0.05
2296693	0
2297329	0
2297958	0
2298493	0.1
2299146	0.1
2299912	0.1
2301510	0.05
2302881	0.05
2303250	0.05
2303688	0.05
2304149	0.1
2305931	0.2
2307793	0.44999999999999996
2309016	0.5499999999999999
2309873	0.6
2311006	0.6
2312197	0.49999999999999994
2314824	0.49999999999999994
2316502	0.5499999999999999
2318451	0.8500000000000002
2320956	0.7500000000000001
2322558	0.8000000000000002
2323778	0.65
2324434	0.35
2325417	0.35
2326701	0.3
2327755	0.49999999999999994
2328972	0.44999999999999996
2330040	0.39999999999999997
2332245	0.7000000000000001
2334647	0.49999999999999994
2335800	0.15000000000000002
2338106	0.2
2339928	0.1
2342269	0.1
2346007	0.1
2347949	0
2348641	1.1000000000000003
2349147	1.4000000000000006
2349790	1.6500000000000008
2350473	1.5000000000000007
2351695	1.1500000000000004
2353461	1.1500000000000004
2354894	1.1000000000000003
2356116	1.3500000000000005
2357908	1.3500000000000005
2358443	1.5500000000000007
2359507	1.6000000000000008
2360811	0.5499999999999999
2361820	0.44999999999999996
2363032	0.35
2364004	0
2364766	0.05
2365319	0.15000000000000002
2366488	0.15000000000000002
2367555	0.15000000000000002
2369030	0.05
2370463	0.05
2371734	0.05
2372724	0.05
2373085	0.05
2373405	0
2374325	0
2375481	0.05
2376390	0.05
2377213	0.05
2378424	0.1
2379995	0.1
2380874	0.05
2381312	0.05
2382066	0.25
2383320	0.49999999999999994
2384858	0.5499999999999999
2386345	0.44999999999999996
2387185	0.49999999999999994
2388068	0.25
2388846	0.25
2389540	0.3
2390776	0.3
2392276	0.1
2394125	0.05
2395194	0
2395619	0
2396179	0
2396953	0
2398802	0
2400886	0.05
2401802	0.05
2402956	0
2404282	0
2404850	0.05
2405417	0.1
2406172	0.15000000000000002
2408169	0.1
2409161	0
2410436	0
2411764	0
2412347	0
2412904	0
2414071	0.05
2415819	0.1
2417862	0.1
2418905	0.05
2419509	0.05
2420163	0.05
2420944	0
2421506	0.05
2422154	0.2
2424122	0.2
2424875	0.05
2425573	0
2426397	0.1
2427400	0.2
2428341	0.15000000000000002
2429479	0
2430519	0
2431353	0
2432308	0
2433469	0
2434411	0
2435230	0
2436142	0
2437283	0.7500000000000001
2438447	0.8500000000000002
2439531	0.25
2440995	0.1
2442767	0.1
2444030	0.1
2444477	0.05
2445155	0
2445972	0.05
2446930	0.05
2447974	0.05
2448881	0.3
2449638	0.35
2450320	0.25
2450831	0.15000000000000002
2451328	0.15000000000000002
2451960	0.5499999999999999
2455364	0.5499999999999999
2456569	1.2500000000000004
2458087	1.7500000000000009
2459814	6.199999999999986
2460792	6.149999999999986
2461976	6.299999999999986
2463541	6.5999999999999845
2464629	7.249999999999982
2465767	12.050000000000036
2468674	12.250000000000039
2469796	12.100000000000037
2472249	12.800000000000047
2472634	13.250000000000053
2473062	14.550000000000072
2473785	9.049999999999994
2474444	6.649999999999984
2475252	6.099999999999986
2475692	5.549999999999988
2476025	3.7999999999999945
2476410	2.2
2477161	1.2500000000000004
2478515	0.9000000000000002
2479866	0.15000000000000002
2481407	0.2
2482757	0.2
2484062	0.25
2486170	0.39999999999999997
2488595	0.39999999999999997
2489714	0.3
2491103	0.25
2492629	0.25
2494084	0.15000000000000002
2494835	0.05
2495171	0.05
2496105	0
2497676	0
2499519	0.05
2500750	0.05
2501558	0.25
2503237	0.25
2505028	0.15000000000000002
2506089	0.2
2507270	0.2
2508079	0.1
2508943	0.15000000000000002
2510258	0.1
2511164	0.05
2512087	0.2
2513643	0.3
2516737	0.25
2518631	0.25
2519019	0.1
2519964	0.3
2522035	0.39999999999999997
2523357	0.35
2524461	0.39999999999999997
2525509	0.39999999999999997
2526393	0.35
2527445	0.1
2528050	1.850000000000001
2529168	1.850000000000001
2530740	1.800000000000001
2531843	1.7500000000000009
2532894	1.7500000000000009
2533892	1.7500000000000009
2534929	1.7500000000000009
2536088	1.800000000000001
2536811	1.850000000000001
2537529	1.950000000000001
2538116	1.850000000000001
2539127	0.1
2540265	0
2541241	0
2542095	0.05
2543020	0.1
2544227	0.2
2545180	0.15000000000000002
2546221	0.2
2547385	0.2
2548754	0.2
2550095	0.15000000000000002
2550928	0
2551501	0
2551925	0
2552786	0.7500000000000001
2553674	0.8000000000000002
2554656	0.9000000000000002
2555478	0.8000000000000002
2556070	0.8500000000000002
2556853	0.8000000000000002
2557998	1.2000000000000004
2560634	1.4000000000000006
2561492	1.5500000000000007
2561809	1.2500000000000004
2562319	1.3000000000000005
2562820	0.5499999999999999
2563780	0.5499999999999999
2564176	0.5499999999999999
2564927	0.5499999999999999
2566182	0.6
2567494	0.15000000000000002
2568917	0.05
2569919	0
2571049	0.05
2571906	0.05
2572303	0
2572997	0.1
2573903	0.1
2574652	0
2575217	0.05
2575637	0.15000000000000002
2577237	0.2
2579141	0.15000000000000002
2580637	0.15000000000000002
2582255	0.1
2583190	0.05
2584535	0.15000000000000002
2586581	0.3
2589151	0.2
2591425	0.1
2592170	0
2592862	0.05
2593421	0.1
2594851	0.15000000000000002
2596305	0.25
2597261	0.3
2597805	0.1
2598348	0.15000000000000002
2599321	0.05
2600192	0
2600713	0.05
2601509	0.25
2602827	0.25
2604320	0.44999999999999996
2605530	0.35
2606587	0.25
2607707	0.15000000000000002
2609320	0.25
2610436	0.2
2611085	0.2
2611663	0.2
2612906	0.2
2614358	0.25
2615350	0.1
2616825	0.05
2617757	0.05
2618448	0
2619515	0
2620559	0
2621715	0
2622553	0.05
2624077	0.05
2625885	0.15000000000000002
2627816	0.2
2629196	0.15000000000000002
2629394	0.1
2630052	0.1
2630595	1.5500000000000007
2631746	1.5500000000000007
2633337	0.05
2634917	0.3
2635706	0.3
2636620	0.1
2638063	0.05
2638973	0
2639938	0
2641245	0
2642337	0
2643706	0
2644648	0.1
2646149	0.15000000000000002
2649806	0.15000000000000002
2652916	0.15000000000000002
2654545	0.1
2655716	0
2656636	0
2656915	0
2658010	0
2659209	0
2659724	0
2660096	0
2660924	0
2661887	0
2662953	0.05
2663843	0.1
2664817	0.1
2666075	0.1
2667276	0.3
2668451	0.3
2669712	0.3
2670649	0.25
2671068	0.2
2671631	0.3
2672648	0.35
2673557	0.44999999999999996
2674252	0.3
2675230	0.15000000000000002
2676326	0.15000000000000002
2677605	0.25
2678875	0.25
2681104	0.25
2683459	0.15000000000000002
2684880	0.1
2686430	0.05
2687239	0
2688136	0
2689149	0.05
2690362	0.1
2693599	0.15000000000000002
2696579	0.1
2697605	0
2698232	0
2699183	0.6
2699793	0.6
2700808	0
2701363	0
2702105	0
2702933	0
2703723	0
2704822	0
2706224	0.05
2707561	0.05
2708276	0
2709079	0
2709724	0
2711231	0
2712395	0.05
2713563	0.1
2714879	0.15000000000000002
2715716	0.15000000000000002
2716257	0.1
2717098	0.1
2718009	0.25
2718944	0.2
2719572	0.25
2721283	0.2
2723404	0.15000000000000002
2724315	0.1
2725097	0.7500000000000001
2732886	0.8000000000000002
2734668	0.25
2735521	0.1
2736514	0.15000000000000002
2737324	0.2
2738325	0.15000000000000002
2739508	0.05
2740615	0.15000000000000002
2741544	0.2
2742134	0.2
2742996	0.25
2743866	0.44999999999999996
2744356	0.44999999999999996
2744955	0.05
2745644	0
2746061	0
2747114	0
2748320	0.1
2749439	0.8500000000000002
2750411	3.899999999999994
2751270	3.7999999999999945
2752625	3.949999999999994
2753775	3.949999999999994
2754153	3.949999999999994
2754512	4.94999999999999
2755137	6.8999999999999835
2755616	10.000000000000007
2758122	10.000000000000007
2758750	10.300000000000011
2759689	10.650000000000016
2762445	5.749999999999988
2764345	5.349999999999989
2766454	5.14999999999999
2767169	5.04999999999999
2770053	4.94999999999999
2770563	0.39999999999999997
2771997	0.15000000000000002
2772463	0.1
2772936	0.1
2774169	0.15000000000000002
2786563	0.2
2789473	0.2
2790616	0.1
2791997	0.1
2793375	0.25
2794953	0.2
2796005	0.05
2796561	0.05
2796949	0.1
2797360	0.05
2797782	0.05
2798293	0
2799388	0
2799822	0
2800310	0.05
2800845	0.05
2801170	0.05
2802420	0.1
2803981	0.1
2805416	0.05
2806542	0.05
2807628	0.2
2808449	0.15000000000000002
2809034	0.2
2809985	0.05
2810511	0.1
2811035	0.15000000000000002
2812013	0.2
2813385	0.39999999999999997
2814475	0.39999999999999997
2815661	0.05
2816726	0.1
2817220	0.2
2819053	0.2
2820696	0.15000000000000002
2822389	0.25
2823238	0.25
2824097	0.3
2825086	0.25
2826113	0.2
2826871	0.15000000000000002
2827547	0.15000000000000002
2828126	0.15000000000000002
2828800	0.1
2829433	0.15000000000000002
2830295	0.15000000000000002
2831532	0.05
2833195	0.1
2834478	0.25
2836299	0.25
2837841	0.35
2838760	0.3
2840252	0.3
2841702	0.6
2842808	0.5499999999999999
2843241	0
2843826	0
2844481	0
2845616	0
2846950	0
2848328	0.05
2849543	0.05
2850204	0
2850822	0
2851437	0
2852000	0
2852696	0
2853759	0.15000000000000002
2855377	0.25
2856629	0.6
2856950	0.5499999999999999
2858373	0.65
2860088	0.39999999999999997
2860850	0.35
2861884	0.25
2862918	0.3
2863912	0.25
2864624	0.3
2865783	0.7500000000000001
2867055	0.7000000000000001
2868183	0.3
2869206	0.05
2869893	0
2870779	0.65
2871540	0.7000000000000001
2872135	0.7000000000000001
2872664	0.65
2873175	0.65
2873689	0.65
2874705	0.65
2875875	0.65
2877099	1.0000000000000002
2878711	1.1000000000000003
2879313	1.2000000000000004
2880087	0.49999999999999994
2880711	0.5499999999999999
2881596	0.7500000000000001
2882396	0.8000000000000002
2883384	0.8500000000000002
2885886	0.9500000000000003
2887945	0.5499999999999999
2889243	0.05
2890998	0
2892396	0.1
2893292	0.15000000000000002
2894049	0.15000000000000002
2894483	0.2
2895349	0.3
2896165	0.25
2897237	0.2
2898691	0.2
2899880	0.3
2901230	0.39999999999999997
2902635	0.6
2905082	0.7000000000000001
2905627	0.3
2906147	0.5499999999999999
2907292	0.39999999999999997
2908847	0.05
2910289	0.15000000000000002
2910923	0.2
2911215	0.25
2912534	0.44999999999999996
2914349	0.3
2916435	0.25
2918715	0.2
2920076	0.25
2921424	0.15000000000000002
2922759	0
2923393	0.05
2923948	0.05
2925007	0
2925772	0
2926990	0.05
2928873	0.05
2930259	0.1
2931432	0.1
2932439	0.05
2933364	0.25
2934893	0.25
2936471	0.25
2938177	0
2939099	0
2939733	0.05
2940693	0.05
2941433	0
2942108	0
2943031	0.1
2943939	0.1
2944763	0
2945439	0.05
2946629	2.549999999999999
2948383	2.499999999999999
2949907	0.05
2951548	0
2954232	0.05
2957440	0.05
2960744	0
2962602	0
2962952	0.05
2963434	0.05
2963942	0.05
2964758	0.05
2965599	0.05
2967311	0
2968712	0
2969403	0
2970006	0
2970776	0
2971380	0.05
2972117	0.05
2973265	0.1
2974934	0.15000000000000002
2977114	0.15000000000000002
2978268	0.1
2979488	0.1
2980289	0
2981473	0.05
2982877	0.05
2983706	0
2985001	0.1
2986461	0.15000000000000002
2987852	0.35
2988315	0.35
2988906	0.39999999999999997
2989545	0.39999999999999997
2989889	0.35
2990147	0.44999999999999996
2990777	0.49999999999999994
2991513	0.5499999999999999
2992782	0.6
2993747	0.8000000000000002
2994228	0.8500000000000002
2994681	0.65
2995014	0.9000000000000002
2995529	3.4499999999999957
2995884	3.649999999999995
2998431	4.3499999999999925
2999513	2.25
3001454	0.3
3003053	0.25
3003728	0.1
3004897	0.15000000000000002
3006858	0.15000000000000002
3008108	0.2
3009369	0.15000000000000002
3010720	0.05
3011927	0.1
3013426	0.15000000000000002
3014672	0.05
3015449	0.05
3017609	0.15000000000000002
3019825	0.1
3020929	0.1
3022751	0.1
3025051	0.2
3026427	0.2
3027804	0.15000000000000002
3028768	0.1
3029971	0.2
3032091	0.25
3032879	0.25
3033339	0.15000000000000002
3034415	0.1
3035624	0.1
3037239	0.1
3038467	0.05
3039295	0
3040115	0
3040619	0
3040937	0
3041803	0
3042818	0
3043467	0
3044384	0.1
3045529	0.15000000000000002
3047604	0.15000000000000002
3049354	0.05
3050120	0.05
3051716	0.05
3052929	0.05
3054177	0
3055155	0
3055776	0.1
3056488	0.1
3057794	0.05
3058995	0.05
3059496	0.2
3060199	0.39999999999999997
3061922	0.39999999999999997
3063484	0.35
3064385	0.44999999999999996
3065541	0.49999999999999994
3066725	0.35
3067710	0.15000000000000002
3068490	0.2
3069377	0.2
3070704	0
3072040	0
3073181	0.15000000000000002
3074332	0.2
3074940	0.15000000000000002
3075699	0.15000000000000002
3076817	0.3
3078165	0.25
3079108	0.25
3080639	0.3
3082292	0.39999999999999997
3083337	0.49999999999999994
3084923	0.25
3086524	0.1
3087283	0.3
3088981	0.3
3090024	0.25
3090700	0.05
3091499	0.05
3092353	0.05
3093182	0.05
3093708	0.1
3094590	0.1
3095450	0.1
3096103	0.05
3096528	0.05
3096977	0
3097835	0.2
3099061	0.25
3100205	0.2
3101263	0.25
3101970	0.2
3102492	0.15000000000000002
3103539	0.15000000000000002
3104230	0.15000000000000002
3104972	0.2
3106342	0.3
3108087	0.44999999999999996
3109906	6.699999999999984
3110858	6.949999999999983
3111549	1.850000000000001
3112481	1.900000000000001
3113272	1.3000000000000005
3113947	1.3500000000000005
3116831	1.3500000000000005
3120438	1.0500000000000003
3122719	0.5499999999999999
3124029	0.2
3124847	0.15000000000000002
3125996	0.15000000000000002
3127271	0.15000000000000002
3128654	0.15000000000000002
3129611	0.9500000000000003
3131874	1.0000000000000002
3132833	0.25
3133593	0.35
3134477	0.44999999999999996
3135621	0.44999999999999996
3137592	0.35
3139160	0.1
3139840	0.05
3140147	0.05
3140555	0.1
3141039	0.2
3142137	0.2
3143575	0.15000000000000002
3144647	0.15000000000000002
3145702	0.15000000000000002
3146593	0.35
3147668	0.3
3148417	0.3
3149224	0.15000000000000002
3150104	0.1
3151030	0.05
3151617	0
3152829	0.05
3153892	0.05
3154740	0.05
3155936	0.1
3157036	0.2
3158113	0.15000000000000002
3158755	0.15000000000000002
3160036	0.44999999999999996
3161963	0.44999999999999996
3163112	0.05
3164844	0.2
3166914	0.35
3168048	0.35
3168396	0.35
3168990	0.44999999999999996
3169480	0.1
3170157	0.1
3171158	0.39999999999999997
3172820	0.35
3173299	0.49999999999999994
3174450	0.49999999999999994
3175715	0.1
3176419	0.1
3177069	0.05
3177595	0.1
3178855	0.05
3180079	0.05
3181001	0.2
3182026	0.15000000000000002
3182936	0.05
3183466	0.25
3184139	0.44999999999999996
3184985	0.9000000000000002
3190255	0.9500000000000003
3191164	0.39999999999999997
3191839	0.39999999999999997
3192522	0.25
3193694	0.3
3196036	0.25
3198221	0.2
3200314	0.3
3201517	0.2
3202510	0.1
3203720	0
3204405	0
3205002	0.1
3205790	0.15000000000000002
3206918	0.15000000000000002
3207673	0.2
3208755	0.15000000000000002
3210036	0.1
3210888	0.05
3211979	0.05
3213967	0.15000000000000002
3215220	0.7500000000000001
3216109	0.6
3217090	0
3218316	0.7500000000000001
3220128	2.3
3221081	2.25
3221957	2.25
3224179	2.3499999999999996
3225946	2.3999999999999995
3226950	2.3999999999999995
3228336	2.4499999999999993
3230063	2.499999999999999
3232674	2.7499999999999982
3233936	2.5999999999999988
3234298	1.950000000000001
3235307	0.35
3236211	0.2
3236886	0.15000000000000002
3237804	0.1
3239062	0.15000000000000002
3240566	0.15000000000000002
3241468	0.1
3242570	0.05
3244035	0
3245873	0.44999999999999996
3247040	0.49999999999999994
3248104	0.05
3248630	0
3249153	0
3249527	0
3249885	0
3250226	0
3250713	0
3251517	0.05
3252486	0.2
3253089	0.15000000000000002
3253766	0.2
3254669	0.1
3255125	0.1
3255996	0.1
3257344	0.25
3258967	0.25
3259915	0.05
3261271	0.1
3263056	0.1
3264351	0
3265533	0.15000000000000002
3266596	0.39999999999999997
3268123	0.44999999999999996
3269008	0.49999999999999994
3271197	0.44999999999999996
3272312	0.05
3273172	0.1
3274240	0.2
3276067	0.3
3277169	0.25
3277569	0.3
3278260	0.3
3279554	0.2
3280453	0.05
3280901	1.2000000000000004
3281397	1.2000000000000004
3282553	1.0000000000000002
3283573	1.0500000000000003
3284408	1.2000000000000004
3285086	1.2500000000000004
3285873	1.2000000000000004
3286674	1.3500000000000005
3287718	1.4500000000000006
3288437	1.5500000000000007
3290072	1.5000000000000007
3291886	0.44999999999999996
3292905	0.25
3294418	0.05
3295591	0.05
3296104	0
3296696	0.05
3297618	0.1
3298528	0.15000000000000002
3299233	0.1
3299693	0.1
3300117	0
3300506	0
3301014	0
3301982	0
3302928	0
3303951	0.1
3305195	0.1
3306915	0
3308482	0
3310100	0
3311549	0
3312305	0
3312977	0.05
3314678	0.05
3316782	0.05
3317780	0.1
3319308	0.25
3320746	0.25
3322339	0.2
3323401	0
3324487	0.05
3325972	0.1
3327349	0.05
3327936	0
3328477	0.05
3329679	0.05
3331168	0
3332252	0
3332990	0
3333295	0
3334195	0
3335048	0
3335864	0.05
3336683	0.05
3337109	0
3337573	0
3338185	0
3338857	0
3339660	0
3340763	0
3341759	0
3342556	0
3343123	0
3343658	0
3344306	0
3345433	0
3346316	0
3346823	0
3347542	0
3348102	0
3348768	0.05
3349445	0.05
3350132	0.15000000000000002
3351857	0.15000000000000002
3353585	0.2
3356908	0.15000000000000002
3359907	0.35
3361558	0.39999999999999997
3362449	0.49999999999999994
3363997	0.5499999999999999
3367284	0.6
3368390	0.44999999999999996
3369246	0.25
3369912	0
3370691	0
3371829	0.2
3373129	0.2
3374093	0.3
3375552	0.2
3376527	0.15000000000000002
3377101	0.05
3378011	0.05
3378437	0
3379433	0
3380390	0.05
3381426	0.1
3382733	0.1
3383799	0.05
3384938	0
3385669	0
3385993	0
3387204	0
3388660	0
3389235	0.1
3389984	0.15000000000000002
3391305	0.15000000000000002
3394358	0.05
3397060	0.1
3398081	0.05
3398631	0
3399426	0
3400565	0
3402362	0.05
3403971	0.2
3405671	0.2
3406591	0.35
3407496	0.35
3408332	0
3409510	0.05
3410762	0.1
3411419	0.3
3412095	0.44999999999999996
3412710	0.35
3413134	0.49999999999999994
3414442	0.7000000000000001
3418139	0.6
3418500	0.6
3419160	0.44999999999999996
3419670	0.5499999999999999
3420724	0.35
3421876	0.25
3422815	0.65
3429513	0.7000000000000001
3429894	0.3
3430429	0.25
3431129	0.2
3431691	0.15000000000000002
3432227	0.3
3432998	0.35
3433944	0.25
3434687	0.25
3435851	0.3
3437206	0.2
3438229	0.15000000000000002
3438540	0.1
3438917	0.1
3439325	0.05
3439807	0.05
3440534	0
3441365	0
3441903	0
3442293	0.05
3442676	0.05
3443431	0.05
3444322	0
3444632	0
3444977	0
3445420	0
3445873	0
3446349	0
3446731	0
3447168	0.05
3447610	0.05
3447963	0
3448441	0
3448663	0
3448964	0
3449532	0
3450067	3.099999999999997
3450387	3.2499999999999964
3450953	3.2499999999999964
3451533	3.349999999999996
3451983	3.349999999999996
3452611	3.349999999999996
3453114	3.5499999999999954
3453717	3.7499999999999947
3454663	3.8499999999999943
3455985	4.099999999999993
3457353	4.049999999999994
3459079	0.9500000000000003
3460415	0.8000000000000002
3461241	0.8000000000000002
3461722	0.44999999999999996
3462162	0.15000000000000002
3462637	0.2
3463415	0.25
3464503	0.25
3465312	0.25
3465881	0.2
3466487	0.05
3466894	0.25
3468506	0.6
3472457	0.6
3473811	0
3474365	0
3474821	0
3475152	0
3475525	0
3476079	0.05
3477013	0.05
3477749	0.05
3478202	0
3478692	0.1
3479704	0.15000000000000002
3480882	0.15000000000000002
3482245	0.15000000000000002
3483713	0.05
3484327	0
3484924	0
3485616	0
3486436	0
3487848	0.05
3489570	0.1
3490547	0.05
3491162	0.1
3491536	0.05
3492011	0.05
3493158	0
3495282	0
3496714	0
3497406	0
3498514	0.05
3499531	0.25
3500578	0.25
3501779	0.25
3502755	0.3
3503559	0.25
3504417	0.35
3505477	0.3
3506684	0.25
3507524	0.3
3508151	0.25
3509200	0.3
3510394	0.3
3511241	0.25
3511891	0.15000000000000002
3513136	0.15000000000000002
3514010	0.1
3514720	0.2
3515495	0.2
3516663	0.35
3517942	0.2
3518803	0.1
3520069	0.05
3520817	0.05
3521229	0.05
3521702	0.15000000000000002
3522361	0.1
3524147	0.05
3525869	0.05
3527536	0.05
3529003	0.05
3529548	0
3530213	0
3531577	0.1
3533629	0.2
3535192	0.15000000000000002
3536224	0.05
3537050	0.05
3538545	0.1
3540276	0.1
3541567	0.1
3542846	0.2
3544459	0.2
3545223	0
3545911	0.05
3547217	0.05
3549028	0
3551276	0.1
3554437	0.35
3556341	0.39999999999999997
3557466	0.3
3559067	0.2
3560101	0.1
3561037	0.05
3561660	0.1
3562765	0.9500000000000003
3563864	0.9500000000000003
3565357	0.7000000000000001
3567316	0.05
3568680	0
3570332	1.0000000000000002
3572409	1.0000000000000002
3574326	0.9500000000000003
3575367	1.1000000000000003
3576391	1.1000000000000003
3577328	0.9500000000000003
3578228	0.9500000000000003
3579297	1.0000000000000002
3580286	1.1500000000000004
3581382	1.5000000000000007
3582452	1.5000000000000007
3583246	0.6
3584481	0.49999999999999994
3584901	0.44999999999999996
3585952	0.35
3587163	0.05
3587741	0.05
3588645	0.1
3589604	0.05
3590467	0
3591667	0.15000000000000002
3593080	0.15000000000000002
3593822	0
3594841	0.05
3595940	0.05
3597005	0
3598175	0.25
3599106	0.44999999999999996
3600356	0.2
3601557	0.05
3602413	0
3603496	0
3604691	0
3605113	0
3605430	0
3606064	0.05
3607550	0.1
3608873	0.1
3609549	0.05
3610233	0.2
3611141	0.2
3612389	0.39999999999999997
3613262	0.35
3614454	0.15000000000000002
3615713	0.1
3616598	0.05
3617397	0.05
3618179	0.1
3618788	0.8000000000000002
3623590	1.0000000000000002
3626241	0.9500000000000003
3628170	0.15000000000000002
3630068	0.39999999999999997
3631779	0.65
3633037	0.7000000000000001
3633839	0.65
3635367	1.2000000000000004
3636809	0.9500000000000003
3638391	0.05
3639552	0.05
3640328	0.05
3641596	0.1
3642756	0.05
3644161	0
3645806	0.05
3646975	0.05
3647902	0.2
3648704	0.2
3649579	0.3
3650449	0.44999999999999996
3651682	0.39999999999999997
3654244	0.39999999999999997
3654948	0.44999999999999996
3655542	0.35
3656135	0.05
3656574	0
3657281	0.05
3658629	0.15000000000000002
3659033	0.15000000000000002
3659810	0.15000000000000002
3661970	0.2
3664254	0.25
3665398	0.2
3668489	0.3
3670416	0.25
3671593	0.1
3672827	0.05
3673868	0
3675447	0.05
3677320	0.05
3678803	0.05
3679883	0.15000000000000002
3681192	0.15000000000000002
3682804	0.05
3684604	0.15000000000000002
3687436	0.35
3689708	0.35
3691419	0.35
3693927	0.5499999999999999
3695597	0.6
3696091	0.5499999999999999
3697249	0.7000000000000001
3698121	0.65
3699053	0.7500000000000001
3700033	0.6
3701198	0.6
3702366	0.2
3703356	0.1
3704310	0.1
3705280	0.2
3706901	0.5499999999999999
3709629	0.8000000000000002
3711403	0.5499999999999999
3712585	1.0500000000000003
3713373	1.0500000000000003
3713872	1.0500000000000003
3715227	1.0500000000000003
3716876	1.1000000000000003
3717797	1.1000000000000003
3718689	1.0500000000000003
3719623	1.0500000000000003
3720155	1.0500000000000003
3720524	1.2500000000000004
3720940	1.3000000000000005
3723362	0.39999999999999997
3724862	0.25
3725562	0.25
3726384	0.3
3727142	0.39999999999999997
3727577	0.44999999999999996
3728644	0.44999999999999996
3730104	0.49999999999999994
3731627	0.44999999999999996
3732971	0.35
3734310	0.35
3735568	0.35
3736765	0.35
3738512	0.25
3740331	0.2
3741345	0.39999999999999997
3742108	0.44999999999999996
3743232	0.49999999999999994
3743976	0.65
3744564	0.8000000000000002
3745442	0.7000000000000001
3746587	0.49999999999999994
3747832	0.44999999999999996
3748908	0.39999999999999997
3749662	0.3
3750433	0.65
3751498	0.65
3752479	0.44999999999999996
3754266	0.49999999999999994
3754648	0.49999999999999994
3755742	0.8500000000000002
3757251	0.39999999999999997
3758939	0.25
3760553	0.3
3761651	1.3500000000000005
3768407	1.5000000000000007
3771563	1.1500000000000004
3773237	0.1
3774998	0.05
3775865	0.05
3776275	0.1
3776846	0.6
3778226	0.5499999999999999
3779442	0
3780422	0
3781451	0
3782151	0.05
3783151	0.05
3783894	0
3784316	0
3784799	0
3786032	0
3787467	0.39999999999999997
3788580	0.44999999999999996
3789564	0.44999999999999996
3790832	0.39999999999999997
3791953	0.5499999999999999
3793262	1.2500000000000004
3794453	2.0500000000000007
3795452	2.000000000000001
3796458	2.3
3797577	2.5999999999999988
3798775	2.8999999999999977
3799770	2.499999999999999
3800616	2.549999999999999
3801491	2.3499999999999996
3802548	2.3499999999999996
3803597	2.3499999999999996
3804648	0.6
3805551	0.35
3806505	0.1
3807599	0.05
3809178	0.05
3810064	0
3810747	0.05
3811333	0.05
3811556	0
3812225	0.05
3813341	0.1
3814158	0.05
3814792	0.05
3815447	0.05
3816206	0
3817107	1.2500000000000004
3818172	1.2500000000000004
3819182	0.5499999999999999
3820329	0.1
3821739	0.1
3822243	0
3823454	0
3824859	0
3826250	0.1
3828062	0.15000000000000002
3829640	0.1
3831311	0.35
3833378	0.3
3835238	4.549999999999992
3837545	4.499999999999992
3838709	1.900000000000001
3839584	0.35
3840361	0.65
3841168	0.7000000000000001
3842176	0.49999999999999994
3843122	0.49999999999999994
3844847	0.35
3846471	0.25
3847964	0.15000000000000002
3849385	0.05
3850431	0.6
3850947	0.5499999999999999
3851940	0.25
3853597	0.3
3854514	0.3
3855362	0.1
3855789	0.05
3856133	0.39999999999999997
3856639	0.44999999999999996
3857657	0.65
3859258	0.49999999999999994
3860729	0.6
3861261	0.5499999999999999
3861668	0.65
3865442	0.39999999999999997
3866683	0.05
3867215	0.05
3867930	0.05
3868669	0.1
3869909	0.25
3871084	0.44999999999999996
3872424	0.3
3873303	0.3
3874035	0.2
3874815	0.2
3875766	0.25
3876546	0.1
3877266	0.1
3878912	0.15000000000000002
3880684	0.1
3881771	0.1
3883027	0.05
3884406	0.05
3884689	0
3885899	0
3887510	0.2
3889437	0.3
3890859	0.15000000000000002
3892202	0.6
3893244	0.6
3894255	0.5499999999999999
3894935	0.5499999999999999
3895940	0.65
3897106	1.1000000000000003
3897739	1.3500000000000005
3898315	1.3000000000000005
3899032	1.3000000000000005
3899992	1.4500000000000006
3901412	1.4000000000000006
3902995	0.9000000000000002
3904658	0.7500000000000001
3906149	0.7000000000000001
3907215	0.6
3907979	0.05
3908994	0.05
3909918	0.05
3911005	0.6
3912753	0.65
3914515	0.15000000000000002
3915762	0.1
3916684	0.05
3917833	0.05
3919086	0.05
3920136	0
3920653	0
3921069	0
3921643	0.05
3922250	0.1
3923368	0.05
3924688	0
3926233	0
3926774	0.05
3927651	0.1
3928877	0.1
3930345	0.25
3932250	0.39999999999999997
3933560	0.3
3934530	0.3
3935770	0.44999999999999996
3936723	0.7000000000000001
3937758	0.7500000000000001
3938723	0.7000000000000001
3939898	0.35
3940981	0.3
3947547	0.3
3948255	0.2
3949209	0.44999999999999996
3951051	0.39999999999999997
3951936	0.15000000000000002
3952332	0.15000000000000002
3952948	0.05
3954403	0.05
3956103	0
3957373	0
3958707	0
3959672	0.1
3960351	0.15000000000000002
3961687	0.2
3963487	0.05
3964997	0
3965925	0
3967046	0.1
3967795	0.1
3968467	0.15000000000000002
3969554	0.05
3970698	0.05
3971891	0.1
3973055	0.15000000000000002
3974804	0.15000000000000002
3975711	0.05
3976903	0.1
3978064	0.05
3979277	0
3980326	0.05
3981579	0.1
3983575	0.2
3985179	0.35
3987284	0.25
3988475	0.05
3989458	0.05
3990306	0.1
3992426	0.1
3993899	0.5499999999999999
3994623	0.49999999999999994
3995174	0
3995936	0.1
3996735	0.1
3997541	0
3999064	0.25
4000674	0.39999999999999997
4001901	0.9000000000000002
4002609	0.9000000000000002
4003003	0.7500000000000001
4003733	0.7500000000000001
4004463	0.05
4005296	0
4006775	0.05
4008067	0.15000000000000002
4008749	0.15000000000000002
4009681	0.1
4010600	0.1
4011525	0.1
4012339	0.1
4014183	0.9000000000000002
4015761	0.8500000000000002
4016811	0.3
4018046	0.3
4019232	0
4019926	0.05
4021046	0.05
4022079	0
4022475	0
4023124	0.15000000000000002
4023945	0.15000000000000002
4024577	0.05
4025734	0.05
4026877	0.05
4028190	0.05
4029876	0.1
4031826	0.1
4032799	0.15000000000000002
4033870	0.1
4034880	0.2
4041169	0.1
4041707	0.05
4042203	0.05
4042908	0
4043731	0.15000000000000002
4044914	0.2
4046136	0.2
4046814	0.2
4048359	0.15000000000000002
4050449	0.15000000000000002
4051601	0.1
4052731	0.1
4053702	0.05
4054573	0.1
4055814	0.2
4057329	0.15000000000000002
4059318	0.25
4060802	0.3
4061655	0.44999999999999996
4062879	0.7500000000000001
4063949	0.7000000000000001
4068258	0.65
4069938	0.7000000000000001
4071135	0.6
4072212	0.7000000000000001
4073123	0.65
4074187	0.6
4075061	0.49999999999999994
4075852	0.39999999999999997
4076582	0.15000000000000002
4077233	0.05
4077967	1.1500000000000004
4078902	1.3000000000000005
4079400	1.4500000000000006
4079848	0.44999999999999996
4080060	0.35
4080763	2.1000000000000005
4081542	1.800000000000001
4082308	1.7500000000000009
4083979	1.7500000000000009
4085528	1.7500000000000009
4086432	2.000000000000001
4087529	2.2
4088981	2.2
4090390	2.25
4091640	2.3499999999999996
4092600	2.3999999999999995
4093281	0.65
4093860	0.2
4095352	0.15000000000000002
4096713	0.15000000000000002
4098154	0.25
4099025	0.25
4100008	0.3
4101120	0.2
4102181	0.05
4103159	0.05
4104288	0.05
4105321	0
4106070	1.3500000000000005
4106920	1.4500000000000006
4107369	0.1
4108033	0.1
4109328	0.05
4110307	0.05
4111123	0
4111914	0
4112535	0
4113116	0
4113507	0
4114099	0
4115074	0
4116468	0
4117667	0.1
4118640	0.2
4119087	0.1
4119886	0.05
4121081	0.1
4122022	0.05
4122807	0
4123943	0.15000000000000002
4125711	0.15000000000000002
4127119	0.8500000000000002
4127590	0.9000000000000002
4128236	0.3
4129252	0.1
4131051	0.39999999999999997
4133061	0.44999999999999996
4134925	0.1
4136560	0.15000000000000002
4137348	0.15000000000000002
4138483	0.15000000000000002
4139377	0.2
4140970	0.25
4143069	0.15000000000000002
4143784	0.2
4145143	0.3
4146697	0.25
4147308	0.05
4147891	0.1
4149398	0.1
4151772	0.05
4154271	0.1
4155503	0.15000000000000002
4156401	0.1
4157536	0.3
4158948	0.3
4160090	0.25
4161419	0.25
4161950	0.1
4162720	0.3
4164561	0.3
4165856	0.44999999999999996
4172571	0.44999999999999996
4173564	0.15000000000000002
4174539	0.3
4177549	0.3
4178015	0.1
4178661	0.1
4179231	0.1
4180244	0.1
4180742	0.15000000000000002
4183259	0.15000000000000002
4187461	0.25
4190055	0.15000000000000002
4191301	0.15000000000000002
4192250	0.1
4192737	0.1
4193198	0.05
4193886	0
4195151	0
4196570	0
4197289	0.05
4198248	0.1
4199125	0.2
4199799	0.15000000000000002
4200417	0.1
4200943	0.05
4201475	0.15000000000000002
4202624	0.3
4203982	0.25
4205286	0.1
4206737	0.65
4213425	0.65
4213901	0.65
4214744	0.3
4216278	0.15000000000000002
4217761	0.1
4219464	0.2
4221394	0.15000000000000002
4223216	0.2
4225669	0.25
4228546	0.3
4229797	0.49999999999999994
4230790	0.44999999999999996
4231495	0.8000000000000002
4232558	0.7500000000000001
4234582	0.25
4236027	0.15000000000000002
4236581	0.15000000000000002
4237265	0.1
4238682	0.25
4240530	0.3
4241516	0.15000000000000002
4243071	0.2
4244303	0.05
4245824	0.1
4246559	0.15000000000000002
4247341	0.15000000000000002
4248641	0
4250014	0.2
4250525	0.3
4250800	0.35
4251619	0.3
4252754	0.2
4253452	0.05
4255254	0.05
4256821	0.05
4257419	0
4258458	0
4259341	0
4259745	0.3
4260448	0.35
4260952	1.6000000000000008
4262187	1.5500000000000007
4262961	0.05
4263739	0.39999999999999997
4265021	0.5499999999999999
4266321	0.3
4267710	0.5499999999999999
4268910	0.49999999999999994
4269770	0.5499999999999999
4270446	0.05
4270836	0.1
4272460	0.05
4274393	0.39999999999999997
4274900	0.39999999999999997
4276264	0.15000000000000002
4277221	0.25
4277701	0.25
4279153	0.15000000000000002
4280804	0.25
4282429	0.15000000000000002
4284077	0.15000000000000002
4285056	0.1
4286392	0.15000000000000002
4288482	0.15000000000000002
4289528	0.1
4290143	0
4290954	0.05
4292359	0.05
4293354	0
4293841	0
4295137	0
4296780	0.2
4298058	0.25
4299156	0.1
4300297	0.15000000000000002
4302052	0.25
4303593	0.2
4304265	0.2
4305604	0.44999999999999996
4307334	0.39999999999999997
4308130	0.35
4308979	0.5499999999999999
4310214	0.6
4311574	0.49999999999999994
4312546	0.44999999999999996
4313574	0.44999999999999996
4314032	0.39999999999999997
4314723	0.2
4315321	0.1
4315803	0.1
4316650	0.1
4317555	0.05
4318385	0
4319183	0.15000000000000002
4320131	0.15000000000000002
4320955	0.1
4321470	0
4322059	0.05
4322627	0.05
4323844	0.1
4324771	0.1
4325519	0.05
4326566	0.15000000000000002
4328249	0.25
4329799	0.25
4331253	0.2
4332160	0
4332731	0
4333616	0
4334768	0.05
4336362	0.1
4337548	0.2
4339389	0.39999999999999997
4341174	0.3
4342588	0.39999999999999997
4344085	0.35
4345243	0.35
4346503	0.1
4348074	0.15000000000000002
4349674	0.15000000000000002
4350846	0.25
4351958	0.49999999999999994
4352221	0.65
4352732	0.49999999999999994
4352994	0.25
4353958	0.35
4355682	0.39999999999999997
4357543	0.44999999999999996
4359364	0.7000000000000001
4361165	3.099999999999997
4363020	2.9499999999999975
4364193	0.1
4365187	0.1
4366122	0.1
4367609	0.1
4368902	0.15000000000000002
4369784	0.1
4370834	0.05
4371848	0.05
4372985	0.05
4373799	0.05
4375143	0.05
4375982	0.15000000000000002
4376379	0.15000000000000002
4376626	0.15000000000000002
4377033	0.05
4377455	0.1
4378377	0.25
4379186	0.25
4379574	0.2
4380150	0.2
4381414	0.3
4383131	0.3
4384612	0.25
4385550	0.25
4385867	0.2
4387708	0.15000000000000002
4389876	0
4390983	0
4391876	0
4393497	0.05
4394847	0.1
4395815	0.15000000000000002
4396733	0.1
4398335	0.1
4399727	0.1
4400442	0.1
4401312	0.1
4402667	0.1
4403802	0.05
4404484	0.1
4405336	0.1
4406402	0.05
4407874	0
4409640	0.15000000000000002
4410333	0.2
4410902	0.2
4411631	0.15000000000000002
4412178	0.25
4412706	0.25
4413609	0.25
4415087	0.1
4416154	0.05
4416605	0.05
4417326	0.05
4418075	0.1
4419093	0.15000000000000002
4420678	0.1
4421545	0.05
4421940	0.05
4422511	0.3
4423273	0.25
4424043	0.1
4424653	0.15000000000000002
4425315	0.05
4425677	0
4425952	0.05
4426332	1.2000000000000004
4427025	1.5500000000000007
4427932	1.5500000000000007
4428398	0.39999999999999997
4429245	0.2
4430570	0.39999999999999997
4431652	0.39999999999999997
4432573	0.2
4433594	0.25
4434303	0.35
4435593	0.35
4437125	0.39999999999999997
4438176	0.2
4438985	0.25
4439690	0.2
4440543	0.2
4441857	0.15000000000000002
4443248	0.2
4446001	0.2
4448064	0.39999999999999997
4448572	0.39999999999999997
4448885	0.35
4449387	0.39999999999999997
4450440	0.25
4451809	0.39999999999999997
4453085	0.35
4454080	0.15000000000000002
4455110	0.1
4456471	0.1
4457589	0.1
4458635	0.1
4459704	0.2
4460132	0.1
4461591	0.15000000000000002
4463881	0.2
4465469	0.1
4466772	0.1
4468973	0.15000000000000002
4470720	0.15000000000000002
4471216	0
4471927	0.35
4473011	0.44999999999999996
4473696	0.44999999999999996
4474420	0.39999999999999997
4475088	0.65
4476344	0.44999999999999996
4478681	0.44999999999999996
4479285	0.15000000000000002
4480328	0.25
4482409	0.25
4484058	0.2
4485195	0.3
4486778	1.1000000000000003
4487859	1.3500000000000005
4489312	2.2
4490640	2.1000000000000005
4491865	2.1500000000000004
4492969	2.3999999999999995
4493890	2.3999999999999995
4494904	2.3499999999999996
4495699	9.349999999999998
4496624	9.099999999999994
4499798	9.950000000000006
4500258	8.649999999999988
4500611	8.899999999999991
4502767	7.84999999999998
4504666	7.499999999999981
4505846	7.199999999999982
4506510	7.7499999999999805
4506801	7.7499999999999805
4510004	5.14999999999999
4511936	0.9000000000000002
4512910	0.8000000000000002
4513857	0.8000000000000002
4515515	0.8500000000000002
4517240	2.000000000000001
4517974	1.950000000000001
4519831	1.2000000000000004
4521345	1.1500000000000004
4525409	0.9000000000000002
4526497	0.9000000000000002
4527221	1.950000000000001
4527764	1.3500000000000005
4528514	1.3500000000000005
4531090	1.3500000000000005
4532810	1.3000000000000005
4533511	1.950000000000001
4533924	3.149999999999997
4535523	2.849999999999998
4537104	1.850000000000001
4538212	1.800000000000001
4539143	1.900000000000001
4541258	1.6500000000000008
4542335	1.5000000000000007
4543389	1.800000000000001
4544018	1.3500000000000005
4544666	1.2000000000000004
4548536	0.7500000000000001
4549259	0.7000000000000001
4550624	0.3
4552228	0.15000000000000002
4553631	0.15000000000000002
4554480	0.39999999999999997
4554986	0.39999999999999997
4555905	0.35
4556624	0.6
4557189	0.39999999999999997
4557833	0
4558940	0.05
4559769	0.15000000000000002
4560338	0.44999999999999996
4561207	0.49999999999999994
4562086	2.549999999999999
4563228	2.499999999999999
4563796	2.549999999999999
4564305	3.049999999999997
4565274	3.4499999999999957
4566606	4.6499999999999915
4567903	5.449999999999989
4571833	5.299999999999989
4573172	5.349999999999989
4575495	5.449999999999989
4577435	6.549999999999985
4578656	5.699999999999988
4579669	5.549999999999988
4580765	5.449999999999989
4582253	3.399999999999996
4585005	2.799999999999998
4587406	2.3
4588387	1.1500000000000004
4588977	1.800000000000001
4590204	2.3499999999999996
4592484	1.7500000000000009
4594041	0.8000000000000002
4595394	0.35
4596501	0.15000000000000002
4598295	0
4599942	0.05
4600606	0.05
4601247	0
4601860	0.05
4602473	0.1
4603839	0.15000000000000002
4604498	0.15000000000000002
4605269	0.2
4605922	0.25
4607184	0.1
4608009	0.05
4608408	1.7000000000000008
4608984	1.7000000000000008
4610208	0.05
4611698	0.05
4612208	0.05
4612947	0
4613870	0.2
4615111	0.2
4616290	0.2
4617712	0.1
4618890	0.05
4620214	0.1
4621242	0.15000000000000002
4622434	0.2
4623609	0.1
4624467	0.1
4625379	0.05
4626603	0.35
4627931	0.39999999999999997
4628664	0.35
4629688	0
4631701	0
4632938	0
4633489	0.05
4634120	0.05
4634875	0.05
4635757	0.05
4636351	0.15000000000000002
4637408	0.2
4638854	0.15000000000000002
4639948	0
4641285	undefined
