organism=Escherichia_coli_300_genomes	genome=GCF_000005845.2_ASM584v2	contig=NC_000913.3	method=by strains complexity
position	complexity
1568	0
3267	0
4377	0.038461538461538464
5382	0.057329462989840346
6071	0.09402979969017704
7244	0.0367003367003367
8714	0
9599	0
10211	0
10999	0
11584	0.03333333333333333
13121	0.03333333333333333
14733	0.17744495647721453
18072	0.16077828981054787
19170	0.2658886476426799
20946	0.2658886476426799
21877	0.015151515151515152
23799	0.015151515151515152
25454	0
26050	0
26752	0.04285714285714286
27750	0.07083053878828527
28784	0.042259110216856695
30225	0.0136986301369863
32427	0.06739232383068
34497	0.0536936936936937
35076	0.013157894736842105
35769	0.026144907723855092
37047	0.03846575365562707
38506	0.03813696851671535
39815	0.03765822784810127
41174	0.03734567901234568
42788	0.036735922914784704
43658	0.024390243902439025
44823	0
45606	0
46472	0.023255813953488372
47511	0.03475006682705159
48700	0.034485796213943765
50007	0.06729372375439792
50801	0.05593008739076155
51417	0
52019	0
52921	0.010752688172043012
54059	0.021390986044383435
55932	0.010638297872340424
57771	0.020517676767676768
58799	0.03082695511819223
59200	0.03082695511819223
60016	0.040927965219202334
61811	0.0301010101010101
64604	0.0301010101010101
66202	0.02
67586	0.02
69198	0.03
70826	0.09
71733	0.08
72578	0.02
73716	0.04
74988	0.07
76471	0.060000000000000005
77453	0.04
78210	0.04
79150	0.05
80164	0.03
81412	0.03
82743	0.04
84840	0.05
86492	0.04
87602	0.03
88530	0.03
89863	0.01
90564	0.01
91214	0.03
92296	0.02
93909	0.02
95329	0.01
96543	0.01
97745	0.01
99025	0
100177	0
101502	0
102693	0
103570	0
104613	0
105880	0
107015	0.01
107923	0.02
109631	0.05
111238	0.03
111747	0.01
112227	0
112909	0.02
113965	0.03
115123	0.03
116406	0.04
117329	0.03
118198	0.02
119008	0.01
119708	0.02
120863	0.02
122474	0
124348	0.01
126641	0.01
128624	0.01
130333	0.03
132913	0.02
134569	0.02
135185	0.01
136031	0
136724	0.01
137858	0.02
140030	0.02
141699	0.02
142339	0
143242	0
144087	0
144797	0
145695	0.01
146504	0.01
147419	0.04
148369	0.03
149204	0.060000000000000005
150334	0.1
151301	0.11999999999999998
151928	0.08
152527	0.08
154127	0.11
155831	0.11
156591	0.07
157492	0.04
158411	0
159649	0.01
160376	0.01
161134	0.02
161766	0.02
163319	0.02
165997	0.08
168605	0.07
170176	0.04
171020	0.04
172453	0.04
174242	0.03
175817	0.02
176782	0.02
177312	0.03
178062	0.03
178804	0.04
179995	0.03
181596	0.03
183041	0.05
183902	0.060000000000000005
184628	0.02
185535	0.03
187314	0.01
189109	0.01
190236	0
191282	0
192217	0
193150	0.01
194119	0.01
195285	0.01
195740	0.01
196159	0.01
197222	0.02
199144	0.02
200724	0.01
201483	0
202328	0
202954	0
203922	0
204791	0.01
206867	0.01
209100	0.03
210749	0.03
212071	0.03
212980	0.01
213808	0.01
214025	0.02
214563	0.02
215044	0
215624	0.02
216591	0.02
217916	0.03
219240	0.02
219793	0.02
220520	0.02
221294	0.04
222129	0.05
223120	0.16
229568	0.15
230424	0.11999999999999998
231532	0.01
232237	0.01
233207	0.01
234404	0.01
235177	0
235768	0
236428	0.09
237727	0.18000000000000002
238496	0.2300000000000001
238915	0.5800000000000003
239804	0.5800000000000003
240593	0.060000000000000005
242081	0.07
243832	0.07
244710	0.05
245435	0.07
246100	0.07
246372	0.08
247148	0.15
247885	0.16
249227	0.3000000000000001
250509	0.25000000000000006
251425	0.11
252151	0.11
252500	0.11
252974	0.11999999999999998
253600	0.1
253952	0.11
254987	0.11
256206	0.08
257149	0.07
258870	0.08
259572	0.1
260939	0.1
262129	0.7400000000000004
263160	0.7900000000000005
265423	0.8500000000000005
269735	0.8000000000000005
273419	0.8400000000000005
275203	0.7900000000000005
276014	0.7600000000000005
277181	0.7600000000000005
278279	0.7500000000000004
278995	0.8000000000000005
281400	0.8300000000000005
286086	0.8200000000000005
287594	0.8100000000000005
288783	0.8200000000000005
291865	0.8100000000000005
293569	0.7900000000000005
294372	0.7600000000000005
295030	0.7600000000000005
295359	0.7600000000000005
296358	0.7500000000000004
297586	0.7800000000000005
298248	0.4200000000000002
299835	0.36000000000000015
301409	0.35000000000000014
302228	0.4000000000000002
303298	0.3900000000000002
304850	0.18000000000000002
305995	0.14
308069	0.11999999999999998
309692	0.14
310377	0.15
311017	0.17
312444	0.16
312647	0.1
313191	0.18000000000000002
314800	0.21000000000000005
316793	0.18000000000000002
318022	0.14
319338	0.1
320654	0.07
321967	0.07
323051	0.07
324105	0.07
325030	0.14
326412	0.16
327997	0.07
329040	0.07
330479	0.11
332915	0.14
333967	0.11999999999999998
334773	0.12999999999999998
335582	0.12999999999999998
336356	0.12999999999999998
337551	0.16
339034	0.17
339929	0.16
340640	0.18000000000000002
341816	0.18000000000000002
343408	0.18000000000000002
344583	0.12999999999999998
345982	0.1
346621	0.08
347650	0.07
349127	0.07
349741	0.060000000000000005
350596	0.060000000000000005
351940	0.060000000000000005
353649	0.07
355551	0.060000000000000005
356812	0.060000000000000005
358240	0.060000000000000005
359128	0.05
359724	0.07
360555	0.09
361554	0.1
362552	0.11
364768	0.12999999999999998
366973	0.18000000000000002
368003	0.14
369443	0.07
370749	0.09
371672	0.08
372519	0.08
373396	0.07
374374	0.060000000000000005
376064	0.07
377041	0.07
377951	0.04
379016	0.03
379743	0.060000000000000005
380455	0.09
381065	0.08
383337	0.11999999999999998
383994	0.09
384337	0.1
385713	0.08
386590	0.01
387384	0.01
388220	0.02
389240	0.11999999999999998
394817	0.1
395708	0.07
396383	0.05
397249	0.05
398419	0.05
399179	0.03
399699	0.02
400376	0.02
401516	0.03
402454	0.03
403441	0.02
404260	0.02
405239	0.03
405993	0.03
406667	0
407074	0
407766	0
408319	0.05
408687	0.05
409596	0.05
410598	0.03
411931	0.04
414180	0.02
416351	0.01
417486	0
418536	0.01
420250	0.02
421672	0.02
423423	0.05
424627	0.060000000000000005
425546	0.02
426700	0.01
427453	0.02
428587	0.02
429990	0.02
430778	0.01
431571	0.02
432581	0.04
433226	0.03
434006	0
434882	0
435346	0
436122	0
436848	0.03
437648	0.03
439246	0.01
440651	0.01
441222	0
442273	0.01
443346	0.02
444059	0.02
444928	0.04
445984	0.07
447260	0.07
447881	0.02
448353	0.01
449645	0.01
451136	0.01
452807	0.01
453878	0
454632	0
455782	0
456988	0.01
458063	0.02
460065	0.01
461587	0
462850	0.02
464122	0.03
464601	0.01
465199	0.01
466462	0.04
467821	0.060000000000000005
468612	0.03
469757	0.03
471526	0.01
472767	0.02
473609	0.01
474731	0.01
475665	0.02
476137	0.04
476848	0.04
477842	0.03
479016	0.03
479642	0.01
480199	0.01
480521	0.02
485022	0.04
486084	0.03
488217	0.02
490190	0.01
490548	0
491070	0
491687	0
493057	0.01
494240	0.01
494707	0
496057	0
497497	0
498536	0
499493	0.01
500777	0.01
502400	0.01
504086	0.05
505740	0.05
506842	0.04
507683	0.04
508388	0.05
510127	0.04
512107	0.04
513222	0.060000000000000005
514196	0.11
514630	0.07
515314	0.01
516257	0.03
516972	0.03
517852	0.02
518725	0.03
519435	0.03
520076	0.04
521623	0.11
527765	0.11
528770	0.1
529830	0.08
530679	0.07
531758	0.04
532692	0.04
533418	0.03
534806	0.08
536098	0.09
537025	0.1
538360	0.1
539827	0.1
541215	0.08
542460	0.060000000000000005
543653	0.060000000000000005
544674	0.060000000000000005
545838	0.060000000000000005
547513	0.060000000000000005
548986	0.02
550034	0
550885	0
552060	0
552845	0.01
553579	0.01
554190	0
555303	0
556292	0
556767	0.01
557308	0.11
558483	0.11999999999999998
559320	0.12999999999999998
560998	0.16
562830	0.14
563587	0.11
564164	0.25000000000000006
565396	0.5300000000000002
566229	0.7300000000000004
566731	0.8700000000000006
568481	0.7300000000000004
569665	0.8300000000000005
571168	0.8100000000000005
571852	0.8100000000000005
572693	0.8100000000000005
573006	0.6000000000000003
573229	0.6200000000000003
573552	0.6700000000000004
573801	0.8000000000000005
574147	0.8700000000000006
574590	0.8300000000000005
576291	0.9200000000000006
577861	0.9100000000000006
578746	0.9400000000000006
579983	0.7300000000000004
582367	0.6900000000000004
584055	0.36000000000000015
585156	0.2900000000000001
586527	0.24000000000000007
587536	0.17
589468	0.14
592059	0.45000000000000023
594049	0.46000000000000024
595101	0.05
596286	0.060000000000000005
597297	0.07
598090	0.05
600285	0.04
602647	0.060000000000000005
604039	0.03
605097	0.02
605702	0.03
606075	0.02
606824	0.12999999999999998
607862	0.12999999999999998
609830	0.12999999999999998
611374	0.02
613338	0.01
614051	0
616097	0.02
618820	0.060000000000000005
620692	0.060000000000000005
621687	0.03
622925	0.03
624032	0.02
625472	0.01
626875	0
628122	0
628924	0
629506	0.02
630946	0.03
632280	0.02
632933	0.01
634166	0.05
635061	0.060000000000000005
635959	0.08
637167	0.08
638200	0.04
639226	0.02
640520	0.01
641653	0.04
642707	0.05
643374	0.04
643762	0.04
644600	0.01
645848	0.02
647070	0.02
647759	0.02
648805	0.02
650036	0.03
650635	0.03
651327	0.04
653064	0.05
654202	0.05
655275	0.04
656837	0.04
657396	0
657746	0.01
658144	0.01
658536	0.01
659048	0
659733	0.01
660901	0.01
661957	0.01
662510	0.01
663393	0.02
664646	0.01
665757	0.01
667266	0
668481	0
668877	0
669601	0
670251	0
671089	0
671895	0.01
673492	0.01
675259	0.04
677064	0.060000000000000005
678128	0.1
679861	0.11999999999999998
680937	0.1
682558	0.07
683944	0.060000000000000005
684892	0.02
685592	0.02
686299	0.01
687293	0.02
690112	0.03
691345	0.02
692107	0.01
692877	0
694243	0
695688	0.01
698345	0.02
699950	0.01
700984	0
702177	0
703211	0
704917	0.04
705921	0.04
706925	0.07
709037	0.03
709953	0.01
710423	0.02
711200	0.02
711786	0
712420	0
713259	0
714378	0.03
715659	0.05
716492	0.07
717605	0.09
719361	0.11
720711	0.09
721394	0.060000000000000005
723072	0.03
724693	0.04
726012	0.05
727895	0.04
729237	0.18000000000000002
733939	0.17
735934	0.19000000000000003
736572	0.19000000000000003
739255	0.19000000000000003
740216	0.07
741815	0.01
743198	0.02
743921	0.01
744709	0.02
745532	0.01
746330	0.01
747246	0.08
748451	0.1
749343	0.14
753826	0.14
754727	0.01
755364	0.01
755733	0.02
756790	0.02
758047	0.03
760106	0.02
762130	0
763597	0.01
764614	0.15
767002	0.17
769294	0.18000000000000002
772242	0.17
773611	0
774252	0
774455	0
774954	0
775499	0.01
776063	0.01
776974	0
778386	0
779327	0
779993	0.01
782606	0.01
783525	0.01
784352	0.01
785127	0.01
786159	0
787219	0
788317	0.02
789405	0.03
790506	0.03
791547	0.02
793052	0.01
794250	0.01
794847	0.01
795475	0.01
796206	0.01
797083	0.01
798022	0.01
799083	0.02
800098	0.05
801285	0.060000000000000005
802603	0.07
804633	0.060000000000000005
806639	0.3000000000000001
807671	0.3100000000000001
808612	0.02
809864	0.01
810958	0.02
811899	0.02
812608	0.03
814536	0.02
816193	0.02
817538	0.02
818311	0.01
818812	0
819170	0
819521	0
820236	0.060000000000000005
821149	0.07
822020	0.03
823118	0.01
824116	0.01
824835	0.01
825555	0.02
826685	0.02
828113	0.03
829471	0.01
830307	0.02
831554	0.11
832692	0.12999999999999998
834077	0.12999999999999998
835729	0.060000000000000005
836893	0.05
837795	0.05
838323	0.03
838867	0.05
840390	0.05
841926	0.04
842795	0.03
844367	0.04
846102	0.03
846789	0.02
847631	0.03
848659	0.04
849653	0.04
850707	0.05
851805	0.03
852933	0.05
853416	0.05
854206	0.03
855284	0.04
856759	0.1
858428	0.1
859620	0.05
861390	0.02
863061	0.02
863973	0.01
864754	0
865746	0.03
867050	0.05
868455	0.07
870180	0.05
871427	0.02
872345	0.01
874153	0.02
875999	0.04
877372	0.02
878439	0.01
879299	0.02
880167	0.02
881328	0.02
882355	0.02
883090	0.04
884289	0.03
885085	0.01
885723	0.03
886694	0.03
887691	0.24000000000000007
888976	0.24000000000000007
890277	0.03
890624	0.02
891056	0.02
891545	0.02
892418	0.03
893195	0.03
894340	0.02
895557	0.04
896610	0.04
897506	0.03
898233	0.03
899081	0.03
900209	0.05
901200	0.02
901892	0
902622	0
903370	0.01
904209	0.05
904754	0.05
905328	0.03
906246	0.03
907567	0.03
908793	0.02
910190	0.03
911666	0.03
912988	0.01
914407	0.02
915699	0.04
917302	0.04
918624	0.03
919792	0.02
921320	0.03
922478	0.17
923073	0.17
924402	0.11
926334	0.1
927080	0.02
928334	0.04
930079	0.03
931567	0.02
932842	0.03
935218	0.02
937677	0.02
938665	0.01
940074	0.060000000000000005
942181	0.08
943722	0.04
944464	0.03
945244	0.02
946445	0.03
947944	0.09
949114	0.09
949963	0.08
950710	0.14
952413	0.1
954037	0.03
955752	0.01
957108	0
958197	0
959453	0.09
960646	0.1
961542	0.02
962831	0.01
963970	0.02
965452	0.03
967495	0.05
968859	0.03
970005	0.03
970764	0.02
971225	0
972198	0
973011	0
973929	0
974980	0
975974	0.02
978556	0.04
981970	0.03
983349	0.01
983973	0.01
985114	0.02
986438	0.04
988285	0.04
989755	0.03
991928	0.05
993660	0.05
994436	0.02
995415	0.03
996464	0.01
997224	0.04
998137	0.04
998840	0.08
1002342	0.060000000000000005
1003160	0.07
1004312	0.060000000000000005
1005273	0.03
1006223	0
1007045	0.01
1008898	0.01
1010917	0
1012627	0.01
1014079	0.01
1015177	0.01
1015798	0
1016265	0.01
1017419	0.01
1018711	0.02
1019533	0.01
1020664	0.01
1021452	0.02
1022811	0.01
1024125	0
1025498	0
1026786	0.02
1027442	0.02
1028152	0.01
1028562	0.01
1029366	0.01
1030203	0
1030503	0
1031088	0.11999999999999998
1032698	0.12999999999999998
1034150	0.02
1035419	0.02
1036063	0.01
1036553	0.02
1037177	0.02
1038512	0.03
1039864	0.03
1040491	0.03
1041266	0.05
1043120	0.04
1044453	0.1
1046897	0.09
1048318	0.05
1049010	0.05
1049591	0.060000000000000005
1051567	0.08
1052153	0.060000000000000005
1052825	0.08
1054783	0.09
1056775	0.08
1057608	0.060000000000000005
1058670	0.07
1060529	0.04
1062098	0.03
1062702	0.02
1063315	0.060000000000000005
1064664	0.05
1066205	0.05
1066977	0.02
1067410	0.17
1068167	0.20000000000000004
1069175	0.15
1070107	0.04
1070660	0.03
1071365	0.02
1071966	0
1072518	0.01
1073408	0.01
1074561	0.03
1076901	0.04
1079041	0.04
1080059	0.1
1081411	0.07
1081825	0.07
1082806	0.02
1084011	0.060000000000000005
1085524	0.14
1086312	0.12999999999999998
1087183	0.15
1088848	0.17
1091077	0.21000000000000005
1093555	0.36000000000000015
1095684	0.34000000000000014
1096336	0.3200000000000001
1098355	0.34000000000000014
1099247	0.060000000000000005
1099917	0.02
1100526	0.02
1101267	0.04
1101919	0.03
1102346	0.03
1102871	0.05
1104178	0.060000000000000005
1104674	0.04
1105127	0.04
1105569	0.03
1106086	0.02
1107035	0.01
1108362	0.03
1110119	0.05
1112149	0.02
1113692	0.01
1113994	0.03
1114877	0.03
1116122	0.03
1117333	0.02
1118188	0.02
1118763	0.02
1119363	0.01
1120027	0.01
1120828	0.02
1121364	0.02
1122084	0.03
1122993	0.01
1123730	0
1124722	0.01
1125854	0.01
1126480	0.02
1127267	0.01
1128606	0.01
1129622	0.02
1129981	0.02
1130533	0.02
1131226	0.02
1131640	0.01
1132201	0.02
1133178	0.03
1134179	0.04
1135120	0.03
1135913	0.03
1136822	0.03
1137841	0.03
1139199	0.03
1140509	0.05
1142774	0.05
1145419	0.02
1146322	0
1147054	0
1147453	0
1148171	0
1149235	0.02
1150192	0.02
1151037	0
1151733	0
1152559	0
1153704	0
1154623	0.01
1155444	0.02
1156264	0.02
1157175	0.03
1158585	0.060000000000000005
1160456	0.05
1162064	0.03
1162435	0
1162958	0
1163672	0
1164607	0
1165414	0.01
1166737	0.04
1167868	0.04
1168547	0.01
1169201	0.02
1169891	0.02
1172265	0.02
1174628	0.02
1176026	0.03
1176969	0.02
1177945	0.02
1179048	0.03
1179939	0.08
1180873	0.05
1181494	0.04
1182306	0.02
1183223	0.1
1184045	0.11999999999999998
1185026	0.09
1186457	0.09
1187679	0.37000000000000016
1189046	0.4100000000000002
1190111	0.21000000000000005
1191301	0.21000000000000005
1192310	0.18000000000000002
1193220	0.18000000000000002
1194057	0.18000000000000002
1194624	0.22000000000000008
1195748	0.37000000000000016
1197199	0.34000000000000014
1197880	0.34000000000000014
1199141	0.34000000000000014
1200242	0.37000000000000016
1200909	0.3300000000000001
1201667	0.2800000000000001
1201930	0.3000000000000001
1202596	0.3100000000000001
1203124	0.36000000000000015
1203546	0.3300000000000001
1203991	0.3200000000000001
1204853	0.4100000000000002
1205640	0.4000000000000002
1205967	0.45000000000000023
1206547	0.2700000000000001
1207205	0.16
1210762	0.12999999999999998
1211495	0.16
1213693	0.12999999999999998
1214869	0.08
1215907	0.09
1216502	0.09
1216872	0.1
1218089	0.11999999999999998
1219092	0.18000000000000002
1220361	0.19000000000000003
1222469	0.12999999999999998
1222786	0.08
1224412	0.08
1224955	0
1225732	0.01
1226784	0.01
1227271	0.02
1227860	0.02
1228408	0
1229053	0.02
1229938	0.03
1230976	0.05
1231820	0.03
1232765	0.02
1233946	0
1235297	0.01
1236475	0.03
1238220	0.03
1239414	0.1
1241203	0.11
1242623	0.02
1243485	0.04
1244160	0.03
1244855	0.11
1245380	0.11999999999999998
1246527	0.11
1248405	0.05
1249441	0.07
1250303	0.09
1252025	0.22000000000000008
1254518	0.22000000000000008
1256386	0.19000000000000003
1257266	0.19000000000000003
1258221	0.02
1258930	0.02
1259950	0.03
1261434	0.03
1262451	0.01
1263188	0.01
1264342	0.01
1265553	0.01
1266510	0.01
1267120	0.01
1267724	0.02
1268592	0.07
1271299	0.08
1272234	0.03
1272844	0.02
1273422	0.02
1274481	0.03
1275504	0.03
1276720	0.03
1277753	0.02
1278652	0.04
1281735	0.05
1284373	0.05
1285494	0.03
1286187	0.1
1288203	0.11
1288903	0.03
1289678	0.04
1290748	0.03
1291911	0.03
1292715	0.02
1293835	0.05
1294721	0.07
1295229	0.07
1296783	0.05
1298921	0.05
1299349	0.07
1301975	0.11
1303359	0.05
1304288	0.05
1305260	0.03
1306266	0.01
1306985	0.01
1307915	0.04
1309642	0.07
1310717	0.1
1311441	0.060000000000000005
1312047	0.03
1312620	0.04
1313291	0.04
1314339	0.14
1314971	0.12999999999999998
1315520	0.08
1315945	0.08
1316819	0.03
1317818	0.01
1319106	0.01
1320586	0
1322165	0.01
1323660	0.01
1324408	0.03
1325693	0.04
1327289	0.060000000000000005
1328062	0.02
1328733	0
1329856	0.01
1330542	0.01
1332346	0.02
1334342	0.03
1335224	0.02
1335374	0.05
1335619	0.04
1337168	0.04
1338865	0.01
1339712	0
1340397	0
1341142	0
1342259	0
1342821	0.01
1343219	0.03
1343971	0.03
1344522	0.03
1345749	0.060000000000000005
1347945	0.05
1349543	0
1350645	0.09
1352231	0.1
1353132	0.02
1354073	0.01
1354987	0.01
1356288	0.01
1357545	0.05
1358494	0.05
1360199	0.060000000000000005
1361508	0.060000000000000005
1362189	0.05
1363486	0.060000000000000005
1364872	0.05
1366182	0.03
1367423	0.04
1368413	0.01
1368913	0
1369204	0.01
1369503	0.01
1369846	0.07
1371055	0.08
1372555	0.08
1373662	0.07
1374511	0.07
1375489	0.09
1376428	0.09
1377359	0.08
1379017	0.07
1380477	0.09
1381305	0.09
1382399	0.060000000000000005
1383462	0.03
1384815	0.03
1386041	0.01
1387490	0.03
1388558	0.03
1389412	0.02
1390234	0.03
1390771	0.08
1391393	0.09
1392440	0.1
1394033	0.09
1395406	0.060000000000000005
1397493	0.05
1398147	0.05
1399150	0.07
1399978	0.12999999999999998
1401010	0.15
1402532	0.15
1403910	0.12999999999999998
1405195	0.12999999999999998
1406260	0.14
1407179	0.060000000000000005
1408541	0.060000000000000005
1409394	0.02
1410197	0.04
1411480	0.11999999999999998
1413344	0.12999999999999998
1413635	0.18000000000000002
1414388	0.19000000000000003
1417625	0.19000000000000003
1417923	0.20000000000000004
1418118	0.4400000000000002
1418853	0.47000000000000025
1419389	0.6600000000000004
1420003	0.6400000000000003
1420513	0.6300000000000003
1420895	0.5700000000000003
1421547	0.5300000000000002
1422356	0.4200000000000002
1423032	0.5200000000000002
1424527	0.5000000000000002
1425508	0.48000000000000026
1425800	0.6200000000000003
1426968	0.6300000000000003
1429914	0.6500000000000004
1435402	0.5500000000000003
1436326	0.04
1439022	0.04
1441191	0.02
1441532	0.02
1442348	0.04
1444370	0.05
1445779	0.03
1446043	0.11
1446830	0.18000000000000002
1448268	0.18000000000000002
1450212	0.20000000000000004
1452619	0.19000000000000003
1454391	0.17
1455011	0.16
1455537	0.15
1456173	0.16
1456965	0.17
1457880	0.18000000000000002
1458658	0.20000000000000004
1459790	0.19000000000000003
1460682	0.19000000000000003
1461495	0.19000000000000003
1462781	0.19000000000000003
1464014	0.17
1464766	0.2300000000000001
1474651	0.2800000000000001
1476297	0.14
1477923	0.16
1478674	0.17
1480016	0.17
1481543	0.08
1482557	0.05
1485012	0.060000000000000005
1487635	0.09
1488951	0.1
1489838	0.08
1490149	0.09
1490655	0.04
1491167	0.09
1491763	0.1
1492045	0.11999999999999998
1493290	0.1
1494609	0.04
1495959	0.05
1497701	0.04
1498763	0.04
1499207	0.04
1499959	0.07
1501069	0.060000000000000005
1501858	0.05
1502791	0.09
1503505	0.1
1504291	0.1
1505492	0.08
1506440	0.02
1507761	0.03
1508919	0.09
1509374	0.08
1509705	0.11999999999999998
1512226	0.1
1513323	0.02
1514301	0.02
1515159	0.03
1516290	0.09
1517475	0.07
1517764	0.04
1518106	0.01
1518587	0.04
1519545	0.060000000000000005
1520594	0.07
1522014	0.05
1523837	0.060000000000000005
1525230	0.2300000000000001
1526555	0.36000000000000015
1527046	0.6400000000000003
1530163	0.6400000000000003
1533168	0.5900000000000003
1533566	0.2300000000000001
1534446	0.11
1535411	0.060000000000000005
1536277	0.01
1536961	0.02
1538081	0.05
1540720	0.03
1543366	0.12999999999999998
1546700	0.14
1547694	0.02
1549242	0.02
1550903	0.01
1551664	0.01
1552540	0.07
1553333	0.09
1554820	0.05
1555894	0.04
1556172	0.03
1556840	0.07
1557575	0.08
1558524	0.08
1559462	0.11
1560418	0.1
1561706	0.11999999999999998
1562785	0.11999999999999998
1564533	0.12999999999999998
1566449	0.1
1568163	0.08
1569721	0.07
1573798	0.08
1576433	0.09
1578499	0.08
1580211	0.11
1581683	0.09
1583306	0.08
1583860	0.08
1585346	0.1
1587277	0.09
1588044	0.14
1588574	0.5700000000000003
1591515	0.6700000000000004
1592309	0.38000000000000017
1599413	0.38000000000000017
1600764	0.24000000000000007
1602257	0.22000000000000008
1603533	0.19000000000000003
1604543	0.18000000000000002
1605562	0.16
1606537	0.15
1607144	0.12999999999999998
1607725	0.14
1608565	0.1
1609954	0.15
1611380	0.16
1612145	0.12999999999999998
1612788	0.09
1614009	0.1
1615244	0.11
1616320	0.11
1617623	0.1
1618575	0.060000000000000005
1619337	0.060000000000000005
1619765	0.03
1620098	0.12999999999999998
1620687	0.14
1621925	0.05
1622693	0.07
1623405	0.060000000000000005
1624301	0.1
1625032	0.09
1626357	0.09
1627890	0.03
1628695	0.01
1629316	0.03
1630183	0.09
1631643	0.6500000000000004
1637695	0.6400000000000003
1638561	0.48000000000000026
1639278	0.6400000000000003
1639790	0.7300000000000004
1640209	0.9700000000000006
1640677	0.8600000000000005
1641446	0.9000000000000006
1641961	0.8600000000000005
1642865	0.9400000000000006
1643779	0.8500000000000005
1644776	0.9100000000000006
1645489	0.6300000000000003
1645752	0.6100000000000003
1646571	0.7600000000000005
1647235	0.7400000000000004
1647491	0.8800000000000006
1647735	0.6700000000000004
1648137	0.7600000000000005
1648729	0.8600000000000005
1648932	0.7700000000000005
1649127	0.7700000000000005
1649703	0.7000000000000004
1649889	0.6000000000000003
1653405	0.6200000000000003
1654534	0.11999999999999998
1655510	0.060000000000000005
1655978	0.03
1656464	0.02
1657120	0.02
1657717	0.16
1663298	0.16
1664036	0.04
1664813	0.03
1665943	0.02
1666871	0.04
1667954	0.04
1669145	0.04
1670325	0.03
1671530	0.02
1672370	0.01
1672984	0.01
1673318	0.05
1674430	0.07
1675666	0.02
1677137	0.02
1678899	0
1680248	0.01
1681337	0.01
1681862	0.01
1682518	0.04
1683532	0.05
1684723	0.03
1685886	0.03
1687554	0.04
1689163	0.02
1690606	0.060000000000000005
1691477	0.07
1692218	0.09
1693576	0.09
1695165	0.060000000000000005
1696751	0.04
1697656	0.04
1698666	0.060000000000000005
1700151	0.04
1701543	0.04
1702733	0.03
1703788	0.04
1705056	0.02
1705470	0
1706057	0
1706637	0
1708030	0.04
1709671	0.04
1710514	0.01
1711175	0
1711840	0.03
1712386	0.03
1713520	0.03
1714679	0.01
1715456	0.01
1716585	0.01
1717679	0
1718227	0
1719047	0
1720109	0.01
1720607	0.01
1721143	0
1721692	0.03
1723127	0.07
1724394	0.07
1725184	0.060000000000000005
1725800	0.02
1726322	0.02
1727207	0.01
1728040	0
1728670	0.02
1731395	0.02
1733927	0.02
1734842	0
1735668	0
1736705	0.02
1737500	0.02
1738356	0.03
1739332	0.03
1740516	0.01
1741987	0.01
1742921	0.01
1744143	0.01
1745499	0.02
1746852	0.04
1747933	0.060000000000000005
1749129	0.060000000000000005
1749955	0.03
1750679	0.03
1751396	0.05
1752779	0.07
1754164	0.05
1755036	0.01
1756404	0
1757539	0
1758223	0
1759082	0.02
1759913	0.03
1761155	0.04
1762139	0.03
1763265	0.01
1764202	0.01
1765028	0.01
1765427	0
1767157	0.02
1769630	0.060000000000000005
1770793	0.05
1771678	0.060000000000000005
1773144	0.07
1774222	0.060000000000000005
1775065	0.03
1776384	0.04
1777771	0.07
1778845	0.09
1779492	0.060000000000000005
1779999	0.07
1780870	0.03
1782039	0.03
1782827	0.04
1783854	0.04
1785923	0.02
1787861	0
1788958	0.01
1789708	0.01
1790526	0.02
1791663	0.04
1792499	0.03
1793183	0.01
1793833	0.02
1794662	0.1
1795402	0.09
1796750	0.01
1798450	0.01
1799571	0
1799900	0.01
1800313	0.01
1801606	0.060000000000000005
1805218	0.060000000000000005
1805704	0.04
1806834	0.01
1807545	0.01
1808226	0.02
1808965	0.03
1809714	0.01
1810506	0
1811629	0.05
1812730	0.05
1813552	0.05
1814997	0.04
1816760	0.01
1817824	0.01
1819024	0.01
1819630	0.02
1820535	0.03
1821459	0.02
1822087	0.01
1822871	0.01
1823958	0
1824649	0.01
1825382	0.03
1826439	0.03
1827587	0.05
1828995	0.04
1830248	0.02
1831372	0.01
1832831	0.02
1833756	0.05
1834454	0.05
1835161	0.04
1835789	0.03
1836656	0.04
1837979	0.04
1839073	0.03
1840120	0.03
1841093	0.02
1841693	0.03
1841999	0.01
1843042	0.05
1844351	0.060000000000000005
1845979	0.07
1847486	0.01
1848400	0.01
1849765	0.05
1851368	0.04
1852207	0.03
1853300	0.04
1854475	0.05
1855481	0.060000000000000005
1856454	0.08
1857351	0.07
1858311	0.08
1859539	0.060000000000000005
1860794	0.060000000000000005
1861838	0.05
1862222	0
1863268	0
1864292	0.04
1865209	0.04
1866099	0.03
1867875	0.02
1869596	0.02
1871122	0.05
1872786	0.04
1873825	0.02
1874575	0.02
1875164	0.04
1876263	0.02
1877082	0.01
1877405	0.02
1878227	0.04
1879131	0.03
1879494	0
1879768	0.04
1880440	0.060000000000000005
1881347	0.03
1882454	0.060000000000000005
1883918	0.07
1885227	0.05
1886327	0.04
1887421	0.03
1888936	0
1890241	0
1890919	0.01
1892280	0.01
1893537	0.01
1894282	0
1894641	0
1895485	0
1896459	0
1897614	0.01
1899226	0.01
1900807	0.05
1902533	0.060000000000000005
1903482	0.02
1904320	0.01
1905030	0.03
1905971	0.03
1906655	0.04
1907330	0.03
1908404	0.02
1909044	0
1909703	0.02
1910962	0.04
1912135	0.03
1913792	0
1915185	0
1915906	0
1916899	0.03
1918826	0.04
1920939	0.02
1921898	0.01
1922174	0
1922641	0
1923535	0.01
1924155	0.01
1924782	0.01
1925223	0.02
1925768	0.02
1926451	0.01
1927809	0.05
1929377	0.060000000000000005
1929822	0.04
1930212	0.04
1930602	0.01
1931470	0.01
1932435	0.02
1933698	0.02
1935576	0.03
1936554	0.03
1937086	0.03
1938370	0.11
1939707	0.11999999999999998
1940974	0.02
1942144	0.01
1943039	0
1943806	0.03
1944851	0.05
1945670	0.02
1946552	0.02
1947115	0.02
1947781	0.02
1948434	0.01
1949636	0.02
1951115	0.16
1951804	0.17
1952463	0.03
1953073	0.01
1953927	0.02
1955792	0.04
1957582	0.04
1958893	0.02
1959563	0.01
1960928	0.02
1962216	0.03
1962776	0.04
1964011	0.05
1965617	0.060000000000000005
1966715	0.05
1967242	0.03
1967976	0.02
1968934	0.060000000000000005
1970183	0.060000000000000005
1971860	0.07
1973087	0.03
1974342	0.04
1975792	0.060000000000000005
1976695	0.05
1977555	0.04
1978022	0.060000000000000005
1979967	0.07
1980900	0.03
1981987	0.04
1983047	0.060000000000000005
1984312	0.05
1985633	0.01
1987176	0.01
1987632	0.01
1988383	0.01
1988964	0.01
1989370	0.01
1990286	0.01
1991286	0.4400000000000002
1992543	0.45000000000000023
1993790	0.02
1995031	0.02
1995930	0.02
1996471	0.03
1997438	0.03
1998145	0.04
1998987	0.060000000000000005
2000013	0.07
2000748	0.05
2001429	0.060000000000000005
2002858	0.07
2004575	0.07
2005508	0.05
2005895	0.03
2006899	0.02
2007883	0.05
2008879	0.05
2009595	0.07
2010155	0.11
2010839	0.15
2011443	0.15
2012176	0.14
2012857	0.16
2014058	0.09
2015377	0.11
2016211	0.11999999999999998
2017240	0.11
2018167	0.1
2018949	0.07
2019850	0.07
2020589	0.1
2021294	0.11
2021686	0.11999999999999998
2022237	0.1
2022750	0.1
2023285	0.11999999999999998
2024279	0.09
2024729	0.060000000000000005
2025099	0.060000000000000005
2025918	0.08
2027170	0.08
2028279	0.07
2028907	0.04
2029999	0.04
2030683	0.060000000000000005
2031608	0.060000000000000005
2032731	0.18000000000000002
2033270	0.34000000000000014
2034802	0.34000000000000014
2035048	0.36000000000000015
2036260	0.3000000000000001
2037473	0.05
2038543	0.02
2039162	0.02
2039980	0.04
2040800	0.05
2041700	0.16
2042633	0.36000000000000015
2044049	0.7000000000000004
2044822	0.45000000000000023
2048462	0.4000000000000002
2052976	0.36000000000000015
2054301	0.12999999999999998
2055788	0.060000000000000005
2057216	0.14
2058930	0.18000000000000002
2060439	0.11
2061474	0.14
2062858	0.11999999999999998
2063927	0.04
2064850	0.060000000000000005
2065490	0.6800000000000004
2068831	0.9200000000000006
2073098	0.9400000000000006
2075545	0.9300000000000006
2078037	0.9500000000000006
2079196	0.4200000000000002
2080062	0.060000000000000005
2081025	0.07
2081964	0.20000000000000004
2083469	0.24000000000000007
2084339	0.09
2084969	0.08
2086383	0.08
2087804	0.04
2088716	0.07
2089338	0.060000000000000005
2089587	0.05
2090641	0.05
2091749	0.03
2092933	0.03
2094001	0.03
2094830	0.03
2095493	0.03
2096232	0.04
2096919	0.19000000000000003
2097811	0.21000000000000005
2099030	0.24000000000000007
2100565	1.2100000000000009
2103950	1.1900000000000008
2104789	1.2100000000000009
2105561	1.1800000000000008
2106643	1.1800000000000008
2107777	1.2000000000000008
2108960	1.2400000000000009
2109859	1.0600000000000007
2111526	0.7700000000000005
2112518	0.6700000000000004
2113880	0.7500000000000004
2115199	0.4400000000000002
2116517	0.4000000000000002
2117764	0.4100000000000002
2119419	0.4300000000000002
2120857	0.5100000000000002
2122294	0.4400000000000002
2123802	0.3900000000000002
2125134	0.36000000000000015
2125984	0.3300000000000001
2126707	0.3100000000000001
2127753	0.2800000000000001
2128614	0.2800000000000001
2129277	0.2300000000000001
2130269	0.25000000000000006
2131461	0.24000000000000007
2132311	0.25000000000000006
2132977	0.24000000000000007
2134571	0.16
2135876	0.19000000000000003
2138693	0.16
2140685	0.04
2141924	0.01
2142627	0.04
2144924	0.05
2147116	0.05
2148350	0.04
2150012	0.07
2151415	0.05
2152051	0.05
2152798	0.1
2153773	0.09
2154639	0.060000000000000005
2156824	0.03
2159924	0.060000000000000005
2162171	0.04
2163577	0.01
2164637	0.04
2165355	0.11
2166348	0.45000000000000023
2167411	0.47000000000000025
2168147	0.48000000000000026
2169161	0.11999999999999998
2172353	0.20000000000000004
2174823	0.17
2175690	0.1
2176777	0.08
2178038	0.04
2179459	0
2180597	0.01
2181578	0.01
2182408	0.02
2183242	0.02
2184116	0.02
2184907	0.12999999999999998
2185660	0.15
2186329	0.04
2187129	0.08
2187897	0.11999999999999998
2189670	0.11999999999999998
2191263	0.14
2191951	0.11
2192655	0.05
2193613	0.04
2195316	0.11999999999999998
2202095	0.14
2204130	1.1800000000000008
2205140	1.1700000000000008
2206834	0.11
2208535	0.11
2210022	0.1
2211455	0.08
2211961	0.03
2212602	0
2213801	0.16
2215231	0.16
2215710	0.01
2216110	0.02
2216944	0.02
2217978	0.01
2219022	0.02
2220825	0.02
2223042	0.01
2224404	0
2225337	0
2226090	0.02
2226889	0.02
2227918	0.060000000000000005
2229911	0.07
2230823	0.04
2231366	0
2232286	0
2233237	0.02
2233719	0.02
2234652	0.04
2235882	0.05
2237248	0.060000000000000005
2238529	0.04
2239849	0.05
2241148	0.03
2242388	0.01
2243318	0.01
2244328	0.05
2245773	0.05
2247797	0.04
2249177	0.01
2250241	0
2251268	0.02
2252244	0.060000000000000005
2254715	0.060000000000000005
2255665	0.1
2257898	0.1
2258825	0.05
2260564	0.060000000000000005
2261896	0.04
2262930	0.05
2264453	0.05
2265168	0.04
2265736	0.05
2266978	0.05
2268322	0.05
2269210	0.03
2270262	0.02
2271504	0.02
2273271	0.02
2274726	0.03
2275785	0.01
2277094	0.02
2278065	0.01
2279165	0.01
2280135	0
2281512	0
2282659	0
2283443	0
2284242	0
2285256	0.16
2290823	0.16
2291884	0
2292685	0
2293932	0.02
2295140	0.02
2295481	0.02
2295951	0.02
2296693	0.01
2297329	0.01
2297958	0.01
2298493	0.02
2299146	0.02
2299912	0.03
2301510	0.02
2302881	0.02
2303250	0.02
2303688	0.02
2304149	0.03
2305931	0.05
2307793	0.04
2309016	0.05
2309873	0.060000000000000005
2311006	0.060000000000000005
2312197	0.04
2314824	0.04
2316502	0.05
2318451	0.11
2320956	0.08
2322558	0.09
2323778	0.060000000000000005
2324434	0.060000000000000005
2325417	0.07
2326701	0.060000000000000005
2327755	0.1
2328972	0.09
2330040	0.08
2332245	0.11999999999999998
2334647	0.08
2335800	0.03
2338106	0.04
2339928	0.02
2342269	0.02
2346007	0.02
2347949	0
2348641	0
2349147	0.060000000000000005
2349790	0.11
2350473	0.08
2351695	0.01
2353461	0.01
2354894	0
2356116	0.05
2357908	0.05
2358443	0.08
2359507	0.08
2360811	0.09
2361820	0.07
2363032	0.05
2364004	0
2364766	0.01
2365319	0.03
2366488	0.03
2367555	0.03
2369030	0.01
2370463	0.01
2371734	0.01
2372724	0.01
2373085	0.01
2373405	0
2374325	0
2375481	0.01
2376390	0.01
2377213	0.01
2378424	0.02
2379995	0.02
2380874	0.01
2381312	0.02
2382066	0.060000000000000005
2383320	0.11
2384858	0.11999999999999998
2386345	0.1
2387185	0.11
2388068	0.060000000000000005
2388846	0.060000000000000005
2389540	0.07
2390776	0.07
2392276	0.03
2394125	0.02
2395194	0.01
2395619	0.01
2396179	0.01
2396953	0.01
2398802	0.01
2400886	0.02
2401802	0.02
2402956	0.01
2404282	0.01
2404850	0.02
2405417	0.03
2406172	0.04
2408169	0.03
2409161	0
2410436	0
2411764	0
2412347	0
2412904	0
2414071	0.01
2415819	0.02
2417862	0.02
2418905	0.01
2419509	0.01
2420163	0.01
2420944	0
2421506	0.01
2422154	0.03
2424122	0.03
2424875	0.01
2425573	0
2426397	0.02
2427400	0.04
2428341	0.03
2429479	0
2430519	0
2431353	0
2432308	0
2433469	0
2434411	0
2435230	0
2436142	0
2437283	0.1
2438447	0.11999999999999998
2439531	0.04
2440995	0.02
2442767	0.02
2444030	0.02
2444477	0.01
2445155	0
2445972	0.01
2446930	0.01
2447974	0.01
2448881	0.060000000000000005
2449638	0.07
2450320	0.05
2450831	0.03
2451328	0.03
2451960	0.08
2455364	0.08
2456569	0.03
2458087	0.01
2459814	0.02
2460792	0.01
2461976	0.03
2463541	0.03
2464629	0.03
2465767	0.5700000000000003
2468674	0.5800000000000003
2469796	0.5900000000000003
2472249	0.6200000000000003
2472634	0.6000000000000003
2473062	0.6100000000000003
2473785	0.6000000000000003
2474444	0.6100000000000003
2475252	0.6200000000000003
2475692	0.7600000000000005
2476025	0.8300000000000005
2476410	0.8900000000000006
2477161	0.6100000000000003
2478515	0.4900000000000002
2479866	0.1
2481407	0.11
2482757	0.05
2484062	0.060000000000000005
2486170	0.09
2488595	0.09
2489714	0.07
2491103	0.060000000000000005
2492629	0.05
2494084	0.03
2494835	0.01
2495171	0.01
2496105	0
2497676	0
2499519	0.01
2500750	0.01
2501558	0.05
2503237	0.05
2505028	0.03
2506089	0.04
2507270	0.04
2508079	0.02
2508943	0.03
2510258	0.02
2511164	0.01
2512087	0.04
2513643	0.060000000000000005
2516737	0.05
2518631	0.05
2519019	0.02
2519964	0.060000000000000005
2522035	0.08
2523357	0.07
2524461	0.08
2525509	0.08
2526393	0.07
2527445	0.02
2528050	0.02
2529168	0.02
2530740	0.01
2531843	0
2532894	0
2533892	0
2534929	0
2536088	0.01
2536811	0.02
2537529	0.04
2538116	0.02
2539127	0.02
2540265	0
2541241	0
2542095	0.01
2543020	0.02
2544227	0.04
2545180	0.03
2546221	0.04
2547385	0.04
2548754	0.04
2550095	0.03
2550928	0
2551501	0
2551925	0
2552786	0.01
2553674	0.02
2554656	0.04
2555478	0.02
2556070	0.03
2556853	0.02
2557998	0.1
2560634	0.15
2561492	0.18000000000000002
2561809	0.11999999999999998
2562319	0.12999999999999998
2562820	0.11999999999999998
2563780	0.11999999999999998
2564176	0.11999999999999998
2564927	0.11999999999999998
2566182	0.12999999999999998
2567494	0.04
2568917	0.01
2569919	0
2571049	0.01
2571906	0.01
2572303	0
2572997	0.02
2573903	0.02
2574652	0
2575217	0.01
2575637	0.03
2577237	0.04
2579141	0.03
2580637	0.03
2582255	0.02
2583190	0.01
2584535	0.03
2586581	0.060000000000000005
2589151	0.04
2591425	0.02
2592170	0
2592862	0.01
2593421	0.02
2594851	0.03
2596305	0.05
2597261	0.060000000000000005
2597805	0.02
2598348	0.03
2599321	0.01
2600192	0
2600713	0.03
2601509	0.07
2602827	0.07
2604320	0.11
2605530	0.09
2606587	0.07
2607707	0.05
2609320	0.07
2610436	0.060000000000000005
2611085	0.060000000000000005
2611663	0.060000000000000005
2612906	0.060000000000000005
2614358	0.07
2615350	0.04
2616825	0.01
2617757	0.01
2618448	0
2619515	0
2620559	0
2621715	0
2622553	0.01
2624077	0.01
2625885	0.03
2627816	0.04
2629196	0.03
2629394	0.02
2630052	0.02
2630595	0.24000000000000007
2631746	0.24000000000000007
2633337	0.01
2634917	0.060000000000000005
2635706	0.060000000000000005
2636620	0.02
2638063	0.01
2638973	0
2639938	0
2641245	0
2642337	0
2643706	0
2644648	0.02
2646149	0.03
2649806	0.03
2652916	0.03
2654545	0.02
2655716	0
2656636	0
2656915	0
2658010	0
2659209	0
2659724	0
2660096	0
2660924	0
2661887	0
2662953	0.01
2663843	0.02
2664817	0.02
2666075	0.02
2667276	0.060000000000000005
2668451	0.060000000000000005
2669712	0.060000000000000005
2670649	0.05
2671068	0.04
2671631	0.060000000000000005
2672648	0.07
2673557	0.1
2674252	0.07
2675230	0.04
2676326	0.04
2677605	0.060000000000000005
2678875	0.060000000000000005
2681104	0.060000000000000005
2683459	0.04
2684880	0.03
2686430	0.02
2687239	0.01
2688136	0.01
2689149	0.02
2690362	0.02
2693599	0.03
2696579	0.02
2697605	0
2698232	0
2699183	0.08
2699793	0.08
2700808	0
2701363	0
2702105	0
2702933	0
2703723	0
2704822	0
2706224	0.01
2707561	0.01
2708276	0
2709079	0
2709724	0
2711231	0
2712395	0
2713563	0.01
2714879	0.02
2715716	0.02
2716257	0.01
2717098	0.01
2718009	0.04
2718944	0.03
2719572	0.04
2721283	0.03
2723404	0.02
2724315	0.02
2725097	0.11
2732886	0.11999999999999998
2734668	0.04
2735521	0.01
2736514	0.01
2737324	0.02
2738325	0.02
2739508	0
2740615	0.02
2741544	0.03
2742134	0.03
2742996	0.04
2743866	0.08
2744356	0.08
2744955	0.01
2745644	0
2746061	0
2747114	0
2748320	0.02
2749439	0.04
2750411	0.04
2751270	0.01
2752625	0
2753775	0
2754153	0
2754512	0
2755137	0.19000000000000003
2755616	0.7700000000000005
2758122	0.7700000000000005
2758750	0.8100000000000005
2759689	0.8300000000000005
2762445	0.8400000000000005
2764345	0.8200000000000005
2766454	0.8100000000000005
2767169	0.8100000000000005
2770053	0.7900000000000005
2770563	0.7700000000000005
2771997	0.7700000000000005
2772463	0.7600000000000005
2772936	0.7600000000000005
2774169	0.7700000000000005
2786563	0.7800000000000005
2789473	0.7000000000000004
2790616	0.04
2791997	0.04
2793375	0.060000000000000005
2794953	0.05
2796005	0.02
2796561	0.02
2796949	0.03
2797360	0.02
2797782	0.02
2798293	0.01
2799388	0.01
2799822	0.01
2800310	0.02
2800845	0.02
2801170	0.02
2802420	0.03
2803981	0.03
2805416	0.02
2806542	0.02
2807628	0.05
2808449	0.04
2809034	0.05
2809985	0.02
2810511	0.03
2811035	0.03
2812013	0.03
2813385	0.07
2814475	0.07
2815661	0
2816726	0.01
2817220	0.03
2819053	0.03
2820696	0.02
2822389	0.04
2823238	0.04
2824097	0.060000000000000005
2825086	0.05
2826113	0.04
2826871	0.03
2827547	0.03
2828126	0.03
2828800	0.02
2829433	0.03
2830295	0.03
2831532	0.01
2833195	0.02
2834478	0.05
2836299	0.05
2837841	0.05
2838760	0.04
2840252	0.04
2841702	0.060000000000000005
2842808	0.05
2843241	0
2843826	0
2844481	0
2845616	0
2846950	0
2848328	0.01
2849543	0.01
2850204	0
2850822	0
2851437	0
2852000	0
2852696	0
2853759	0.03
2855377	0.05
2856629	0.11999999999999998
2856950	0.11
2858373	0.12999999999999998
2860088	0.08
2860850	0.07
2861884	0.05
2862918	0.060000000000000005
2863912	0.05
2864624	0.060000000000000005
2865783	0.15
2867055	0.14
2868183	0.060000000000000005
2869206	0.01
2869893	0
2870779	0
2871540	0.01
2872135	0.01
2872664	0
2873175	0
2873689	0
2874705	0
2875875	0
2877099	0.060000000000000005
2878711	0.08
2879313	0.1
2880087	0.09
2880711	0.1
2881596	0.14
2882396	0.15
2883384	0.16
2885886	0.17
2887945	0.09
2889243	0.01
2890998	0
2892396	0.03
2893292	0.04
2894049	0.04
2894483	0.05
2895349	0.07
2896165	0.060000000000000005
2897237	0.05
2898691	0.05
2899880	0.07
2901230	0.09
2902635	0.12999999999999998
2905082	0.15
2905627	0.060000000000000005
2906147	0.1
2907292	0.07
2908847	0.01
2910289	0.03
2910923	0.04
2911215	0.05
2912534	0.09
2914349	0.060000000000000005
2916435	0.05
2918715	0.04
2920076	0.05
2921424	0.03
2922759	0
2923393	0.01
2923948	0.01
2925007	0
2925772	0
2926990	0.01
2928873	0.01
2930259	0.02
2931432	0.02
2932439	0.01
2933364	0.05
2934893	0.05
2936471	0.05
2938177	0
2939099	0
2939733	0.01
2940693	0.01
2941433	0
2942108	0
2943031	0.02
2943939	0.02
2944763	0
2945439	0.01
2946629	0.5100000000000002
2948383	0.5000000000000002
2949907	0.01
2951548	0
2954232	0.01
2957440	0.01
2960744	0
2962602	0
2962952	0.01
2963434	0.01
2963942	0.01
2964758	0.01
2965599	0.01
2967311	0
2968712	0
2969403	0
2970006	0
2970776	0
2971380	0.01
2972117	0.01
2973265	0.02
2974934	0.03
2977114	0.03
2978268	0.02
2979488	0.02
2980289	0
2981473	0.01
2982877	0.01
2983706	0
2985001	0.02
2986461	0.07
2987852	0.11
2988315	0.11999999999999998
2988906	0.14
2989545	0.14
2989889	0.12999999999999998
2990147	0.15
2990777	0.16
2991513	0.17
2992782	0.19000000000000003
2993747	0.2300000000000001
2994228	0.2300000000000001
2994681	0.25000000000000006
2995014	0.2900000000000001
2995529	0.7900000000000005
2995884	0.8300000000000005
2998431	0.9700000000000006
2999513	0.5200000000000002
3001454	0.05
3003053	0.04
3003728	0.01
3004897	0.03
3006858	0.03
3008108	0.04
3009369	0.03
3010720	0.02
3011927	0.03
3013426	0.04
3014672	0.02
3015449	0.02
3017609	0.04
3019825	0.03
3020929	0.03
3022751	0.03
3025051	0.04
3026427	0.04
3027804	0.03
3028768	0.02
3029971	0.04
3032091	0.05
3032879	0.04
3033339	0.02
3034415	0.01
3035624	0.01
3037239	0.01
3038467	0.01
3039295	0
3040115	0
3040619	0
3040937	0
3041803	0
3042818	0
3043467	0
3044384	0.02
3045529	0.03
3047604	0.03
3049354	0.01
3050120	0.01
3051716	0.01
3052929	0.01
3054177	0
3055155	0
3055776	0.02
3056488	0.02
3057794	0.01
3058995	0.01
3059496	0.04
3060199	0.08
3061922	0.08
3063484	0.07
3064385	0.09
3065541	0.1
3066725	0.07
3067710	0.03
3068490	0.04
3069377	0.04
3070704	0
3072040	0
3073181	0.03
3074332	0.04
3074940	0.03
3075699	0.03
3076817	0.060000000000000005
3078165	0.05
3079108	0.05
3080639	0.060000000000000005
3082292	0.08
3083337	0.1
3084923	0.05
3086524	0.02
3087283	0.060000000000000005
3088981	0.060000000000000005
3090024	0.05
3090700	0.02
3091499	0.02
3092353	0.02
3093182	0.02
3093708	0.03
3094590	0.03
3095450	0.03
3096103	0.02
3096528	0.02
3096977	0.01
3097835	0.04
3099061	0.05
3100205	0.02
3101263	0.02
3101970	0.01
3102492	0.01
3103539	0.01
3104230	0.01
3104972	0.02
3106342	0.04
3108087	0.05
3109906	0.5500000000000003
3110858	0.5900000000000003
3111549	0.34000000000000014
3112481	0.36000000000000015
3113272	0.3000000000000001
3113947	0.3100000000000001
3116831	0.3100000000000001
3120438	0.2800000000000001
3122719	0.22000000000000008
3124029	0.17
3124847	0.17
3125996	0.18000000000000002
3127271	0.18000000000000002
3128654	0.18000000000000002
3129611	0.34000000000000014
3131874	0.35000000000000014
3132833	0.18000000000000002
3133593	0.20000000000000004
3134477	0.22000000000000008
3135621	0.21000000000000005
3137592	0.14
3139160	0.03
3139840	0.03
3140147	0.03
3140555	0.04
3141039	0.060000000000000005
3142137	0.060000000000000005
3143575	0.05
3144647	0.05
3145702	0.05
3146593	0.09
3147668	0.09
3148417	0.08
3149224	0.05
3150104	0.04
3151030	0.02
3151617	0
3152829	0.01
3153892	0.01
3154740	0.01
3155936	0.02
3157036	0.04
3158113	0.03
3158755	0.03
3160036	0.09
3161963	0.09
3163112	0.01
3164844	0.04
3166914	0.07
3168048	0.07
3168396	0.07
3168990	0.09
3169480	0.02
3170157	0.02
3171158	0.08
3172820	0.07
3173299	0.1
3174450	0.1
3175715	0.02
3176419	0.02
3177069	0.01
3177595	0.02
3178855	0.01
3180079	0.01
3181001	0.04
3182026	0.03
3182936	0.01
3183466	0.05
3184139	0.07
3184985	0.14
3190255	0.15
3191164	0.060000000000000005
3191839	0.060000000000000005
3192522	0.03
3193694	0.04
3196036	0.03
3198221	0.02
3200314	0.02
3201517	0
3202510	0
3203720	0
3204405	0
3205002	0.02
3205790	0.03
3206918	0.03
3207673	0.04
3208755	0.03
3210036	0.02
3210888	0.01
3211979	0.01
3213967	0.01
3215220	0.05
3216109	0.04
3217090	0
3218316	0.01
3220128	0.01
3221081	0
3221957	0
3224179	0.02
3225946	0.03
3226950	0.03
3228336	0.04
3230063	0.05
3232674	0.1
3233936	0.07
3234298	0.08
3235307	0.07
3236211	0.04
3236886	0.03
3237804	0.02
3239062	0.03
3240566	0.03
3241468	0.02
3242570	0.01
3244035	0
3245873	0.09
3247040	0.1
3248104	0.01
3248630	0
3249153	0
3249527	0
3249885	0
3250226	0
3250713	0
3251517	0.01
3252486	0.04
3253089	0.03
3253766	0.04
3254669	0.02
3255125	0.02
3255996	0.02
3257344	0.05
3258967	0.05
3259915	0.01
3261271	0.02
3263056	0.02
3264351	0
3265533	0.03
3266596	0.08
3268123	0.09
3269008	0.1
3271197	0.1
3272312	0.02
3273172	0.03
3274240	0.05
3276067	0.07
3277169	0.060000000000000005
3277569	0.07
3278260	0.07
3279554	0.05
3280453	0.02
3280901	0.07
3281397	0.07
3282553	0.04
3283573	0.05
3284408	0.08
3285086	0.09
3285873	0.08
3286674	0.11
3287718	0.12999999999999998
3288437	0.15
3290072	0.14
3291886	0.11
3292905	0.07
3294418	0.03
3295591	0.03
3296104	0.02
3296696	0.03
3297618	0.04
3298528	0.05
3299233	0.04
3299693	0.04
3300117	0.02
3300506	0.02
3301014	0.02
3301982	0.02
3302928	0.02
3303951	0.04
3305195	0.03
3306915	0
3308482	0
3310100	0
3311549	0
3312305	0
3312977	0.01
3314678	0.01
3316782	0.01
3317780	0.02
3319308	0.05
3320746	0.05
3322339	0.04
3323401	0
3324487	0.01
3325972	0.02
3327349	0.01
3327936	0
3328477	0.01
3329679	0.01
3331168	0
3332252	0
3332990	0
3333295	0
3334195	0
3335048	0
3335864	0.01
3336683	0.01
3337109	0
3337573	0
3338185	0
3338857	0
3339660	0
3340763	0
3341759	0
3342556	0
3343123	0
3343658	0
3344306	0
3345433	0
3346316	0
3346823	0
3347542	0
3348102	0
3348768	0.01
3349445	0.01
3350132	0.03
3351857	0.03
3353585	0.04
3356908	0.03
3359907	0.060000000000000005
3361558	0.07
3362449	0.09
3363997	0.1
3367284	0.11
3368390	0.08
3369246	0.04
3369912	0
3370691	0
3371829	0.04
3373129	0.04
3374093	0.060000000000000005
3375552	0.04
3376527	0.03
3377101	0.01
3378011	0.01
3378437	0
3379433	0
3380390	0.01
3381426	0.02
3382733	0.02
3383799	0.01
3384938	0
3385669	0
3385993	0
3387204	0
3388660	0
3389235	0.02
3389984	0.03
3391305	0.03
3394358	0.01
3397060	0.02
3398081	0.01
3398631	0
3399426	0
3400565	0
3402362	0.01
3403971	0.04
3405671	0.04
3406591	0.07
3407496	0.07
3408332	0
3409510	0.01
3410762	0.02
3411419	0.03
3412095	0.060000000000000005
3412710	0.04
3413134	0.07
3414442	0.11
3418139	0.09
3418500	0.1
3419160	0.07
3419670	0.09
3420724	0.05
3421876	0.03
3422815	0.08
3429513	0.09
3429894	0.03
3430429	0.02
3431129	0.01
3431691	0
3432227	0.03
3432998	0.04
3433944	0.02
3434687	0.02
3435851	0.03
3437206	0.04
3438229	0.03
3438540	0.02
3438917	0.02
3439325	0.01
3439807	0.01
3440534	0
3441365	0
3441903	0
3442293	0.01
3442676	0.01
3443431	0.01
3444322	0
3444632	0
3444977	0
3445420	0
3445873	0
3446349	0
3446731	0
3447168	0.01
3447610	0.01
3447963	0
3448441	0
3448663	0
3448964	0
3449532	0
3450067	0
3450387	0
3450953	0
3451533	0
3451983	0
3452611	0
3453114	0.03
3453717	0.08
3454663	0.11
3455985	0.16
3457353	0.12999999999999998
3459079	0.12999999999999998
3460415	0.12999999999999998
3461241	0.11999999999999998
3461722	0.11
3462162	0.05
3462637	0.060000000000000005
3463415	0.07
3464503	0.07
3465312	0.07
3465881	0.05
3466487	0.02
3466894	0.060000000000000005
3468506	0.11
3472457	0.11
3473811	0
3474365	0
3474821	0
3475152	0
3475525	0
3476079	0.01
3477013	0.01
3477749	0.01
3478202	0
3478692	0.02
3479704	0.03
3480882	0.03
3482245	0.03
3483713	0.01
3484327	0
3484924	0
3485616	0
3486436	0
3487848	0.01
3489570	0.02
3490547	0.01
3491162	0.02
3491536	0.01
3492011	0.01
3493158	0
3495282	0
3496714	0
3497406	0
3498514	0.01
3499531	0.05
3500578	0.05
3501779	0.05
3502755	0.060000000000000005
3503559	0.05
3504417	0.07
3505477	0.060000000000000005
3506684	0.05
3507524	0.060000000000000005
3508151	0.05
3509200	0.060000000000000005
3510394	0.05
3511241	0.04
3511891	0.02
3513136	0.02
3514010	0.01
3514720	0.03
3515495	0.03
3516663	0.060000000000000005
3517942	0.03
3518803	0.01
3520069	0
3520817	0.01
3521229	0.01
3521702	0.03
3522361	0.02
3524147	0.01
3525869	0.01
3527536	0.01
3529003	0.01
3529548	0
3530213	0
3531577	0.02
3533629	0.04
3535192	0.03
3536224	0.01
3537050	0.01
3538545	0.02
3540276	0.02
3541567	0.02
3542846	0.03
3544459	0.03
3545223	0
3545911	0.01
3547217	0.01
3549028	0
3551276	0.02
3554437	0.07
3556341	0.08
3557466	0.060000000000000005
3559067	0.04
3560101	0.02
3561037	0.01
3561660	0.02
3562765	0.11999999999999998
3563864	0.1
3565357	0.05
3567316	0.01
3568680	0
3570332	0.01
3572409	0.01
3574326	0
3575367	0.03
3576391	0.03
3577328	0
3578228	0
3579297	0.01
3580286	0.03
3581382	0.1
3582452	0.11
3583246	0.11999999999999998
3584481	0.1
3584901	0.09
3585952	0.07
3587163	0.01
3587741	0.01
3588645	0.02
3589604	0.01
3590467	0
3591667	0.03
3593080	0.03
3593822	0
3594841	0.01
3595940	0.01
3597005	0
3598175	0.05
3599106	0.09
3600356	0.04
3601557	0.01
3602413	0
3603496	0
3604691	0
3605113	0
3605430	0
3606064	0.01
3607550	0.02
3608873	0.02
3609549	0.01
3610233	0.04
3611141	0.04
3612389	0.08
3613262	0.07
3614454	0.03
3615713	0.02
3616598	0.01
3617397	0.01
3618179	0.01
3618788	0.12999999999999998
3623590	0.15
3626241	0.16
3628170	0.01
3630068	0.060000000000000005
3631779	0.11
3633037	0.11999999999999998
3633839	0.11
3635367	0.22000000000000008
3636809	0.17
3638391	0
3639552	0
3640328	0.01
3641596	0.02
3642756	0.01
3644161	0
3645806	0.01
3646975	0.01
3647902	0.04
3648704	0.04
3649579	0.05
3650449	0.08
3651682	0.08
3654244	0.08
3654948	0.060000000000000005
3655542	0.04
3656135	0.01
3656574	0
3657281	0.01
3658629	0.03
3659033	0.03
3659810	0.03
3661970	0.04
3664254	0.05
3665398	0.04
3668489	0.060000000000000005
3670416	0.05
3671593	0.02
3672827	0.01
3673868	0
3675447	0.01
3677320	0.01
3678803	0.01
3679883	0.03
3681192	0.03
3682804	0.01
3684604	0.03
3687436	0.07
3689708	0.07
3691419	0.060000000000000005
3693927	0.1
3695597	0.11999999999999998
3696091	0.11
3697249	0.11999999999999998
3698121	0.11
3699053	0.12999999999999998
3700033	0.1
3701198	0.1
3702366	0.02
3703356	0
3704310	0
3705280	0.02
3706901	0.060000000000000005
3709629	0.07
3711403	0.04
3712585	0.01
3713373	0.01
3713872	0.01
3715227	0.01
3716876	0.02
3717797	0.02
3718689	0.01
3719623	0
3720155	0.02
3720524	0.060000000000000005
3720940	0.060000000000000005
3723362	0.07
3724862	0.04
3725562	0.04
3726384	0.05
3727142	0.07
3727577	0.08
3728644	0.08
3730104	0.1
3731627	0.07
3732971	0.060000000000000005
3734310	0.060000000000000005
3735568	0.05
3736765	0.05
3738512	0.03
3740331	0.02
3741345	0.05
3742108	0.060000000000000005
3743232	0.07
3743976	0.1
3744564	0.15
3745442	0.12999999999999998
3746587	0.14
3747832	0.14
3748908	0.12999999999999998
3749662	0.11
3750433	0.18000000000000002
3751498	0.18000000000000002
3752479	0.11999999999999998
3754266	0.11999999999999998
3754648	0.11999999999999998
3755742	0.19000000000000003
3757251	0.1
3758939	0.07
3760553	0.08
3761651	0.19000000000000003
3768407	0.21000000000000005
3771563	0.18000000000000002
3773237	0.02
3774998	0.01
3775865	0.01
3776275	0.02
3776846	0.11999999999999998
3778226	0.11
3779442	0
3780422	0
3781451	0
3782151	0.01
3783151	0.01
3783894	0
3784316	0
3784799	0
3786032	0
3787467	0
3788580	0.01
3789564	0.01
3790832	0
3791953	0.03
3793262	0.03
3794453	0.02
3795452	0.01
3796458	0.07
3797577	0.11999999999999998
3798775	0.11999999999999998
3799770	0.11999999999999998
3800616	0.12999999999999998
3801491	0.09
3802548	0.09
3803597	0.09
3804648	0.08
3805551	0.060000000000000005
3806505	0.01
3807599	0.01
3809178	0.01
3810064	0
3810747	0.01
3811333	0.01
3811556	0
3812225	0.01
3813341	0.02
3814158	0.01
3814792	0.01
3815447	0.01
3816206	0
3817107	0.25000000000000006
3818172	0.25000000000000006
3819182	0.11
3820329	0.02
3821739	0.02
3822243	0
3823454	0
3824859	0
3826250	0.02
3828062	0.03
3829640	0.02
3831311	0.04
3833378	0.03
3835238	0.5500000000000003
3837545	0.5400000000000003
3838709	0.20000000000000004
3839584	0.04
3840361	0.09
3841168	0.1
3842176	0.07
3843122	0.07
3844847	0.04
3846471	0.02
3847964	0
3849385	0.01
3850431	0.11999999999999998
3850947	0.11
3851940	0.05
3853597	0.060000000000000005
3854514	0.060000000000000005
3855362	0.02
3855789	0.01
3856133	0.07
3856639	0.08
3857657	0.11999999999999998
3859258	0.08
3860729	0.1
3861261	0.09
3861668	0.11
3865442	0.07
3866683	0
3867215	0
3867930	0
3868669	0.01
3869909	0.04
3871084	0.08
3872424	0.060000000000000005
3873303	0.060000000000000005
3874035	0.04
3874815	0.04
3875766	0.05
3876546	0.02
3877266	0.02
3878912	0.03
3880684	0.02
3881771	0.02
3883027	0.01
3884406	0.01
3884689	0
3885899	0
3887510	0.04
3889437	0.060000000000000005
3890859	0.03
3892202	0.02
3893244	0.02
3894255	0.01
3894935	0.01
3895940	0.03
3897106	0.11999999999999998
3897739	0.17
3898315	0.16
3899032	0.17
3899992	0.20000000000000004
3901412	0.19000000000000003
3902995	0.19000000000000003
3904658	0.16
3906149	0.15
3907215	0.12999999999999998
3907979	0.02
3908994	0.02
3909918	0.02
3911005	0.12999999999999998
3912753	0.12999999999999998
3914515	0.03
3915762	0.02
3916684	0.01
3917833	0.01
3919086	0.01
3920136	0
3920653	0
3921069	0
3921643	0.01
3922250	0.02
3923368	0.01
3924688	0
3926233	0
3926774	0.01
3927651	0.02
3928877	0.02
3930345	0.04
3932250	0.07
3933560	0.05
3934530	0.05
3935770	0.08
3936723	0.11999999999999998
3937758	0.12999999999999998
3938723	0.11999999999999998
3939898	0.05
3940981	0.04
3947547	0.04
3948255	0.03
3949209	0.08
3951051	0.08
3951936	0.03
3952332	0.03
3952948	0.01
3954403	0.01
3956103	0
3957373	0
3958707	0
3959672	0.02
3960351	0.03
3961687	0.04
3963487	0.01
3964997	0
3965925	0
3967046	0.02
3967795	0.02
3968467	0.03
3969554	0.01
3970698	0.01
3971891	0.02
3973055	0.03
3974804	0.03
3975711	0.01
3976903	0.02
3978064	0.01
3979277	0
3980326	0.01
3981579	0.02
3983575	0.04
3985179	0.07
3987284	0.05
3988475	0.01
3989458	0.01
3990306	0.02
3992426	0.02
3993899	0.11
3994623	0.1
3995174	0
3995936	0.02
3996735	0.02
3997541	0
3999064	0.05
4000674	0.08
4001901	0.18000000000000002
4002609	0.18000000000000002
4003003	0.15
4003733	0.15
4004463	0.01
4005296	0
4006775	0.01
4008067	0.03
4008749	0.03
4009681	0.02
4010600	0.02
4011525	0.02
4012339	0.02
4014183	0.16
4015761	0.15
4016811	0.060000000000000005
4018046	0.060000000000000005
4019232	0
4019926	0.01
4021046	0.01
4022079	0
4022475	0
4023124	0.03
4023945	0.03
4024577	0.01
4025734	0.01
4026877	0.01
4028190	0.01
4029876	0.02
4031826	0.02
4032799	0.02
4033870	0.01
4034880	0.02
4041169	0.01
4041707	0.01
4042203	0.01
4042908	0
4043731	0.03
4044914	0.04
4046136	0.04
4046814	0.04
4048359	0.03
4050449	0.02
4051601	0.01
4052731	0.01
4053702	0
4054573	0.01
4055814	0.03
4057329	0.02
4059318	0.05
4060802	0.060000000000000005
4061655	0.09
4062879	0.14
4063949	0.14
4068258	0.12999999999999998
4069938	0.14
4071135	0.11999999999999998
4072212	0.14
4073123	0.12999999999999998
4074187	0.11999999999999998
4075061	0.11
4075852	0.060000000000000005
4076582	0.01
4077233	0
4077967	0.22000000000000008
4078902	0.25000000000000006
4079400	0.2800000000000001
4079848	0.08
4080060	0.060000000000000005
4080763	0.08
4081542	0.02
4082308	0.01
4083979	0.01
4085528	0.01
4086432	0.060000000000000005
4087529	0.1
4088981	0.1
4090390	0.11
4091640	0.12999999999999998
4092600	0.14
4093281	0.14
4093860	0.05
4095352	0.04
4096713	0.04
4098154	0.060000000000000005
4099025	0.060000000000000005
4100008	0.07
4101120	0.05
4102181	0.02
4103159	0.02
4104288	0.02
4105321	0.01
4106070	0.19000000000000003
4106920	0.21000000000000005
4107369	0.03
4108033	0.03
4109328	0.02
4110307	0.02
4111123	0.01
4111914	0.01
4112535	0.01
4113116	0.01
4113507	0.01
4114099	0.01
4115074	0.01
4116468	0.01
4117667	0.03
4118640	0.05
4119087	0.03
4119886	0.02
4121081	0.03
4122022	0.02
4122807	0.01
4123943	0.04
4125711	0.04
4127119	0.17
4127590	0.17
4128236	0.060000000000000005
4129252	0.03
4131051	0.09
4133061	0.1
4134925	0.03
4136560	0.04
4137348	0.04
4138483	0.04
4139377	0.05
4140970	0.060000000000000005
4143069	0.04
4143784	0.05
4145143	0.07
4146697	0.060000000000000005
4147308	0.02
4147891	0.03
4149398	0.03
4151772	0.02
4154271	0.03
4155503	0.03
4156401	0.02
4157536	0.04
4158948	0.03
4160090	0.04
4161419	0.04
4161950	0.01
4162720	0.05
4164561	0.05
4165856	0.1
4172571	0.11
4173564	0.05
4174539	0.08
4177549	0.08
4178015	0.05
4178661	0.05
4179231	0.05
4180244	0.05
4180742	0.060000000000000005
4183259	0.060000000000000005
4187461	0.09
4190055	0.08
4191301	0.08
4192250	0.07
4192737	0.07
4193198	0.060000000000000005
4193886	0.05
4195151	0.05
4196570	0.05
4197289	0.060000000000000005
4198248	0.060000000000000005
4199125	0.08
4199799	0.07
4200417	0.060000000000000005
4200943	0.05
4201475	0.07
4202624	0.1
4203982	0.09
4205286	0.060000000000000005
4206737	0.17
4213425	0.15
4213901	0.14
4214744	0.060000000000000005
4216278	0.03
4217761	0.02
4219464	0.04
4221394	0.03
4223216	0.04
4225669	0.05
4228546	0.060000000000000005
4229797	0.09
4230790	0.08
4231495	0.14
4232558	0.12999999999999998
4234582	0.05
4236027	0.03
4236581	0.03
4237265	0.02
4238682	0.05
4240530	0.060000000000000005
4241516	0.03
4243071	0.03
4244303	0
4245824	0.02
4246559	0.03
4247341	0.03
4248641	0
4250014	0.04
4250525	0.060000000000000005
4250800	0.07
4251619	0.060000000000000005
4252754	0.04
4253452	0.01
4255254	0.01
4256821	0.01
4257419	0
4258458	0
4259341	0
4259745	0.03
4260448	0.04
4260952	0.08
4262187	0.07
4262961	0.01
4263739	0.07
4265021	0.1
4266321	0.060000000000000005
4267710	0.11
4268910	0.1
4269770	0.11
4270446	0.01
4270836	0.02
4272460	0.01
4274393	0.05
4274900	0.05
4276264	0.03
4277221	0.05
4277701	0.05
4279153	0.03
4280804	0.05
4282429	0.03
4284077	0.03
4285056	0.02
4286392	0.03
4288482	0.03
4289528	0.02
4290143	0
4290954	0.01
4292359	0.01
4293354	0
4293841	0
4295137	0
4296780	0.01
4298058	0.02
4299156	0.02
4300297	0.04
4302052	0.060000000000000005
4303593	0.05
4304265	0.05
4305604	0.1
4307334	0.09
4308130	0.08
4308979	0.11999999999999998
4310214	0.12999999999999998
4311574	0.11
4312546	0.1
4313574	0.1
4314032	0.09
4314723	0.05
4315321	0.04
4315803	0.04
4316650	0.04
4317555	0.03
4318385	0.02
4319183	0.05
4320131	0.05
4320955	0.04
4321470	0.02
4322059	0.03
4322627	0.03
4323844	0.04
4324771	0.04
4325519	0.02
4326566	0.03
4328249	0.05
4329799	0.05
4331253	0.04
4332160	0
4332731	0
4333616	0
4334768	0.01
4336362	0.02
4337548	0.04
4339389	0.08
4341174	0.060000000000000005
4342588	0.08
4344085	0.07
4345243	0.07
4346503	0.02
4348074	0.03
4349674	0.03
4350846	0.03
4351958	0.08
4352221	0.1
4352732	0.1
4352994	0.05
4353958	0.060000000000000005
4355682	0.07
4357543	0.08
4359364	0.11
4361165	0.3000000000000001
4363020	0.26000000000000006
4364193	0
4365187	0
4366122	0
4367609	0
4368902	0.01
4369784	0.01
4370834	0
4371848	0
4372985	0
4373799	0.01
4375143	0.01
4375982	0.02
4376379	0.02
4376626	0.02
4377033	0
4377455	0.01
4378377	0.04
4379186	0.04
4379574	0.03
4380150	0.03
4381414	0.05
4383131	0.05
4384612	0.05
4385550	0.05
4385867	0.04
4387708	0.03
4389876	0
4390983	0
4391876	0
4393497	0.01
4394847	0.02
4395815	0.03
4396733	0.02
4398335	0.03
4399727	0.03
4400442	0.03
4401312	0.03
4402667	0.03
4403802	0.02
4404484	0.03
4405336	0.03
4406402	0.02
4407874	0.02
4409640	0.05
4410333	0.060000000000000005
4410902	0.060000000000000005
4411631	0.05
4412178	0.08
4412706	0.08
4413609	0.08
4415087	0.05
4416154	0.04
4416605	0.04
4417326	0.04
4418075	0.05
4419093	0.060000000000000005
4420678	0.060000000000000005
4421545	0.05
4421940	0.05
4422511	0.07
4423273	0.060000000000000005
4424043	0.04
4424653	0.05
4425315	0.05
4425677	0.04
4425952	0.05
4426332	0.26000000000000006
4427025	0.3000000000000001
4427932	0.3000000000000001
4428398	0.09
4429245	0.08
4430570	0.11999999999999998
4431652	0.11999999999999998
4432573	0.08
4433594	0.09
4434303	0.11
4435593	0.08
4437125	0.09
4438176	0.03
4438985	0.03
4439690	0.02
4440543	0.02
4441857	0.01
4443248	0.02
4446001	0.02
4448064	0.060000000000000005
4448572	0.060000000000000005
4448885	0.060000000000000005
4449387	0.07
4450440	0.04
4451809	0.07
4453085	0.060000000000000005
4454080	0.02
4455110	0.01
4456471	0.01
4457589	0.01
4458635	0.01
4459704	0.01
4460132	0.01
4461591	0.04
4463881	0.05
4465469	0.03
4466772	0.03
4468973	0.04
4470720	0.04
4471216	0.01
4471927	0.08
4473011	0.1
4473696	0.1
4474420	0.09
4475088	0.14
4476344	0.1
4478681	0.1
4479285	0.02
4480328	0.04
4482409	0.05
4484058	0.04
4485195	0.03
4486778	0.04
4487859	0.05
4489312	0.1
4490640	0.09
4491865	0.1
4492969	0.1
4493890	0.11
4494904	0.09
4495699	0.8900000000000006
4496624	0.9100000000000006
4499798	0.9200000000000006
4500258	0.9500000000000006
4500611	0.9300000000000006
4502767	0.9300000000000006
4504666	0.9400000000000006
4505846	0.9200000000000006
4506510	0.8900000000000006
4506801	1.010000000000001
4510004	1.1200000000000008
4511936	0.8200000000000005
4512910	0.8000000000000005
4513857	0.7800000000000005
4515515	0.7800000000000005
4517240	0.7900000000000005
4517974	1.1200000000000008
4519831	1.1400000000000008
4521345	1.1600000000000008
4525409	1.1500000000000008
4526497	1.1100000000000008
4527221	1.1200000000000008
4527764	1.1600000000000008
4528514	0.9600000000000006
4531090	0.9600000000000006
4532810	0.9600000000000006
4533511	0.9500000000000006
4533924	1.0500000000000007
4535523	1.1800000000000008
4537104	1.1600000000000008
4538212	0.9200000000000006
4539143	0.7900000000000005
4541258	0.8100000000000005
4542335	0.8600000000000005
4543389	0.7000000000000004
4544018	0.7500000000000004
4544666	0.7500000000000004
4548536	0.7300000000000004
4549259	0.5900000000000003
4550624	0.5600000000000003
4552228	0.46000000000000024
4553631	0.4200000000000002
4554480	0.4200000000000002
4554986	0.48000000000000026
4555905	0.48000000000000026
4556624	0.47000000000000025
4557189	0.47000000000000025
4557833	0.4300000000000002
4558940	0.4000000000000002
4559769	0.4100000000000002
4560338	0.4300000000000002
4561207	0.4900000000000002
4562086	0.4900000000000002
4563228	0.4400000000000002
4563796	0.4300000000000002
4564305	0.4100000000000002
4565274	0.4300000000000002
4566606	0.47000000000000025
4567903	0.5800000000000003
4571833	0.7506382978723408
4573172	0.7206382978723408
4575495	0.7306382978723408
4577435	0.7206382978723408
4578656	0.7506382978723408
4579669	0.5806382978723407
4580765	0.5506382978723406
4582253	0.6006382978723407
4585005	0.44063829787234066
4587406	0.44063829787234066
4588387	0.34063829787234057
4588977	0.06063829787234043
4590204	0.121347430010044
4592484	0.21360933477194877
4594041	0.15320948098476062
4595394	0.1845691301075676
4596501	0.11303762276778968
4598295	0.06158128032848077
4599942	0
4600606	0.010869565217391304
4601247	0.010869565217391304
4601860	0
4602473	0.011235955056179777
4603839	0.02259959141981614
4604498	0.022857889237199586
4605269	0.023122159850307404
4605922	0.03529737476385903
4607184	0.047202136668620935
4608009	0.011904761904761904
4608408	0
4608984	0.06172839506172839
4610208	0.06172839506172839
4611698	0
4612208	0
4612947	0
4613870	0
4615111	0.05333333333333334
4616290	0.05333333333333334
4617712	0.05406392694063927
4618890	0.0273972602739726
4620214	0.0136986301369863
4621242	0.028991596638655463
4622434	0.04348435026184387
4623609	0.05819023261478505
4624467	0.029631255487269532
4625379	0.029631255487269532
4626603	0.015384615384615384
4627931	0.1096386476426799
4628664	0.12600006400409625
4629688	0.11037506400409626
4631701	0
4632938	0
4633489	0
4634120	0.017241379310344827
4634875	0.017241379310344827
4635757	0.017241379310344827
4636351	0.01818181818181818
4637408	0.055218855218855216
4638854	0.0747728860936408
4639948	0.05625436757512228
4641285	0
