organism=Escherichia_coli_300_genomes	genome=GCF_000005845.2_ASM584v2	contig=NC_000913.3	method=probabilistic complexity
position	complexity
1568	0
3267	0
4377	0
5382	0.023809523809523808
6071	0.023809523809523808
7244	0.023809523809523808
8714	0.023809523809523808
9599	0
10211	0
10999	0
11584	0
13121	2.5714285714285667
14733	11.547619047619012
18072	9.833333333333304
19170	8.642857142857117
20946	8.738095238095212
21877	0.9523809523809531
23799	0
25454	0
26050	0
26752	0.023809523809523808
27750	0.023809523809523808
28784	0.023809523809523808
30225	0.11904761904761904
32427	0.19047619047619047
34497	0.19047619047619047
35076	0.09523809523809523
35769	0.023809523809523808
37047	0.023809523809523808
38506	0.047619047619047616
39815	0.047619047619047616
41174	0
42788	0
43658	0
44823	0
45606	0
46472	0
47511	0
48700	0.33333333333333337
50007	1.0476190476190481
50801	1.1190476190476193
51417	0.4047619047619049
52019	0
52921	0
54059	0
55932	0
57771	0
58799	0
59200	0
60016	0
61811	0
64604	0
66202	0
67586	0
69198	0.09523809523809523
70826	0.33333333333333337
71733	0.33333333333333337
72578	0.09523809523809523
73716	0.047619047619047616
74988	0
76471	0
77453	0
78210	0
79150	0
80164	0
81412	0
82743	0
84840	0
86492	0
87602	0
88530	0
89863	0
90564	0
91214	0
92296	0
93909	0
95329	0
96543	0
97745	0
99025	0
100177	0
101502	0
102693	0
103570	0
104613	0
105880	0
107015	0
107923	0.023809523809523808
109631	0.047619047619047616
111238	0.047619047619047616
111747	0.047619047619047616
112227	0
112909	0
113965	0
115123	0
116406	0
117329	0
118198	0
119008	0
119708	0
120863	0
122474	0
124348	0
126641	0
128624	0
130333	0
132913	0
134569	0
135185	0
136031	0
136724	0
137858	0
140030	0.14285714285714285
141699	0.14285714285714285
142339	0
143242	0
144087	0
144797	0
145695	0
146504	0.07142857142857142
147419	0.09523809523809523
148369	0.047619047619047616
149204	0.047619047619047616
150334	0.047619047619047616
151301	0.047619047619047616
151928	0.047619047619047616
152527	0.047619047619047616
154127	0.047619047619047616
155831	0.047619047619047616
156591	0.023809523809523808
157492	0
158411	0
159649	0
160376	0
161134	0
161766	0
163319	0
165997	0
168605	0
170176	0
171020	0
172453	0
174242	0
175817	0
176782	0
177312	0
178062	0
178804	0
179995	0
181596	0
183041	0
183902	0
184628	0
185535	0
187314	0
189109	0
190236	0
191282	0
192217	0
193150	0
194119	0
195285	0
195740	0
196159	0
197222	0
199144	0
200724	0
201483	0
202328	0
202954	0
203922	0
204791	0
206867	0
209100	0
210749	0
212071	0
212980	0
213808	0
214025	0
214563	0
215044	0
215624	0.023809523809523808
216591	0.023809523809523808
217916	0.023809523809523808
219240	0.023809523809523808
219793	0.023809523809523808
220520	0.023809523809523808
221294	0.047619047619047616
222129	0.047619047619047616
223120	55.85714285714563
229568	55.85714285714563
230424	95.59523809523427
231532	72.16666666666816
232237	72.16666666666816
233207	72.16666666666816
234404	72.16666666666816
235177	72.16666666666816
235768	72.38095238095383
236428	195.73809523806864
237727	266.4523809523383
238496	278.19047619043084
238915	338.8095238094647
239804	369.2619047618387
240593	54.4285714285741
242081	43.452380952382846
243832	43.452380952382846
244710	43.452380952382846
245435	43.452380952382846
246100	43.452380952382846
246372	43.59523809524
247148	43.833333333335254
247885	43.7857142857162
249227	110.61904761904037
250509	76.21428571428629
251425	7.809523809523786
252151	6.071428571428554
252500	6.071428571428554
252974	6.071428571428554
253600	6.071428571428554
253952	5.904761904761888
254987	5.904761904761888
256206	5.904761904761888
257149	5.904761904761888
258870	5.904761904761888
259572	5.904761904761888
260939	5.976190476190459
262129	159.92857142855297
263160	268.8095238094806
265423	410.5476190475436
269735	393.92857142849977
273419	431.4761904761103
275203	429.26190476182506
276014	304.45238095232963
277181	304.45238095232963
278279	309.02380952375717
278995	276.66666666662167
281400	274.30952380947934
286086	262.3095238094821
287594	262.3095238094821
288783	263.45238095233896
291865	347.0238095237485
293569	329.33333333327636
294372	316.61904761899353
295030	314.7857142856606
295359	314.7857142856606
296358	353.7380952380327
297586	346.8809523808914
298248	73.42857142857264
299835	46.19047619047828
301409	46.19047619047828
302228	47.97619047619269
303298	46.88095238095452
304850	16.285714285714253
305995	14.642857142857096
308069	14.642857142857096
309692	14.642857142857096
310377	14.642857142857096
311017	14.976190476190428
312444	30.00000000000094
312647	24.76190476190533
313191	45.76190476190682
314800	46.85714285714499
316793	38.33333333333486
318022	29.119047619048498
319338	27.666666666667442
320654	26.023809523810183
321967	26.000000000000657
323051	26.000000000000657
324105	18.52380952380965
325030	19.357142857143042
326412	10.476190476190444
327997	2.9285714285714226
329040	0.07142857142857142
330479	0.07142857142857142
332915	0.07142857142857142
333967	0.047619047619047616
334773	0.047619047619047616
335582	0.047619047619047616
336356	0.047619047619047616
337551	0.047619047619047616
339034	0.047619047619047616
339929	0.047619047619047616
340640	0.6190476190476194
341816	1.0714285714285718
343408	0.8095238095238101
344583	0.30952380952380953
345982	0.19047619047619047
346621	0
347650	0.16666666666666666
349127	0.16666666666666666
349741	0
350596	0
351940	0
353649	0
355551	0
356812	0
358240	0
359128	0
359724	0
360555	0
361554	0
362552	0
364768	0.11904761904761904
366973	0.33333333333333337
368003	0.4761904761904764
369443	0.33333333333333337
370749	0.21428571428571427
371672	0.09523809523809523
372519	0.09523809523809523
373396	0.09523809523809523
374374	0.09523809523809523
376064	0.09523809523809523
377041	0.09523809523809523
377951	0.047619047619047616
379016	0.14285714285714285
379743	0.9523809523809531
380455	0.8095238095238101
381065	0.5238095238095241
383337	0.5238095238095241
383994	0.5238095238095241
384337	0.6666666666666671
385713	0.8095238095238101
386590	0.2857142857142857
387384	0.14285714285714285
388220	0.38095238095238104
389240	2.4285714285714244
394817	2.1666666666666634
395708	1.9761904761904734
396383	1.142857142857143
397249	1.142857142857143
398419	1.142857142857143
399179	1.142857142857143
399699	1.142857142857143
400376	1.142857142857143
401516	0.9523809523809531
402454	0.9523809523809531
403441	0.6666666666666671
404260	0.6666666666666671
405239	0.6666666666666671
405993	0.38095238095238104
406667	0
407074	0
407766	0.07142857142857142
408319	0.16666666666666666
408687	0.14285714285714285
409596	0.11904761904761904
410598	0.047619047619047616
411931	0
414180	0
416351	0
417486	0
418536	0
420250	0
421672	0.047619047619047616
423423	0.09523809523809523
424627	0.23809523809523808
425546	0.19047619047619047
426700	0
427453	0
428587	0
429990	0
430778	0
431571	0.07142857142857142
432581	0.09523809523809523
433226	0.047619047619047616
434006	0.023809523809523808
434882	0
435346	0
436122	0.07142857142857142
436848	0.09523809523809523
437648	0.047619047619047616
439246	0.023809523809523808
440651	0
441222	0
442273	0
443346	0
444059	0
444928	0.4285714285714287
445984	0.8809523809523816
447260	0.6666666666666671
447881	0.21428571428571427
448353	0.07142857142857142
449645	0
451136	0
452807	0
453878	0
454632	0
455782	0
456988	0
458063	0
460065	0
461587	0
462850	0
464122	0
464601	0
465199	0
466462	0
467821	0
468612	0
469757	0
471526	0
472767	0
473609	0
474731	0
475665	0
476137	0
476848	0
477842	0
479016	0
479642	0
480199	0
480521	0
485022	0
486084	0
488217	0
490190	0
490548	0
491070	0
491687	0
493057	0
494240	0
494707	0
496057	0
497497	0
498536	0
499493	0
500777	0
502400	0
504086	0
505740	0
506842	0
507683	0
508388	0
510127	0
512107	0.19047619047619047
513222	3.142857142857136
514196	10.238095238095207
514630	7.404761904761883
515314	2.023809523809521
516257	1.9047619047619022
516972	1.9047619047619022
517852	1.9047619047619022
518725	1.9047619047619022
519435	1.9047619047619022
520076	1.9047619047619022
521623	1.9047619047619022
527765	1.9047619047619022
528770	1.9047619047619022
529830	1.9047619047619022
530679	1.9047619047619022
531758	1.9047619047619022
532692	1.9047619047619022
533418	1.9047619047619022
534806	1.9047619047619022
536098	1.9047619047619022
537025	1.9047619047619022
538360	1.9047619047619022
539827	1.9047619047619022
541215	0
542460	0
543653	0
544674	0
545838	0
547513	0
548986	0
550034	0
550885	0
552060	0
552845	0
553579	0
554190	0
555303	0
556292	0
556767	0
557308	11.952380952380915
558483	11.952380952380915
559320	11.952380952380915
560998	11.952380952380915
562830	11.952380952380915
563587	12.023809523809486
564164	116.28571428570575
565396	199.0476190475917
566229	265.7142857142432
566731	283.64285714281056
568481	316.61904761899353
569665	315.1666666666129
571168	300.7857142856638
571852	305.2142857142342
572693	324.8333333332774
573006	226.3571428571093
573229	225.69047619044278
573552	201.9047619047339
573801	217.76190476187315
574147	241.2380952380583
574590	227.9285714285375
576291	246.78571428567608
577861	257.09523809519754
578746	291.52380952376114
579983	272.0476190475751
582367	272.78571428567017
584055	105.11904761904162
585156	69.14285714285933
586527	41.30952380952555
587536	24.66666666666723
589468	17.071428571428594
592059	24.809523809524382
594049	24.523809523810076
595101	6.285714285714268
596286	6.285714285714268
597297	6.285714285714268
598090	6.285714285714268
600285	5.928571428571412
602647	5.928571428571412
604039	8.476190476190451
605097	30.047619047619992
605702	23.666666666667158
606075	21.33333333333366
606824	25.380952380952994
607862	4.071428571428561
609830	2.97619047619047
611374	0
613338	0
614051	0
616097	0.07142857142857142
618820	0.09523809523809523
620692	0.09523809523809523
621687	0.07142857142857142
622925	0.023809523809523808
624032	0
625472	0
626875	0
628122	0
628924	0
629506	0
630946	0
632280	0
632933	0
634166	0.023809523809523808
635061	0.047619047619047616
635959	0.047619047619047616
637167	0.023809523809523808
638200	0
639226	0
640520	0
641653	0
642707	0
643374	0
643762	0
644600	0
645848	0
647070	0
647759	0
648805	0
650036	0
650635	0
651327	0
653064	0
654202	0
655275	0
656837	0
657396	0
657746	0
658144	0
658536	0
659048	0
659733	0
660901	0
661957	0
662510	0
663393	0
664646	0
665757	0
667266	0
668481	0
668877	0
669601	0
670251	0
671089	0
671895	0
673492	0
675259	0
677064	0
678128	0
679861	0
680937	0
682558	0
683944	0
684892	0
685592	0
686299	0
687293	0
690112	0
691345	0
692107	0
692877	0
694243	0
695688	0
698345	0
699950	0
700984	0
702177	0
703211	0
704917	0.11904761904761904
705921	0.11904761904761904
706925	0.11904761904761904
709037	0
709953	0
710423	0
711200	0
711786	0
712420	0
713259	0
714378	0
715659	0
716492	0
717605	0.07142857142857142
719361	0.26190476190476186
720711	0.2857142857142857
721394	0.23809523809523808
723072	0
724693	0
726012	0
727895	0
729237	0.5952380952380956
733939	0.5952380952380956
735934	0.5952380952380956
736572	3.4761904761904683
739255	3.333333333333326
740216	1.4761904761904752
741815	0
743198	0
743921	0
744709	0
745532	0
746330	0
747246	0.07142857142857142
748451	0.07142857142857142
749343	0.09523809523809523
753826	0.09523809523809523
754727	0
755364	0
755733	0
756790	0
758047	0
760106	0
762130	0
763597	0
764614	3.2619047619047548
767002	3.3571428571428497
769294	5.095238095238082
772242	5.095238095238082
773611	0
774252	0
774455	0
774954	0
775499	0
776063	0
776974	0
778386	0
779327	0
779993	0
782606	0
783525	0
784352	0
785127	0
786159	0
787219	0
788317	0
789405	0
790506	0
791547	0
793052	0
794250	0
794847	0
795475	0
796206	0
797083	0
798022	0
799083	0
800098	0
801285	0
802603	0
804633	84.28571428571303
806639	379.1904761904079
807671	394.30952380945206
808612	36.476190476191874
809864	36.476190476191874
810958	36.476190476191874
811899	36.476190476191874
812608	36.80952380952523
814536	21.69047619047654
816193	0
817538	0
818311	0
818812	0
819170	0
819521	0.07142857142857142
820236	0.3571428571428572
821149	0.38095238095238104
822020	0.16666666666666666
823118	0
824116	0
824835	0
825555	0
826685	0
828113	0
829471	0
830307	0.047619047619047616
831554	0.09523809523809523
832692	0.09523809523809523
834077	0.09523809523809523
835729	0.047619047619047616
836893	0
837795	0
838323	0
838867	0
840390	0
841926	0
842795	0
844367	0
846102	0
846789	0
847631	0
848659	0
849653	0
850707	0
851805	0
852933	1.7380952380952361
853416	1.7380952380952361
854206	0
855284	0
856759	0
858428	0
859620	0
861390	0
863061	0
863973	0
864754	0
865746	0
867050	0.023809523809523808
868455	0.047619047619047616
870180	0.047619047619047616
871427	0.023809523809523808
872345	0
874153	0
875999	0
877372	0
878439	0
879299	0
880167	0
881328	0
882355	0
883090	0
884289	0
885085	0
885723	0
886694	0
887691	241.47619047615348
888976	241.47619047615348
890277	0
890624	0
891056	0
891545	0
892418	0
893195	0
894340	0
895557	0
896610	0
897506	0
898233	0
899081	0
900209	0
901200	0
901892	0
902622	0
903370	0.023809523809523808
904209	0.023809523809523808
904754	0.023809523809523808
905328	0
906246	0
907567	0
908793	0
910190	0
911666	0
912988	0
914407	0
915699	0
917302	0
918624	0
919792	0
921320	0
922478	36.33333333333472
923073	44.23809523809719
924402	114.57142857142043
926334	122.85714285713283
927080	28.976190476191345
928334	25.50000000000062
930079	25.309523809524418
931567	25.309523809524418
932842	25.309523809524418
935218	25.309523809524418
937677	25.309523809524418
938665	25.309523809524418
940074	127.57142857141747
942181	150.33333333331706
943722	93.14285714285387
944464	93.14285714285387
945244	93.14285714285387
946445	93.14285714285387
947944	93.14285714285387
949114	93.14285714285387
949963	93.14285714285387
950710	208.2380952380658
952413	173.21428571426424
954037	0.047619047619047616
955752	0.023809523809523808
957108	0
958197	0.023809523809523808
959453	59.14285714286015
960646	59.16666666666968
961542	0.047619047619047616
962831	0
963970	0
965452	0
967495	0
968859	0.023809523809523808
970005	0.023809523809523808
970764	0.023809523809523808
971225	0.023809523809523808
972198	0
973011	0
973929	0
974980	0
975974	0
978556	0
981970	0
983349	0
983973	0
985114	0
986438	0
988285	0
989755	0
991928	4.761904761904749
993660	4.761904761904749
994436	0
995415	0
996464	0
997224	0
998137	0.07142857142857142
998840	0.11904761904761904
1002342	0.09523809523809523
1003160	0.023809523809523808
1004312	0
1005273	0
1006223	0
1007045	0
1008898	0
1010917	0
1012627	0
1014079	0
1015177	0
1015798	0
1016265	0
1017419	0
1018711	0
1019533	0
1020664	0
1021452	0
1022811	0
1024125	0
1025498	0
1026786	0
1027442	0
1028152	0
1028562	0
1029366	0
1030203	0
1030503	0
1031088	156.45238095236328
1032698	233.45238095234578
1034150	120.97619047618088
1035419	120.97619047618088
1036063	120.97619047618088
1036553	120.97619047618088
1037177	120.97619047618088
1038512	120.97619047618088
1039864	120.97619047618088
1040491	120.97619047618088
1041266	121.02380952379991
1043120	121.04761904760943
1044453	121.1428571428475
1046897	121.1428571428475
1048318	121.07142857141895
1049010	121.04761904760943
1049591	121.09523809522847
1051567	121.09523809522847
1052153	121.04761904760943
1052825	143.57142857141383
1054783	351.8095238094617
1056775	418.5714285713513
1057608	202.88095238092416
1058670	184.66666666664258
1060529	184.64285714283307
1062098	184.59523809521403
1062702	184.59523809521403
1063315	184.59523809521403
1064664	184.59523809521403
1066205	184.59523809521403
1066977	184.99999999997584
1067410	252.16666666662724
1068167	208.47619047616098
1069175	78.59523809523813
1070107	29.119047619048498
1070660	25.380952380952994
1071365	24.833333333333908
1071966	24.642857142857704
1072518	24.642857142857704
1073408	24.642857142857704
1074561	24.642857142857704
1076901	24.690476190476755
1079041	24.738095238095806
1080059	61.500000000003176
1081411	53.04761904762162
1081825	58.88095238095537
1082806	58.92857142857442
1084011	100.66666666666168
1085524	130.66666666665486
1086312	121.47619047618076
1087183	121.21428571427606
1088848	142.0952380952237
1091077	181.4523809523576
1093555	329.8809523808953
1095684	406.7619047618302
1096336	561.1428571427475
1098355	620.9285714284482
1099247	91.92857142856843
1099917	46.214285714287804
1100526	31.190476190477217
1101267	31.190476190477217
1101919	31.190476190477217
1102346	31.190476190477217
1102871	31.404761904762946
1104178	5.476190476190461
1104674	0.21428571428571427
1105127	0.21428571428571427
1105569	0.21428571428571427
1106086	0.21428571428571427
1107035	0.23809523809523808
1108362	0.23809523809523808
1110119	0.2857142857142857
1112149	0.2857142857142857
1113692	0.23809523809523808
1113994	0.21428571428571427
1114877	0.21428571428571427
1116122	0.21428571428571427
1117333	0.21428571428571427
1118188	0.21428571428571427
1118763	0.21428571428571427
1119363	0.21428571428571427
1120027	0.4285714285714287
1120828	0.4285714285714287
1121364	0
1122084	0
1122993	0
1123730	0
1124722	0
1125854	0
1126480	0
1127267	0
1128606	0
1129622	0
1129981	0
1130533	0.9047619047619054
1131226	0.9047619047619054
1131640	0
1132201	0
1133178	0
1134179	0
1135120	0
1135913	0
1136822	0
1137841	0
1139199	0.047619047619047616
1140509	0.09523809523809523
1142774	0.14285714285714285
1145419	0.09523809523809523
1146322	0
1147054	0
1147453	0
1148171	0
1149235	0
1150192	0
1151037	0
1151733	0
1152559	0.6190476190476194
1153704	0.6190476190476194
1154623	0
1155444	0
1156264	0
1157175	0.023809523809523808
1158585	0.07142857142857142
1160456	0.09523809523809523
1162064	0.09523809523809523
1162435	0
1162958	0
1163672	0
1164607	0
1165414	0
1166737	0
1167868	0
1168547	0
1169201	0
1169891	0
1172265	0
1174628	0
1176026	0
1176969	0
1177945	0
1179048	0
1179939	0
1180873	0
1181494	0
1182306	1.2619047619047616
1183223	199.35714285711543
1184045	734.595238095089
1185026	572.190476190364
1186457	556.9523809522723
1187679	748.095238095086
1189046	681.3571428570059
1190111	501.7619047618086
1191301	491.99999999990604
1192310	491.9761904760965
1193220	491.952380952287
1194057	491.99999999990604
1194624	493.6428571427628
1195748	546.7619047617984
1197199	532.2380952379922
1197880	540.2619047617999
1199141	533.2142857141824
1200242	646.7619047617757
1200909	675.3809523808168
1201667	614.5714285713068
1201930	653.9761904760597
1202596	792.6666666665044
1203124	757.6428571427028
1203546	680.809523809387
1203991	755.1904761903224
1204853	812.3809523807856
1205640	777.6190476188888
1205967	740.6428571427067
1206547	674.2619047617694
1207205	651.095238095108
1210762	552.714285714178
1211495	596.7857142855966
1213693	198.45238095235374
1214869	142.02380952379514
1215907	141.64285714284284
1216502	141.28571428570007
1216872	141.40476190474766
1218089	141.80952380950947
1219092	142.30952380950936
1220361	142.54761904760454
1222469	143.2857142856996
1222786	144.49999999998505
1224412	89.26190476190237
1224955	0.5952380952380956
1225732	0
1226784	0.023809523809523808
1227271	0.023809523809523808
1227860	0.023809523809523808
1228408	0.023809523809523808
1229053	0
1229938	0
1230976	0
1231820	0
1232765	0
1233946	0
1235297	0
1236475	0
1238220	0.5476190476190479
1239414	1.3571428571428565
1241203	1.9761904761904734
1242623	1.1666666666666667
1243485	0.7380952380952386
1244160	0.9523809523809531
1244855	4.833333333333321
1245380	6.80952380952379
1246527	6.023809523809507
1248405	1.3333333333333328
1249441	0.023809523809523808
1250303	0.047619047619047616
1252025	74.57142857142952
1254518	108.09523809523142
1256386	143.9285714285566
1257266	143.95238095236613
1258221	0.047619047619047616
1258930	0.023809523809523808
1259950	0.023809523809523808
1261434	0.023809523809523808
1262451	0
1263188	0
1264342	0
1265553	0
1266510	0
1267120	0
1267724	0.14285714285714285
1268592	0.21428571428571427
1271299	0.16666666666666666
1272234	0.09523809523809523
1272844	0
1273422	0
1274481	0
1275504	0
1276720	0
1277753	0
1278652	0
1281735	0
1284373	0
1285494	1.7142857142857124
1286187	8.452380952380928
1288203	9.61904761904759
1288903	2.880952380952375
1289678	1.3571428571428565
1290748	0
1291911	0.023809523809523808
1292715	0.5000000000000002
1293835	0.5714285714285717
1294721	0.09523809523809523
1295229	0.09523809523809523
1296783	0.9285714285714293
1298921	0.9285714285714293
1299349	0.8809523809523816
1301975	0.9285714285714293
1303359	0.8809523809523816
1304288	0.8333333333333339
1305260	0.8095238095238101
1306266	0.7857142857142863
1306985	0.8095238095238101
1307915	37.166666666668114
1309642	91.92857142856843
1310717	212.1190476190173
1311441	199.40476190473447
1312047	137.38095238093905
1312620	132.73809523808296
1313291	137.35714285712953
1314339	512.8333333332347
1314971	617.8095238094013
1315520	315.4047619047081
1315945	319.809523809469
1316819	175.02380952378763
1317818	7.3571428571428354
1319106	3.309523809523802
1320586	0
1322165	0
1323660	0
1324408	0.047619047619047616
1325693	0.09523809523809523
1327289	0.14285714285714285
1328062	0.09523809523809523
1328733	0.047619047619047616
1329856	0
1330542	0
1332346	0
1334342	0
1335224	0
1335374	0
1335619	0
1337168	0
1338865	0
1339712	0
1340397	0
1341142	0
1342259	0
1342821	0
1343219	0
1343971	0
1344522	0.09523809523809523
1345749	0.19047619047619047
1347945	0.19047619047619047
1349543	2.2380952380952346
1350645	13.928571428571384
1352231	16.61904761904761
1353132	4.833333333333321
1354073	0
1354987	0
1356288	0
1357545	0
1358494	0.023809523809523808
1360199	0.023809523809523808
1361508	0.023809523809523808
1362189	0.023809523809523808
1363486	0
1364872	0
1366182	0
1367423	0
1368413	0
1368913	0
1369204	0.023809523809523808
1369503	0.047619047619047616
1369846	0.09523809523809523
1371055	0.11904761904761904
1372555	0.14285714285714285
1373662	0.09523809523809523
1374511	0.09523809523809523
1375489	0.11904761904761904
1376428	0.14285714285714285
1377359	0.14285714285714285
1379017	0.07142857142857142
1380477	0.09523809523809523
1381305	0.09523809523809523
1382399	0.07142857142857142
1383462	0.07142857142857142
1384815	0.023809523809523808
1386041	0
1387490	0
1388558	0
1389412	0
1390234	0
1390771	0
1391393	0
1392440	0
1394033	0
1395406	0
1397493	0
1398147	0
1399150	0.4285714285714287
1399978	75.28571428571507
1401010	132.97619047617815
1402532	74.38095238095337
1403910	74.47619047619145
1405195	88.40476190475971
1406260	115.78571428570586
1407179	118.83333333332422
1408541	124.52380952379912
1409394	107.09523809523165
1410197	107.2857142857078
1411480	184.0476190475951
1413344	195.11904761902116
1413635	212.85714285711236
1414388	221.11904761901525
1417625	223.21428571425287
1417923	227.54761904758521
1418118	264.5714285713863
1418853	301.52380952375887
1419389	368.8333333332674
1420003	363.88095238088755
1420513	419.3571428570654
1420895	500.83333333323736
1421547	606.6904761903562
1422356	719.7380952379496
1423032	857.3095238093468
1424527	884.3095238093407
1425508	734.2619047617558
1425800	758.7142857141312
1426968	788.92857142841
1429914	738.9285714284214
1435402	470.28571428562526
1436326	20.73809523809552
1439022	10.952380952380919
1441191	2.904761904761899
1441532	2.9285714285714226
1442348	2.999999999999994
1444370	3.0476190476190412
1445779	3.0952380952380887
1446043	4.357142857142846
1446830	5.809523809523793
1448268	2.380952380952377
1450212	2.2380952380952346
1452619	2.119047619047616
1454391	2.0952380952380922
1455011	2.0952380952380922
1455537	1.7857142857142836
1456173	1.7857142857142836
1456965	1.7857142857142836
1457880	1.7857142857142836
1458658	1.7857142857142836
1459790	1.7857142857142836
1460682	1.7857142857142836
1461495	1.7857142857142836
1462781	1.7857142857142836
1464014	1.9047619047619022
1464766	2.285714285714282
1474651	2.190476190476187
1476297	1.3333333333333328
1477923	1.1666666666666667
1478674	2.1428571428571397
1480016	1.9047619047619022
1481543	0.07142857142857142
1482557	0.38095238095238104
1485012	1.0714285714285718
1487635	1.1666666666666667
1488951	0.4761904761904764
1489838	0.45238095238095255
1490149	3.7380952380952293
1490655	3.428571428571421
1491167	1.833333333333331
1491763	0.30952380952380953
1492045	0.33333333333333337
1493290	0.3571428571428572
1494609	0.11904761904761904
1495959	0
1497701	0
1498763	0.023809523809523808
1499207	0.047619047619047616
1499959	0.047619047619047616
1501069	0.023809523809523808
1501858	0.26190476190476186
1502791	0.2857142857142857
1503505	0.07142857142857142
1504291	0.07142857142857142
1505492	0.07142857142857142
1506440	0.023809523809523808
1507761	0.047619047619047616
1508919	0.21428571428571427
1509374	0.19047619047619047
1509705	0.33333333333333337
1512226	0.30952380952380953
1513323	0.11904761904761904
1514301	0
1515159	0.023809523809523808
1516290	0.07142857142857142
1517475	0.14285714285714285
1517764	0.11904761904761904
1518106	0
1518587	0
1519545	0
1520594	0
1522014	0
1523837	1.238095238095238
1525230	40.57142857143026
1526555	88.5238095238073
1527046	141.64285714284284
1530163	146.5238095237941
1533168	165.49999999998028
1533566	79.14285714285705
1534446	14.02380952380948
1535411	3.2142857142857073
1536277	0.047619047619047616
1536961	0.047619047619047616
1538081	0.07142857142857142
1540720	3.3809523809523734
1543366	20.190476190476435
1546700	21.952380952381322
1547694	5.119047619047605
1549242	0
1550903	0
1551664	0.07142857142857142
1552540	0.23809523809523808
1553333	0.23809523809523808
1554820	0.14285714285714285
1555894	0.023809523809523808
1556172	0.38095238095238104
1556840	5.02380952380951
1557575	5.2142857142857
1558524	1.404761904761904
1559462	1.1190476190476193
1560418	0.8333333333333339
1561706	0.8333333333333339
1562785	0.8809523809523816
1564533	0.9047619047619054
1566449	0.5476190476190479
1568163	0.5476190476190479
1569721	0.07142857142857142
1573798	0.14285714285714285
1576433	0.14285714285714285
1578499	0.09523809523809523
1580211	0.14285714285714285
1581683	0.14285714285714285
1583306	0.14285714285714285
1583860	5.714285714285698
1585346	8.21428571428569
1587277	24.952380952381535
1588044	45.785714285716345
1588574	154.47619047617326
1591515	198.64285714282988
1592309	80.73809523809479
1599413	77.45238095238125
1600764	46.952380952383095
1602257	37.85714285714435
1603533	35.64285714285848
1604543	35.64285714285848
1605562	31.023809523810538
1606537	31.023809523810538
1607144	31.095238095239115
1607725	28.595238095238937
1608565	24.595238095238653
1609954	22.97619047619092
1611380	24.50000000000055
1612145	24.642857142857704
1612788	28.47619047619131
1614009	30.761904761905758
1615244	33.59523809523929
1616320	34.38095238095363
1617623	28.404761904762733
1618575	20.452380952381215
1619337	33.357142857144034
1619765	34.42857142857268
1620098	72.7380952380966
1620687	72.7380952380966
1621925	40.071428571430225
1622693	26.52380952381022
1623405	24.5476190476196
1624301	24.50000000000055
1625032	40.95238095238267
1626357	48.04761904762127
1627890	47.11904761904977
1628695	47.11904761904977
1629316	47.428571428573605
1630183	128.04761904760784
1631643	395.35714285707087
1637695	510.4761904760923
1638561	383.02380952374034
1639278	380.83333333326465
1639790	429.73809523801543
1640209	504.83333333323645
1640677	473.40476190467217
1641446	493.02380952371533
1641961	494.33333333323884
1642865	577.33333333322
1643779	711.5714285712847
1644776	790.4285714284097
1645489	660.738095237963
1645752	657.4047619046304
1646571	704.095238095096
1647235	667.3809523808186
1647491	809.642857142691
1647735	713.4999999998557
1648137	704.9047619046196
1648729	619.4523809522581
1648932	498.9047619046664
1649127	484.09523809514593
1649703	446.99999999991627
1649889	357.2142857142224
1653405	314.5238095237559
1654534	170.90476190474095
1655510	131.71428571427367
1655978	109.0952380952312
1656464	109.02380952380264
1657120	111.47619047618304
1657717	146.7619047618893
1663298	95.45238095237715
1664036	53.0238095238121
1664813	13.142857142857101
1665943	10.666666666666634
1666871	10.666666666666634
1667954	10.666666666666634
1669145	10.666666666666634
1670325	10.666666666666634
1671530	10.666666666666634
1672370	10.38095238095235
1672984	13.6428571428571
1673318	117.19047619046745
1674430	145.8571428571276
1675666	36.71428571428713
1677137	18.904761904762058
1678899	1.833333333333331
1680248	1.833333333333331
1681337	1.833333333333331
1681862	1.833333333333331
1682518	2.0714285714285685
1683532	0.26190476190476186
1684723	0
1685886	0
1687554	0
1689163	0
1690606	0
1691477	0
1692218	0
1693576	0
1695165	0
1696751	0.023809523809523808
1697656	0.023809523809523808
1698666	0.047619047619047616
1700151	0.047619047619047616
1701543	0.023809523809523808
1702733	0.023809523809523808
1703788	0.023809523809523808
1705056	0.023809523809523808
1705470	0.023809523809523808
1706057	0
1706637	0.023809523809523808
1708030	0.047619047619047616
1709671	0.07142857142857142
1710514	0.047619047619047616
1711175	0
1711840	0
1712386	0
1713520	0
1714679	0
1715456	0
1716585	0
1717679	0
1718227	0
1719047	0
1720109	0
1720607	0
1721143	0
1721692	0
1723127	0
1724394	0
1725184	0
1725800	0
1726322	0
1727207	0
1728040	0
1728670	0
1731395	0
1733927	0
1734842	0
1735668	0
1736705	0
1737500	0.023809523809523808
1738356	0.023809523809523808
1739332	0.023809523809523808
1740516	0.023809523809523808
1741987	0
1742921	0
1744143	0
1745499	0
1746852	0.07142857142857142
1747933	0.16666666666666666
1749129	0.11904761904761904
1749955	0.09523809523809523
1750679	0.07142857142857142
1751396	0.07142857142857142
1752779	0.07142857142857142
1754164	0.07142857142857142
1755036	0
1756404	0
1757539	0
1758223	0
1759082	0
1759913	0.023809523809523808
1761155	0.023809523809523808
1762139	0.023809523809523808
1763265	0.023809523809523808
1764202	0
1765028	0
1765427	0
1767157	0
1769630	0.33333333333333337
1770793	0.33333333333333337
1771678	0.047619047619047616
1773144	0.07142857142857142
1774222	0.07142857142857142
1775065	0.07142857142857142
1776384	0.047619047619047616
1777771	0.14285714285714285
1778845	0.26190476190476186
1779492	0.21428571428571427
1779999	0.21428571428571427
1780870	0.09523809523809523
1782039	0.023809523809523808
1782827	0.21428571428571427
1783854	0.6190476190476194
1785923	0.7380952380952386
1787861	0.30952380952380953
1788958	0
1789708	0
1790526	0.023809523809523808
1791663	0.047619047619047616
1792499	0.047619047619047616
1793183	0.023809523809523808
1793833	0.5476190476190479
1794662	175.02380952378763
1795402	182.71428571426208
1796750	8.238095238095214
1798450	0
1799571	0
1799900	0.023809523809523808
1800313	0.047619047619047616
1801606	0.07142857142857142
1805218	0.07142857142857142
1805704	0.07142857142857142
1806834	0.023809523809523808
1807545	0
1808226	0
1808965	0
1809714	0
1810506	0
1811629	0
1812730	0
1813552	0
1814997	0
1816760	0
1817824	0
1819024	0
1819630	0.023809523809523808
1820535	0.023809523809523808
1821459	0.023809523809523808
1822087	0.023809523809523808
1822871	0
1823958	0
1824649	0
1825382	0
1826439	0
1827587	0
1828995	0
1830248	0
1831372	0
1832831	0.023809523809523808
1833756	0.047619047619047616
1834454	0.09523809523809523
1835161	0.09523809523809523
1835789	0.047619047619047616
1836656	0.047619047619047616
1837979	0.023809523809523808
1839073	0
1840120	0
1841093	0
1841693	0
1841999	0.023809523809523808
1843042	0.38095238095238104
1844351	0.5714285714285717
1845979	1.0476190476190481
1847486	0.5238095238095241
1848400	0.047619047619047616
1849765	0.11904761904761904
1851368	0.11904761904761904
1852207	0.047619047619047616
1853300	0
1854475	0
1855481	0
1856454	0
1857351	0
1858311	0
1859539	0
1860794	0
1861838	0
1862222	0
1863268	0.023809523809523808
1864292	0.047619047619047616
1865209	0.047619047619047616
1866099	0.047619047619047616
1867875	0
1869596	0.023809523809523808
1871122	0.047619047619047616
1872786	0.07142857142857142
1873825	0.07142857142857142
1874575	0.023809523809523808
1875164	0.07142857142857142
1876263	0.07142857142857142
1877082	0.023809523809523808
1877405	0.023809523809523808
1878227	0.09523809523809523
1879131	0.14285714285714285
1879494	0.11904761904761904
1879768	0.09523809523809523
1880440	0.09523809523809523
1881347	0.07142857142857142
1882454	0.047619047619047616
1883918	0.047619047619047616
1885227	0.047619047619047616
1886327	0.047619047619047616
1887421	0.047619047619047616
1888936	0
1890241	0
1890919	0
1892280	0
1893537	0
1894282	0
1894641	0
1895485	0
1896459	0
1897614	0
1899226	0.09523809523809523
1900807	0.16666666666666666
1902533	0.26190476190476186
1903482	0.19047619047619047
1904320	0.023809523809523808
1905030	0.023809523809523808
1905971	0.047619047619047616
1906655	0.047619047619047616
1907330	0
1908404	0
1909044	0
1909703	0
1910962	0
1912135	0
1913792	0
1915185	0
1915906	0.023809523809523808
1916899	0.047619047619047616
1918826	0.07142857142857142
1920939	0.047619047619047616
1921898	0
1922174	0
1922641	46.59523809524021
1923535	46.59523809524021
1924155	0
1924782	0
1925223	0
1925768	0
1926451	0.023809523809523808
1927809	0.09523809523809523
1929377	0.16666666666666666
1929822	0.09523809523809523
1930212	0.07142857142857142
1930602	0.023809523809523808
1931470	0
1932435	0
1933698	0
1935576	0
1936554	0
1937086	0.9761904761904769
1938370	11.119047619047585
1939707	10.785714285714253
1940974	1.8095238095238073
1942144	0
1943039	0
1943806	0
1944851	0
1945670	0
1946552	0
1947115	0
1947781	0
1948434	0
1949636	0.8095238095238101
1951115	345.0476190475585
1951804	445.28571428563095
1952463	104.5714285714227
1953073	49.857142857145206
1953927	0
1955792	0
1957582	0
1958893	0
1959563	0
1960928	0
1962216	0
1962776	0
1964011	0.047619047619047616
1965617	0.09523809523809523
1966715	0.09523809523809523
1967242	0.047619047619047616
1967976	0.023809523809523808
1968934	0.07142857142857142
1970183	0.07142857142857142
1971860	0.07142857142857142
1973087	0.047619047619047616
1974342	0.023809523809523808
1975792	0.023809523809523808
1976695	0.023809523809523808
1977555	0.023809523809523808
1978022	0.023809523809523808
1979967	0.023809523809523808
1980900	0
1981987	0.023809523809523808
1983047	0.047619047619047616
1984312	0.047619047619047616
1985633	0.023809523809523808
1987176	0
1987632	0
1988383	0
1988964	0
1989370	0
1990286	7.499999999999978
1991286	252.78571428567471
1992543	302.357142857092
1993790	57.07142857143143
1995031	0
1995930	0
1996471	0
1997438	0
1998145	0
1998987	0
2000013	0
2000748	0
2001429	0
2002858	0
2004575	0
2005508	0
2005895	0
2006899	0.023809523809523808
2007883	0.047619047619047616
2008879	0.047619047619047616
2009595	3.761904761904753
2010155	17.690476190476257
2010839	15.642857142857093
2011443	12.928571428571388
2012176	10.976190476190443
2012857	13.499999999999957
2014058	2.5238095238095193
2015377	1.8095238095238073
2016211	1.142857142857143
2017240	1.142857142857143
2018167	1.142857142857143
2018949	1.142857142857143
2019850	1.142857142857143
2020589	1.142857142857143
2021294	1.142857142857143
2021686	1.142857142857143
2022237	1.142857142857143
2022750	1.142857142857143
2023285	1.142857142857143
2024279	1.142857142857143
2024729	0.5952380952380956
2025099	0
2025918	0
2027170	0
2028279	0
2028907	0
2029999	0
2030683	0.16666666666666666
2031608	0.30952380952380953
2032731	3.309523809523802
2033270	6.6190476190476
2034802	5.476190476190461
2035048	12.04761904761901
2036260	11.357142857142822
2037473	7.45238095238093
2038543	5.857142857142841
2039162	5.857142857142841
2039980	5.857142857142841
2040800	5.857142857142841
2041700	231.59523809520334
2042633	497.9285714284761
2044049	783.2857142855541
2044822	414.88095238087595
2048462	426.28571428563527
2052976	469.23809523800645
2054301	437.619047618966
2055788	420.8809523808746
2057216	425.8095238094449
2058930	507.9047619046643
2060439	474.90476190467183
2061474	506.0476190475219
2062858	500.3333333332375
2063927	407.5952380951633
2064850	501.83333333323714
2065490	721.9047619046157
2068831	838.809523809351
2073098	824.52380952364
2075545	783.9523809522207
2078037	938.5238095236141
2079196	446.8095238094401
2080062	222.40476190472924
2081025	224.4047619047288
2081964	356.0714285713655
2083469	293.85714285709395
2084339	27.428571428572187
2084969	27.428571428572187
2086383	27.61904761904839
2087804	27.61904761904839
2088716	27.61904761904839
2089338	27.61904761904839
2089587	27.61904761904839
2090641	27.61904761904839
2091749	27.61904761904839
2092933	27.61904761904839
2094001	27.61904761904839
2094830	27.61904761904839
2095493	27.61904761904839
2096232	52.02380952381203
2096919	79.21428571428561
2097811	93.47619047618713
2099030	134.38095238093973
2100565	313.8809523808989
2103950	361.54761904755475
2104789	417.7857142856372
2105561	402.16666666659313
2106643	457.1428571427711
2107777	559.2142857141765
2108960	679.8333333331967
2109859	633.0952380951121
2111526	508.2380952379976
2112518	385.99999999993014
2113880	398.8809523808796
2115199	159.42857142855308
2116517	145.52380952379434
2117764	146.97619047617496
2119419	151.14285714284068
2120857	144.5714285714136
2122294	111.26190476189737
2123802	101.3333333333282
2125134	90.071428571426
2125984	84.1190476190464
2126707	84.1190476190464
2127753	83.26190476190374
2128614	83.45238095237988
2129277	80.7619047619043
2130269	80.7619047619043
2131461	80.80952380952334
2132311	83.90476190476073
2132977	64.97619047619361
2134571	28.166666666667478
2135876	38.71428571428727
2138693	32.928571428572575
2140685	26.857142857143575
2141924	25.214285714286316
2142627	25.166666666667265
2144924	25.166666666667265
2147116	25.166666666667265
2148350	25.119047619048214
2150012	25.119047619048214
2151415	25.119047619048214
2152051	25.119047619048214
2152798	46.19047619047828
2153773	148.73809523807932
2154639	155.1666666666493
2156824	153.69047619045915
2159924	153.71428571426867
2162171	153.71428571426867
2163577	153.66666666664963
2164637	156.9999999999822
2165355	166.1904761904563
2166348	350.95238095231906
2167411	451.0476190475344
2168147	396.0476190475469
2169161	89.35714285714045
2172353	79.80952380952357
2174823	87.30952380952186
2175690	70.59523809523995
2176777	68.64285714285944
2178038	67.428571428574
2179459	64.73809523809842
2180597	64.73809523809842
2181578	64.73809523809842
2182408	64.73809523809842
2183242	64.73809523809842
2184116	67.02380952381219
2184907	136.9285714285582
2185660	134.3571428571302
2186329	29.69047619047711
2187129	27.52380952381029
2187897	26.428571428572116
2189670	26.476190476191167
2191263	26.500000000000693
2191951	26.452380952381642
2192655	26.40476190476259
2193613	26.690476190476897
2195316	21.261904761905082
2202095	21.54761904761939
2204130	24.428571428571974
2205140	24.333333333333872
2206834	21.404761904762236
2208535	21.261904761905082
2210022	21.238095238095557
2211455	21.21428571428603
2211961	21.16666666666698
2212602	21.21428571428603
2213801	173.40476190474038
2215231	185.90476190473754
2215710	16.476190476190457
2216110	1.0238095238095244
2216944	1.0238095238095244
2217978	1.0238095238095244
2219022	1.0238095238095244
2220825	1.0238095238095244
2223042	1.0238095238095244
2224404	1.0238095238095244
2225337	1.0238095238095244
2226090	1.0238095238095244
2226889	1.0714285714285718
2227918	0.07142857142857142
2229911	0.09523809523809523
2230823	0.023809523809523808
2231366	0
2232286	0
2233237	0
2233719	0
2234652	0.023809523809523808
2235882	0.047619047619047616
2237248	0.047619047619047616
2238529	0.047619047619047616
2239849	0.047619047619047616
2241148	0.047619047619047616
2242388	0.047619047619047616
2243318	0.047619047619047616
2244328	0.047619047619047616
2245773	0.047619047619047616
2247797	0.047619047619047616
2249177	0.047619047619047616
2250241	0.047619047619047616
2251268	0.047619047619047616
2252244	0.16666666666666666
2254715	0.26190476190476186
2255665	0.3571428571428572
2257898	0.3571428571428572
2258825	0.19047619047619047
2260564	0.09523809523809523
2261896	0
2262930	0
2264453	0
2265168	0
2265736	0
2266978	0
2268322	0
2269210	0
2270262	0
2271504	0
2273271	0
2274726	0
2275785	0
2277094	0
2278065	0
2279165	0
2280135	0
2281512	0
2282659	0
2283443	0
2284242	4.904761904761892
2285256	151.4285714285549
2290823	154.5476190476018
2291884	8.0238095238095
2292685	0
2293932	0
2295140	0
2295481	0
2295951	0
2296693	0
2297329	0
2297958	0
2298493	5.928571428571412
2299146	5.928571428571412
2299912	0
2301510	0
2302881	0
2303250	0
2303688	0
2304149	0
2305931	0
2307793	0
2309016	0.023809523809523808
2309873	0.023809523809523808
2311006	0.047619047619047616
2312197	0.047619047619047616
2314824	0.023809523809523808
2316502	0
2318451	0.047619047619047616
2320956	0.047619047619047616
2322558	0.023809523809523808
2323778	0
2324434	0
2325417	0
2326701	0
2327755	5.261904761904748
2328972	5.261904761904748
2330040	5.261904761904748
2332245	5.714285714285698
2334647	0.45238095238095255
2335800	0
2338106	0
2339928	0
2342269	0
2346007	0
2347949	0
2348641	0.07142857142857142
2349147	0.8095238095238101
2349790	1.6904761904761887
2350473	1.9761904761904734
2351695	0.6190476190476194
2353461	0.30952380952380953
2354894	0
2356116	0
2357908	0
2358443	0
2359507	0
2360811	0
2361820	0
2363032	0
2364004	0
2364766	0
2365319	0
2366488	0
2367555	0
2369030	0
2370463	0
2371734	0
2372724	0
2373085	0
2373405	0
2374325	0
2375481	0
2376390	0
2377213	0
2378424	0
2379995	0
2380874	0
2381312	0
2382066	0
2383320	0
2384858	0
2386345	0
2387185	0
2388068	0
2388846	0
2389540	0
2390776	0
2392276	0
2394125	0
2395194	0
2395619	0
2396179	0
2396953	0
2398802	0
2400886	0
2401802	0
2402956	0
2404282	0
2404850	0
2405417	0
2406172	0
2408169	0
2409161	0
2410436	0
2411764	0
2412347	0
2412904	0
2414071	0
2415819	0
2417862	0
2418905	0
2419509	0
2420163	0
2420944	0
2421506	0
2422154	8.357142857142833
2424122	14.92857142857138
2424875	14.92857142857138
2425573	14.92857142857138
2426397	14.952380952380905
2427400	14.952380952380905
2428341	14.952380952380905
2429479	14.952380952380905
2430519	14.92857142857138
2431353	14.92857142857138
2432308	14.92857142857138
2433469	14.92857142857138
2434411	14.92857142857138
2435230	14.92857142857138
2436142	14.92857142857138
2437283	157.28571428569643
2438447	150.71428571426935
2439531	28.357142857143682
2440995	0
2442767	0
2444030	0
2444477	0
2445155	0
2445972	0
2446930	0
2447974	0
2448881	0
2449638	0
2450320	0
2450831	0
2451328	0.023809523809523808
2451960	0.09523809523809523
2455364	0.11904761904761904
2456569	0.07142857142857142
2458087	0
2459814	0
2460792	0
2461976	0
2463541	0
2464629	55.4523809523837
2465767	288.66666666661894
2468674	381.59523809516924
2469796	372.4761904761237
2472249	444.90476190467865
2472634	640.7380952379675
2473062	639.2619047617774
2473785	862.1428571426791
2474444	725.499999999853
2475252	760.4761904760355
2475692	756.1190476188937
2476025	668.4761904760564
2476410	677.3333333331973
2477161	253.35714285710316
2478515	162.19047619045722
2479866	78.99999999999994
2481407	78.8095238095238
2482757	2.5238095238095193
2484062	2.5238095238095193
2486170	2.5238095238095193
2488595	2.5238095238095193
2489714	1.7142857142857124
2491103	1.7142857142857124
2492629	0
2494084	0
2494835	0
2495171	0
2496105	0
2497676	0
2499519	0
2500750	0
2501558	0
2503237	0
2505028	0
2506089	0
2507270	0
2508079	0
2508943	0
2510258	0
2511164	0
2512087	0
2513643	0
2516737	0
2518631	0
2519019	0.023809523809523808
2519964	0.09523809523809523
2522035	0.07142857142857142
2523357	0.047619047619047616
2524461	0.07142857142857142
2525509	0.11904761904761904
2526393	0.16666666666666666
2527445	0.047619047619047616
2528050	0
2529168	0
2530740	0
2531843	0
2532894	0
2533892	0
2534929	0
2536088	0
2536811	0
2537529	0
2538116	0
2539127	0
2540265	0
2541241	0
2542095	0
2543020	0
2544227	0
2545180	0
2546221	0
2547385	0
2548754	0
2550095	0
2550928	0
2551501	0
2551925	0
2552786	0
2553674	0
2554656	0
2555478	0
2556070	0
2556853	0
2557998	17.452380952381002
2560634	29.619047619048533
2561492	41.071428571430296
2561809	36.16666666666804
2562319	56.904761904764754
2562820	46.19047619047828
2563780	42.00000000000179
2564176	41.80952380952559
2564927	45.97619047619255
2566182	44.7142857142877
2567494	0.2857142857142857
2568917	0
2569919	0
2571049	0
2571906	0
2572303	0
2572997	0
2573903	0
2574652	0
2575217	0
2575637	0
2577237	0
2579141	0
2580637	0
2582255	0
2583190	0
2584535	0
2586581	0
2589151	0
2591425	0
2592170	0
2592862	0
2593421	0
2594851	0.16666666666666666
2596305	0.30952380952380953
2597261	0.23809523809523808
2597805	0.09523809523809523
2598348	0.047619047619047616
2599321	0
2600192	0
2600713	0
2601509	0.07142857142857142
2602827	0.09523809523809523
2604320	0.11904761904761904
2605530	0.09523809523809523
2606587	0.14285714285714285
2607707	0.047619047619047616
2609320	0.023809523809523808
2610436	0
2611085	0
2611663	0
2612906	0
2614358	0
2615350	0
2616825	0
2617757	0
2618448	0
2619515	0
2620559	0
2621715	0
2622553	0
2624077	0
2625885	0
2627816	0
2629196	0
2629394	0
2630052	0.047619047619047616
2630595	84.09523809523688
2631746	89.83333333333081
2633337	5.952380952380936
2634917	0.6666666666666671
2635706	0.8809523809523816
2636620	0.5238095238095241
2638063	0
2638973	0
2639938	0
2641245	0
2642337	0
2643706	0
2644648	0
2646149	0
2649806	0
2652916	0
2654545	0
2655716	0
2656636	0
2656915	0
2658010	0
2659209	0
2659724	0
2660096	0
2660924	0
2661887	0
2662953	0
2663843	0
2664817	0
2666075	0
2667276	0.023809523809523808
2668451	0.023809523809523808
2669712	0.023809523809523808
2670649	0.023809523809523808
2671068	0.023809523809523808
2671631	0.023809523809523808
2672648	0.047619047619047616
2673557	0.19047619047619047
2674252	0.16666666666666666
2675230	0.16666666666666666
2676326	0.11904761904761904
2677605	0.11904761904761904
2678875	0.11904761904761904
2681104	0.19047619047619047
2683459	0.19047619047619047
2684880	0.07142857142857142
2686430	0.07142857142857142
2687239	0.07142857142857142
2688136	0.07142857142857142
2689149	0.07142857142857142
2690362	0
2693599	0
2696579	0
2697605	0
2698232	4.428571428571417
2699183	81.23809523809467
2699793	79.61904761904742
2700808	2.809523809523804
2701363	0
2702105	0
2702933	0
2703723	0
2704822	0
2706224	0
2707561	0
2708276	0
2709079	0
2709724	0
2711231	0
2712395	0
2713563	0
2714879	0
2715716	0
2716257	0
2717098	0
2718009	0
2718944	0
2719572	0
2721283	0
2723404	0
2724315	0
2725097	0.023809523809523808
2732886	0.023809523809523808
2734668	0
2735521	0
2736514	0
2737324	0.09523809523809523
2738325	0.4047619047619049
2739508	0.4047619047619049
2740615	0.4047619047619049
2741544	0.4047619047619049
2742134	0.4047619047619049
2742996	24.119047619048143
2743866	157.04761904760124
2744356	164.3571428571234
2744955	19.47619047619067
2745644	18.404761904762022
2746061	18.404761904762022
2747114	18.404761904762022
2748320	18.428571428571548
2749439	18.428571428571548
2750411	18.452380952381073
2751270	18.452380952381073
2752625	18.404761904762022
2753775	18.404761904762022
2754153	18.404761904762022
2754512	18.404761904762022
2755137	160.28571428569575
2755616	283.99999999995333
2758122	274.97619047614586
2758750	308.11904761899547
2759689	297.6666666666169
2762445	319.2619047618501
2764345	303.3809523809013
2766454	450.59523809515355
2767169	423.8571428570644
2770053	423.57142857135017
2770563	423.6190476189692
2771997	423.54761904754065
2772463	423.333333333255
2772936	423.333333333255
2774169	423.42857142849306
2786563	430.7142857142057
2789473	416.42857142849465
2790616	22.261904761905154
2791997	20.809523809524098
2793375	20.833333333333623
2794953	5.78571428571427
2796005	4.476190476190465
2796561	4.476190476190465
2796949	1.404761904761904
2797360	0
2797782	0
2798293	0
2799388	0
2799822	0
2800310	0
2800845	0
2801170	0
2802420	0
2803981	0
2805416	0
2806542	0
2807628	0
2808449	0
2809034	0.07142857142857142
2809985	0.07142857142857142
2810511	0.07142857142857142
2811035	0.07142857142857142
2812013	0.07142857142857142
2813385	0.11904761904761904
2814475	0.07142857142857142
2815661	0.023809523809523808
2816726	0
2817220	0
2819053	0
2820696	0
2822389	0
2823238	0.023809523809523808
2824097	0.023809523809523808
2825086	0.047619047619047616
2826113	0.047619047619047616
2826871	0.023809523809523808
2827547	0.023809523809523808
2828126	0.023809523809523808
2828800	0.023809523809523808
2829433	0.023809523809523808
2830295	0.047619047619047616
2831532	0.023809523809523808
2833195	0.023809523809523808
2834478	0.07142857142857142
2836299	0.14285714285714285
2837841	0.7619047619047624
2838760	0.6428571428571432
2840252	0.7142857142857147
2841702	1.3333333333333328
2842808	1.5476190476190463
2843241	0.5000000000000002
2843826	0
2844481	0
2845616	0
2846950	0
2848328	0
2849543	0
2850204	0
2850822	0
2851437	0
2852000	0
2852696	0
2853759	0.047619047619047616
2855377	1.833333333333331
2856629	28.642857142857988
2856950	35.4761904761918
2858373	43.85714285714478
2860088	11.285714285714251
2860850	4.952380952380939
2861884	1.4285714285714277
2862918	1.4285714285714277
2863912	1.4285714285714277
2864624	2.6666666666666616
2865783	8.809523809523784
2867055	8.380952380952357
2868183	5.02380952380951
2869206	0
2869893	0
2870779	0
2871540	0
2872135	0
2872664	0
2873175	0
2873689	0
2874705	0
2875875	0.023809523809523808
2877099	0.14285714285714285
2878711	0.11904761904761904
2879313	0.16666666666666666
2880087	0.14285714285714285
2880711	0.2857142857142857
2881596	0.33333333333333337
2882396	0.19047619047619047
2883384	0.19047619047619047
2885886	0.3571428571428572
2887945	0.2857142857142857
2889243	0.07142857142857142
2890998	0
2892396	0.30952380952380953
2893292	0.30952380952380953
2894049	0.30952380952380953
2894483	0.30952380952380953
2895349	0.30952380952380953
2896165	0.30952380952380953
2897237	0.30952380952380953
2898691	0.30952380952380953
2899880	0.30952380952380953
2901230	0.9285714285714293
2902635	2.2380952380952346
2905082	2.5952380952380905
2905627	1.4523809523809514
2906147	1.666666666666665
2907292	0.9761904761904769
2908847	0.023809523809523808
2910289	0.023809523809523808
2910923	0.023809523809523808
2911215	0.047619047619047616
2912534	0.09523809523809523
2914349	0.11904761904761904
2916435	0.09523809523809523
2918715	0.047619047619047616
2920076	0.07142857142857142
2921424	0.047619047619047616
2922759	0
2923393	0
2923948	0
2925007	0
2925772	0
2926990	0
2928873	0
2930259	0
2931432	0
2932439	0
2933364	0.14285714285714285
2934893	0.14285714285714285
2936471	0.14285714285714285
2938177	0
2939099	0
2939733	0
2940693	0
2941433	0
2942108	0
2943031	0
2943939	0
2944763	0
2945439	0.33333333333333337
2946629	141.92857142855706
2948383	143.09523809522346
2949907	14.47619047619043
2951548	0
2954232	0
2957440	0
2960744	0
2962602	0
2962952	0
2963434	0
2963942	0
2964758	0
2965599	0
2967311	0
2968712	0
2969403	0
2970006	0
2970776	0
2971380	0
2972117	0
2973265	0
2974934	0
2977114	0
2978268	0
2979488	0
2980289	0
2981473	0
2982877	0
2983706	0
2985001	0
2986461	18.285714285714395
2987852	19.666666666666874
2988315	31.214285714286742
2988906	104.33333333332752
2989545	154.9047619047446
2989889	154.9047619047446
2990147	154.9047619047446
2990777	154.9047619047446
2991513	154.9047619047446
2992782	155.40476190474448
2993747	237.30952380948776
2994228	237.33333333329728
2994681	270.3809523809088
2995014	375.11904761898023
2995529	537.9285714284671
2995884	590.6428571427408
2998431	676.6190476189117
2999513	565.3809523808418
3001454	0
3003053	0
3003728	0
3004897	0
3006858	0
3008108	0
3009369	0
3010720	0
3011927	0
3013426	0
3014672	0
3015449	0
3017609	0
3019825	0
3020929	0
3022751	0
3025051	0
3026427	0
3027804	0
3028768	0
3029971	0
3032091	0
3032879	0
3033339	0
3034415	0
3035624	0
3037239	0
3038467	0
3039295	0
3040115	0
3040619	0
3040937	0
3041803	0
3042818	0
3043467	0
3044384	0
3045529	0
3047604	0
3049354	0
3050120	0
3051716	0
3052929	0
3054177	0
3055155	0
3055776	0
3056488	0
3057794	0
3058995	0.11904761904761904
3059496	0.30952380952380953
3060199	0.7857142857142863
3061922	0.5952380952380956
3063484	0.2857142857142857
3064385	0.16666666666666666
3065541	0.16666666666666666
3066725	0.19047619047619047
3067710	0.047619047619047616
3068490	0.023809523809523808
3069377	0
3070704	0
3072040	0.11904761904761904
3073181	0.30952380952380953
3074332	0.4285714285714287
3074940	0.23809523809523808
3075699	0
3076817	0.023809523809523808
3078165	0.09523809523809523
3079108	0.07142857142857142
3080639	0.07142857142857142
3082292	0.14285714285714285
3083337	0.11904761904761904
3084923	0.11904761904761904
3086524	0.11904761904761904
3087283	0.11904761904761904
3088981	0.09523809523809523
3090024	0.09523809523809523
3090700	0
3091499	0
3092353	0
3093182	0
3093708	0
3094590	0
3095450	0
3096103	0
3096528	0
3096977	0.07142857142857142
3097835	48.4523809523832
3099061	164.19047619045676
3100205	164.07142857140917
3101263	164.04761904759965
3101970	164.02380952379013
3102492	164.02380952379013
3103539	164.02380952379013
3104230	164.02380952379013
3104972	164.02380952379013
3106342	164.07142857140917
3108087	256.85714285710236
3109906	607.0238095236895
3110858	679.9047619046253
3111549	201.16666666663883
3112481	198.61904761902036
3113272	145.14285714284205
3113947	142.19047619046177
3116831	142.45238095236647
3120438	115.85714285713442
3122719	43.85714285714478
3124029	25.047619047619637
3124847	25.047619047619637
3125996	25.047619047619637
3127271	25.047619047619637
3128654	52.833333333335894
3129611	89.52380952380707
3131874	84.23809523809399
3132833	26.285714285714963
3133593	25.83333333333398
3134477	25.380952380952994
3135621	24.571428571429127
3137592	19.857142857143078
3139160	0.07142857142857142
3139840	0.07142857142857142
3140147	0.07142857142857142
3140555	0.07142857142857142
3141039	0.07142857142857142
3142137	0.07142857142857142
3143575	0.07142857142857142
3144647	0.07142857142857142
3145702	0.09523809523809523
3146593	0.11904761904761904
3147668	0.07142857142857142
3148417	0.16666666666666666
3149224	0.09523809523809523
3150104	0
3151030	0
3151617	0
3152829	0
3153892	0
3154740	0
3155936	0.023809523809523808
3157036	0.047619047619047616
3158113	0.047619047619047616
3158755	0.2857142857142857
3160036	1.8571428571428548
3161963	3.4523809523809446
3163112	1.8571428571428548
3164844	0.07142857142857142
3166914	0.09523809523809523
3168048	0.07142857142857142
3168396	0.11904761904761904
3168990	0.26190476190476186
3169480	0.14285714285714285
3170157	0.11904761904761904
3171158	0.6428571428571432
3172820	1.8571428571428548
3173299	6.6190476190476
3174450	10.499999999999968
3175715	5.2142857142857
3176419	0
3177069	0
3177595	0
3178855	0
3180079	0.2857142857142857
3181001	0.5714285714285717
3182026	0.3571428571428572
3182936	0.11904761904761904
3183466	0.4047619047619049
3184139	0.8333333333333339
3184985	1.2857142857142854
3190255	3.499999999999992
3191164	2.3333333333333295
3191839	1.8571428571428548
3192522	1.4761904761904752
3193694	1.4761904761904752
3196036	1.4761904761904752
3198221	1.4761904761904752
3200314	1.4761904761904752
3201517	1.4761904761904752
3202510	1.4761904761904752
3203720	1.4761904761904752
3204405	1.4761904761904752
3205002	1.4761904761904752
3205790	1.4761904761904752
3206918	1.4761904761904752
3207673	1.4761904761904752
3208755	1.4761904761904752
3210036	1.4761904761904752
3210888	1.4761904761904752
3211979	1.4761904761904752
3213967	11.66666666666663
3215220	143.73809523808046
3216109	132.23809523808308
3217090	0.16666666666666666
3218316	0
3220128	0
3221081	0
3221957	0
3224179	0
3225946	0
3226950	0
3228336	0
3230063	0
3232674	0
3233936	0
3234298	0
3235307	0
3236211	0
3236886	0
3237804	0
3239062	0
3240566	0
3241468	0
3242570	0
3244035	0.45238095238095255
3245873	1.8571428571428548
3247040	1.9999999999999971
3248104	0.5952380952380956
3248630	0
3249153	0
3249527	0
3249885	0
3250226	0
3250713	0
3251517	0
3252486	0
3253089	0
3253766	0
3254669	0
3255125	0
3255996	0.023809523809523808
3257344	0.047619047619047616
3258967	0.047619047619047616
3259915	0.023809523809523808
3261271	0
3263056	0
3264351	0
3265533	0.09523809523809523
3266596	0.11904761904761904
3268123	0.14285714285714285
3269008	0.26190476190476186
3271197	0.21428571428571427
3272312	0
3273172	0
3274240	0
3276067	0
3277169	0
3277569	0
3278260	0
3279554	0
3280453	1.1190476190476193
3280901	3.6428571428571344
3281397	2.5952380952380905
3282553	1.1904761904761905
3283573	0
3284408	0
3285086	0.023809523809523808
3285873	0.023809523809523808
3286674	0.09523809523809523
3287718	0.09523809523809523
3288437	0.07142857142857142
3290072	0.047619047619047616
3291886	0.023809523809523808
3292905	0.023809523809523808
3294418	0
3295591	0
3296104	0
3296696	0
3297618	0
3298528	0
3299233	0
3299693	0
3300117	0
3300506	0
3301014	0
3301982	0
3302928	0
3303951	0
3305195	0
3306915	0
3308482	0
3310100	0
3311549	0
3312305	0
3312977	0
3314678	0
3316782	0
3317780	0
3319308	0
3320746	0
3322339	0
3323401	0
3324487	0
3325972	0
3327349	0
3327936	0
3328477	0
3329679	0
3331168	0
3332252	0
3332990	0
3333295	0
3334195	0
3335048	0
3335864	0
3336683	0
3337109	0
3337573	0
3338185	0
3338857	0
3339660	0
3340763	0
3341759	0
3342556	0
3343123	0
3343658	0
3344306	0
3345433	0
3346316	0
3346823	0
3347542	0
3348102	0
3348768	0.023809523809523808
3349445	0.023809523809523808
3350132	0.023809523809523808
3351857	0.023809523809523808
3353585	0.023809523809523808
3356908	0.023809523809523808
3359907	0.023809523809523808
3361558	0.023809523809523808
3362449	0.047619047619047616
3363997	0.047619047619047616
3367284	0.047619047619047616
3368390	0.047619047619047616
3369246	0
3369912	0
3370691	0
3371829	0
3373129	0
3374093	0
3375552	0
3376527	0
3377101	0
3378011	0
3378437	0
3379433	0
3380390	0
3381426	0
3382733	0
3383799	0
3384938	0
3385669	0
3385993	0
3387204	0
3388660	0
3389235	0
3389984	0
3391305	0
3394358	0
3397060	0
3398081	0
3398631	0
3399426	0
3400565	0
3402362	0.023809523809523808
3403971	0.047619047619047616
3405671	3.0476190476190412
3406591	4.452380952380941
3407496	2.4285714285714244
3408332	0.14285714285714285
3409510	0
3410762	0
3411419	0.26190476190476186
3412095	0.26190476190476186
3412710	0.023809523809523808
3413134	0.023809523809523808
3414442	0.023809523809523808
3418139	0.023809523809523808
3418500	0
3419160	0
3419670	0
3420724	0
3421876	0
3422815	0.047619047619047616
3429513	0.21428571428571427
3429894	0.19047619047619047
3430429	0.16666666666666666
3431129	0.19047619047619047
3431691	0.16666666666666666
3432227	0.16666666666666666
3432998	0.16666666666666666
3433944	0.16666666666666666
3434687	0.16666666666666666
3435851	0.19047619047619047
3437206	0.14285714285714285
3438229	0.047619047619047616
3438540	0
3438917	0
3439325	0
3439807	0
3440534	0
3441365	0
3441903	0
3442293	0
3442676	0
3443431	0
3444322	0
3444632	0
3444977	0
3445420	0
3445873	0
3446349	0
3446731	0
3447168	0
3447610	0
3447963	0
3448441	0
3448663	0
3448964	0
3449532	0
3450067	0
3450387	0
3450953	0
3451533	0
3451983	0
3452611	0
3453114	0
3453717	0
3454663	0
3455985	0
3457353	0
3459079	0
3460415	0
3461241	0
3461722	0
3462162	0
3462637	0
3463415	0
3464503	0
3465312	0
3465881	0
3466487	0
3466894	0.3571428571428572
3468506	1.666666666666665
3472457	1.7142857142857124
3473811	0.19047619047619047
3474365	0
3474821	0
3475152	0
3475525	0
3476079	0
3477013	0
3477749	0
3478202	0
3478692	0
3479704	0
3480882	0
3482245	0
3483713	0
3484327	0
3484924	0
3485616	0
3486436	0
3487848	0
3489570	0
3490547	0
3491162	0
3491536	0
3492011	0
3493158	0
3495282	0
3496714	0
3497406	0
3498514	0
3499531	0
3500578	0
3501779	0
3502755	0
3503559	0
3504417	0
3505477	0
3506684	0
3507524	0
3508151	0
3509200	0
3510394	0
3511241	0
3511891	0
3513136	0
3514010	0
3514720	0
3515495	0
3516663	0
3517942	0
3518803	0
3520069	0
3520817	0
3521229	0.023809523809523808
3521702	0.023809523809523808
3522361	0.023809523809523808
3524147	0.023809523809523808
3525869	0
3527536	0
3529003	0
3529548	0
3530213	0
3531577	0
3533629	0
3535192	0
3536224	0
3537050	0
3538545	0
3540276	0
3541567	0.023809523809523808
3542846	0.07142857142857142
3544459	0.07142857142857142
3545223	0.023809523809523808
3545911	0
3547217	0
3549028	0
3551276	0
3554437	0
3556341	0
3557466	0
3559067	0
3560101	0
3561037	0
3561660	0.26190476190476186
3562765	18.30952380952392
3563864	48.73809523809751
3565357	42.404761904763724
3567316	7.571428571428549
3568680	0
3570332	0
3572409	0
3574326	0.047619047619047616
3575367	0.14285714285714285
3576391	0.16666666666666666
3577328	0.07142857142857142
3578228	0
3579297	0
3580286	0
3581382	0
3582452	0
3583246	0
3584481	0
3584901	0
3585952	0
3587163	0
3587741	0
3588645	0
3589604	0
3590467	0.047619047619047616
3591667	0.14285714285714285
3593080	0.14285714285714285
3593822	0.047619047619047616
3594841	0
3595940	0
3597005	0.07142857142857142
3598175	1.1190476190476193
3599106	3.4523809523809446
3600356	2.547619047619043
3601557	1.0476190476190481
3602413	0
3603496	0
3604691	0
3605113	0
3605430	0
3606064	0
3607550	0
3608873	0
3609549	0
3610233	0
3611141	0
3612389	0.023809523809523808
3613262	0.023809523809523808
3614454	1.8571428571428548
3615713	1.8571428571428548
3616598	1.8571428571428548
3617397	1.8571428571428548
3618179	3.0238095238095175
3618788	10.928571428571395
3623590	10.690476190476158
3626241	11.02380952380949
3628170	3.1190476190476124
3630068	3.4523809523809446
3631779	2.4999999999999956
3633037	2.5238095238095193
3633839	2.999999999999994
3635367	35.357142857144176
3636809	34.95238095238224
3638391	1.6904761904761887
3639552	0
3640328	0
3641596	0
3642756	0
3644161	0
3645806	0
3646975	0
3647902	0.047619047619047616
3648704	0.047619047619047616
3649579	0.09523809523809523
3650449	0.19047619047619047
3651682	0.33333333333333337
3654244	1.0476190476190481
3654948	2.619047619047614
3655542	2.999999999999994
3656135	1.1904761904761905
3656574	0
3657281	0
3658629	0
3659033	0
3659810	0.023809523809523808
3661970	0.023809523809523808
3664254	0.047619047619047616
3665398	0.07142857142857142
3668489	0.07142857142857142
3670416	0.07142857142857142
3671593	0.047619047619047616
3672827	0
3673868	0
3675447	0
3677320	0
3678803	0
3679883	0.047619047619047616
3681192	0.047619047619047616
3682804	0
3684604	0
3687436	0
3689708	0
3691419	0.023809523809523808
3693927	0.07142857142857142
3695597	0.23809523809523808
3696091	0.26190476190476186
3697249	0.21428571428571427
3698121	0.16666666666666666
3699053	0.14285714285714285
3700033	0.07142857142857142
3701198	0.09523809523809523
3702366	0.047619047619047616
3703356	0
3704310	0.023809523809523808
3705280	0.09523809523809523
3706901	1.1666666666666667
3709629	2.3095238095238058
3711403	3.9047619047618953
3712585	2.047619047619045
3713373	0
3713872	0
3715227	0
3716876	0
3717797	0
3718689	0
3719623	0
3720155	0
3720524	0
3720940	0
3723362	0
3724862	0
3725562	0
3726384	0.023809523809523808
3727142	0.023809523809523808
3727577	0.047619047619047616
3728644	0.07142857142857142
3730104	0.11904761904761904
3731627	0.07142857142857142
3732971	0.023809523809523808
3734310	0
3735568	0
3736765	0
3738512	0
3740331	0
3741345	0.4047619047619049
3742108	0.4047619047619049
3743232	0.4285714285714287
3743976	0.45238095238095255
3744564	0.6666666666666671
3745442	0.6428571428571432
3746587	0.5952380952380956
3747832	0.5476190476190479
3748908	0.5000000000000002
3749662	0.5476190476190479
3750433	1.666666666666665
3751498	2.4047619047619007
3752479	2.4285714285714244
3754266	2.904761904761899
3754648	3.4523809523809446
3755742	6.023809523809507
3757251	2.6666666666666616
3758939	1.0000000000000007
3760553	2.214285714285711
3761651	36.54761904762045
3768407	38.04761904762056
3771563	25.785714285714928
3773237	2.0714285714285685
3774998	1.2857142857142854
3775865	1.2857142857142854
3776275	2.2380952380952346
3776846	4.214285714285704
3778226	3.5238095238095157
3779442	0.5238095238095241
3780422	0
3781451	0
3782151	0
3783151	0
3783894	0
3784316	0
3784799	0
3786032	0
3787467	0
3788580	0
3789564	0
3790832	0
3791953	0
3793262	0
3794453	0
3795452	0.047619047619047616
3796458	0.21428571428571427
3797577	0.45238095238095255
3798775	0.30952380952380953
3799770	0.4047619047619049
3800616	0.8571428571428578
3801491	0.8571428571428578
3802548	0.5476190476190479
3803597	0.30952380952380953
3804648	0.21428571428571427
3805551	0.21428571428571427
3806505	0.11904761904761904
3807599	0
3809178	0
3810064	0
3810747	0
3811333	0
3811556	0
3812225	0
3813341	0
3814158	0
3814792	18.26190476190487
3815447	21.33333333333366
3816206	21.000000000000302
3817107	107.40476190475539
3818172	128.47619047617917
3819182	103.97619047618474
3820329	70.00000000000199
3821739	69.71428571428777
3822243	69.47619047619258
3823454	69.47619047619258
3824859	69.5000000000021
3826250	69.5000000000021
3828062	69.52380952381162
3829640	69.73809523809729
3831311	71.61904761904924
3833378	73.02380952381083
3835238	293.73809523804636
3837545	288.5238095237618
3838709	123.45238095237079
3839584	10.761904761904729
3840361	8.40476190476188
3841168	0.26190476190476186
3842176	0.21428571428571427
3843122	0.19047619047619047
3844847	0.047619047619047616
3846471	0.047619047619047616
3847964	0.047619047619047616
3849385	0.07142857142857142
3850431	0.6190476190476194
3850947	0.6666666666666671
3851940	0.16666666666666666
3853597	0.16666666666666666
3854514	0.16666666666666666
3855362	0.07142857142857142
3855789	0.11904761904761904
3856133	0.2857142857142857
3856639	0.33333333333333337
3857657	0.5476190476190479
3859258	0.4285714285714287
3860729	0.33333333333333337
3861261	0.19047619047619047
3861668	0.19047619047619047
3865442	0.11904761904761904
3866683	0.047619047619047616
3867215	0
3867930	0
3868669	0
3869909	0
3871084	0
3872424	0
3873303	0
3874035	0
3874815	0
3875766	0
3876546	0
3877266	0
3878912	0
3880684	0
3881771	0
3883027	0
3884406	0
3884689	0
3885899	0
3887510	0
3889437	0
3890859	0
3892202	0
3893244	0
3894255	0
3894935	0
3895940	0
3897106	0.9047619047619054
3897739	0.9047619047619054
3898315	0.9047619047619054
3899032	0.9047619047619054
3899992	0.9047619047619054
3901412	0.9047619047619054
3902995	0.9047619047619054
3904658	0.9047619047619054
3906149	0.9047619047619054
3907215	0.9047619047619054
3907979	0
3908994	0
3909918	0.6190476190476194
3911005	16.45238095238093
3912753	22.0238095238099
3914515	6.690476190476171
3915762	0.5000000000000002
3916684	0.5000000000000002
3917833	0
3919086	0
3920136	0
3920653	0
3921069	0
3921643	0
3922250	0
3923368	0
3924688	0
3926233	0
3926774	0
3927651	0.023809523809523808
3928877	0.023809523809523808
3930345	0.047619047619047616
3932250	0.07142857142857142
3933560	0.07142857142857142
3934530	0.047619047619047616
3935770	0.047619047619047616
3936723	0.09523809523809523
3937758	0.11904761904761904
3938723	0.11904761904761904
3939898	0.047619047619047616
3940981	0.023809523809523808
3947547	0.16666666666666666
3948255	0.38095238095238104
3949209	0.6666666666666671
3951051	0.3571428571428572
3951936	0.21428571428571427
3952332	0.5476190476190479
3952948	0.3571428571428572
3954403	0
3956103	0
3957373	0
3958707	0
3959672	0
3960351	0
3961687	0
3963487	0
3964997	0
3965925	0
3967046	0
3967795	0
3968467	0
3969554	0
3970698	0
3971891	0.023809523809523808
3973055	0.023809523809523808
3974804	0.023809523809523808
3975711	0.023809523809523808
3976903	0
3978064	0
3979277	0
3980326	0
3981579	0
3983575	0.023809523809523808
3985179	0.047619047619047616
3987284	0.07142857142857142
3988475	0.047619047619047616
3989458	0
3990306	0
3992426	2.904761904761899
3993899	6.476190476190458
3994623	3.761904761904753
3995174	0.21428571428571427
3995936	0.023809523809523808
3996735	0.023809523809523808
3997541	0.047619047619047616
3999064	0.07142857142857142
4000674	5.333333333333319
4001901	10.595238095238063
4002609	8.952380952380926
4003003	7.619047619047596
4003733	10.238095238095207
4004463	2.619047619047614
4005296	0
4006775	0.023809523809523808
4008067	0.023809523809523808
4008749	0.047619047619047616
4009681	0.047619047619047616
4010600	0.023809523809523808
4011525	0.023809523809523808
4012339	4.309523809523799
4014183	59.83333333333639
4015761	68.78571428571655
4016811	17.333333333333375
4018046	5.238095238095224
4019232	1.1666666666666667
4019926	0
4021046	0
4022079	0
4022475	0.023809523809523808
4023124	0.047619047619047616
4023945	0.047619047619047616
4024577	0.047619047619047616
4025734	0
4026877	0
4028190	0
4029876	0
4031826	0
4032799	0
4033870	0
4034880	0
4041169	0
4041707	0
4042203	0
4042908	0.023809523809523808
4043731	0.047619047619047616
4044914	0.07142857142857142
4046136	0.047619047619047616
4046814	0
4048359	0
4050449	0
4051601	0
4052731	0
4053702	0
4054573	0.023809523809523808
4055814	0.023809523809523808
4057329	0.023809523809523808
4059318	0.023809523809523808
4060802	0
4061655	0
4062879	0.6904761904761909
4063949	0.6904761904761909
4068258	0.6904761904761909
4069938	0.6904761904761909
4071135	0.9047619047619054
4072212	1.4285714285714277
4073123	0.8809523809523816
4074187	0.45238095238095255
4075061	0.6190476190476194
4075852	0.9523809523809531
4076582	0.33333333333333337
4077233	1.5952380952380938
4077967	26.57142857142927
4078902	37.09523809523954
4079400	60.190476190479274
4079848	27.690476190476968
4080060	12.69047619047615
4080763	12.642857142857103
4081542	0
4082308	0
4083979	0
4085528	0.023809523809523808
4086432	0.2857142857142857
4087529	0.45238095238095255
4088981	0.38095238095238104
4090390	0.3571428571428572
4091640	0.4047619047619049
4092600	0.3571428571428572
4093281	0.30952380952380953
4093860	0.11904761904761904
4095352	0.047619047619047616
4096713	0.047619047619047616
4098154	0.07142857142857142
4099025	0.11904761904761904
4100008	0.14285714285714285
4101120	0.07142857142857142
4102181	0.047619047619047616
4103159	0
4104288	0
4105321	0.6904761904761909
4106070	220.38095238092018
4106920	220.73809523806295
4107369	1.0476190476190481
4108033	0.45238095238095255
4109328	0
4110307	0
4111123	0
4111914	0
4112535	0
4113116	0
4113507	0
4114099	0
4115074	0
4116468	0.023809523809523808
4117667	0.19047619047619047
4118640	0.3571428571428572
4119087	0.23809523809523808
4119886	0.047619047619047616
4121081	0
4122022	0
4122807	0
4123943	0
4125711	0.2857142857142857
4127119	3.3571428571428497
4127590	4.4047619047618936
4128236	2.809523809523804
4129252	1.3809523809523803
4131051	8.833333333333307
4133061	9.785714285714256
4134925	2.1666666666666634
4136560	1.0952380952380956
4137348	0
4138483	0.023809523809523808
4139377	0.023809523809523808
4140970	0.047619047619047616
4143069	0.047619047619047616
4143784	0.047619047619047616
4145143	0.09523809523809523
4146697	0.07142857142857142
4147308	0.047619047619047616
4147891	0
4149398	0
4151772	0
4154271	0
4155503	0
4156401	0.023809523809523808
4157536	0.07142857142857142
4158948	0.16666666666666666
4160090	0.21428571428571427
4161419	0.16666666666666666
4161950	0.07142857142857142
4162720	0
4164561	0
4165856	0.16666666666666666
4172571	0.33333333333333337
4173564	0.16666666666666666
4174539	0
4177549	0
4178015	0
4178661	0
4179231	0
4180244	0
4180742	0
4183259	0.19047619047619047
4187461	0.19047619047619047
4190055	0
4191301	0
4192250	0
4192737	0
4193198	0
4193886	0
4195151	0
4196570	0
4197289	0
4198248	0
4199125	0
4199799	0
4200417	0
4200943	0.023809523809523808
4201475	0.07142857142857142
4202624	0.21428571428571427
4203982	0.21428571428571427
4205286	0.047619047619047616
4206737	0.023809523809523808
4213425	0.023809523809523808
4213901	0.023809523809523808
4214744	0.023809523809523808
4216278	0
4217761	0
4219464	0
4221394	0
4223216	0.16666666666666666
4225669	0.21428571428571427
4228546	4.785714285714273
4229797	63.880952380955726
4230790	70.09523809524006
4231495	105.61904761904151
4232558	98.52380952380503
4234582	25.857142857143504
4236027	4.595238095238083
4236581	4.595238095238083
4237265	4.619047619047607
4238682	4.642857142857131
4240530	4.6666666666666545
4241516	4.642857142857131
4243071	37.02380952381096
4244303	42.5714285714304
4245824	39.73809523809687
4246559	39.73809523809687
4247341	39.73809523809687
4248641	39.73809523809687
4250014	39.73809523809687
4250525	39.73809523809687
4250800	39.73809523809687
4251619	39.73809523809687
4252754	39.73809523809687
4253452	39.73809523809687
4255254	39.73809523809687
4256821	39.73809523809687
4257419	39.73809523809687
4258458	39.73809523809687
4259341	39.73809523809687
4259745	109.3571428571359
4260448	107.59523809523154
4260952	297.07142857137893
4262187	299.9999999999497
4262961	11.166666666666632
4263739	7.166666666666646
4265021	7.238095238095217
4266321	4.119047619047609
4267710	10.928571428571395
4268910	12.119047619047581
4269770	16.595238095238084
4270446	5.59523809523808
4270836	2.6666666666666616
4272460	0
4274393	0.23809523809523808
4274900	0.23809523809523808
4276264	0
4277221	0
4277701	0
4279153	0.07142857142857142
4280804	0.19047619047619047
4282429	0.19047619047619047
4284077	0.19047619047619047
4285056	0.07142857142857142
4286392	0
4288482	0
4289528	0
4290143	0
4290954	0
4292359	0
4293354	0
4293841	0
4295137	0.26190476190476186
4296780	0.8571428571428578
4298058	0.8333333333333339
4299156	0.23809523809523808
4300297	0
4302052	0
4303593	0
4304265	0
4305604	0
4307334	0
4308130	0.023809523809523808
4308979	0.07142857142857142
4310214	0.09523809523809523
4311574	0.07142857142857142
4312546	0
4313574	0
4314032	0
4314723	0
4315321	0
4315803	0
4316650	0
4317555	0
4318385	0
4319183	0
4320131	0
4320955	0
4321470	0
4322059	0
4322627	0
4323844	0
4324771	0
4325519	0
4326566	0
4328249	0
4329799	0
4331253	0
4332160	0
4332731	0
4333616	0
4334768	0
4336362	0
4337548	0.023809523809523808
4339389	12.190476190476152
4341174	57.52380952381242
4342588	69.19047619047836
4344085	69.33333333333547
4345243	69.33333333333547
4346503	69.28571428571644
4348074	69.26190476190692
4349674	69.2380952380974
4350846	99.83333333332854
4351958	100.35714285713794
4352221	158.97619047617223
4352732	157.5238095237916
4352994	156.071428571411
4353958	188.07142857140371
4355682	186.57142857140406
4357543	186.57142857140406
4359364	261.88095238091074
4361165	485.8809523808598
4363020	471.02380952372033
4364193	0.6904761904761909
4365187	0
4366122	0
4367609	0
4368902	0
4369784	0
4370834	0
4371848	0
4372985	0
4373799	0
4375143	0
4375982	0
4376379	0
4376626	0
4377033	0
4377455	0
4378377	0.047619047619047616
4379186	0.047619047619047616
4379574	0.023809523809523808
4380150	0.023809523809523808
4381414	0.023809523809523808
4383131	0.023809523809523808
4384612	0
4385550	0
4385867	0
4387708	0
4389876	0
4390983	0
4391876	0
4393497	0
4394847	0
4395815	0
4396733	0
4398335	0
4399727	0
4400442	0
4401312	0
4402667	0
4403802	0
4404484	0
4405336	0
4406402	0
4407874	0
4409640	0.023809523809523808
4410333	0.023809523809523808
4410902	0.023809523809523808
4411631	0
4412178	0
4412706	0
4413609	0
4415087	0
4416154	0
4416605	0
4417326	0
4418075	0
4419093	0
4420678	0
4421545	0
4421940	0
4422511	1.4523809523809514
4423273	1.4761904761904752
4424043	0.023809523809523808
4424653	0.047619047619047616
4425315	0.047619047619047616
4425677	0
4425952	6.214285714285697
4426332	119.35714285713362
4427025	136.69047619046302
4427932	130.26190476189305
4428398	20.64285714285742
4429245	17.04761904761907
4430570	17.071428571428594
4431652	17.119047619047645
4432573	17.04761904761907
4433594	16.904761904761916
4434303	16.904761904761916
4435593	0.07142857142857142
4437125	0.07142857142857142
4438176	0
4438985	0
4439690	0
4440543	0
4441857	0
4443248	0
4446001	0
4448064	0.14285714285714285
4448572	0.14285714285714285
4448885	0.14285714285714285
4449387	0.14285714285714285
4450440	0.07142857142857142
4451809	0.07142857142857142
4453085	0.07142857142857142
4454080	0.07142857142857142
4455110	0.07142857142857142
4456471	0.07142857142857142
4457589	0.07142857142857142
4458635	0.07142857142857142
4459704	0.23809523809523808
4460132	0.5952380952380956
4461591	0.4047619047619049
4463881	0.4285714285714287
4465469	0.4047619047619049
4466772	0.3571428571428572
4468973	0.3571428571428572
4470720	0.3571428571428572
4471216	1.7380952380952361
4471927	6.8333333333333135
4473011	5.4523809523809375
4473696	3.833333333333324
4474420	6.047619047619031
4475088	11.02380952380949
4476344	5.380952380952366
4478681	2.2619047619047583
4479285	0.4047619047619049
4480328	0.3571428571428572
4482409	3.428571428571421
4484058	3.071428571428565
4485195	3.071428571428565
4486778	3.071428571428565
4487859	3.071428571428565
4489312	28.142857142857952
4490640	28.142857142857952
4491865	28.142857142857952
4492969	28.142857142857952
4493890	28.142857142857952
4494904	28.404761904762733
4495699	121.16666666665702
4496624	123.8571428571326
4499798	124.85714285713237
4500258	226.1190476190141
4500611	283.9523809523343
4502767	288.2619047618571
4504666	255.97619047615018
4505846	265.5476190475766
4506510	254.09523809519823
4506801	345.88095238089164
4510004	524.2142857141845
4511936	369.4047619046958
4512910	348.285714285653
4513857	340.57142857136904
4515515	340.57142857136904
4517240	342.0952380951782
4517974	495.5476190475243
4519831	431.57142857134835
4521345	405.2619047618305
4525409	441.1904761903938
4526497	387.3809523808822
4527221	382.78571428564516
4527764	463.7142857141982
4528514	394.95238095230906
4531090	393.7142857142141
4532810	393.7380952380236
4533511	393.7380952380236
4533924	398.28571428564163
4535523	451.5476190475343
4537104	414.9523809523045
4538212	243.4523809523435
4539143	70.16666666666862
4541258	62.452380952384196
4542335	52.28571428571681
4543389	31.666666666667727
4544018	31.666666666667727
4544666	31.28571428571532
4548536	31.261904761905793
4549259	16.09523809523805
4550624	14.28571428571424
4552228	14.642857142857096
4553631	2.4285714285714244
4554480	2.4047619047619007
4554986	2.9523809523809463
4555905	3.5476190476190395
4556624	3.8809523809523716
4557189	7.7857142857142625
4557833	6.952380952380932
4558940	3.0476190476190412
4559769	2.2380952380952346
4560338	2.3095238095238058
4561207	2.476190476190472
4562086	2.4999999999999956
4563228	2.380952380952377
4563796	2.285714285714282
4564305	2.2380952380952346
4565274	2.2619047619047583
4566606	7.404761904761883
4567903	15.761904761904711
4571833	26.83333333333405
4573172	22.904761904762342
4575495	22.690476190476613
4577435	23.54761904761953
4578656	53.73809523809786
4579669	59.40476190476493
4580765	58.83333333333632
4582253	55.214285714288444
4585005	53.71428571428834
4587406	41.38095238095413
4588387	131.66666666665463
4588977	114.35714285713476
4590204	121.73809523808546
4592484	135.1190476190348
4594041	121.16666666665702
4595394	118.04761904761011
4596501	110.40476190475471
4598295	102.45238095237556
4599942	101.95238095237568
4600606	101.95238095237568
4601247	101.95238095237568
4601860	101.95238095237568
4602473	101.95238095237568
4603839	101.95238095237568
4604498	108.30952380951709
4605269	102.47619047618508
4605922	102.47619047618508
4607184	102.4999999999946
4608009	102.4999999999946
4608408	102.45238095237556
4608984	368.1190476189818
4610208	366.9523809523154
4611698	2.0714285714285685
4612208	2.0714285714285685
4612947	2.0714285714285685
4613870	0.38095238095238104
4615111	0.38095238095238104
4616290	0.38095238095238104
4617712	0.38095238095238104
4618890	0.38095238095238104
4620214	0.4047619047619049
4621242	0.4285714285714287
4622434	0.047619047619047616
4623609	0.07142857142857142
4624467	0.047619047619047616
4625379	0.023809523809523808
4626603	0
4627931	0.023809523809523808
4628664	0.07142857142857142
4629688	0.07142857142857142
4631701	0
4632938	0
4633489	0
4634120	0
4634875	0
4635757	0
4636351	0
4637408	0
4638854	0
4639948	0
4641285	0
