organism=Escherichia_coli_300_genomes	genome=GCF_000005845.2_ASM584v2	contig=NC_000913.3	method=by strains complexity
position	complexity
1568	0
3267	0
4377	0.0196078431372549
5382	0.02931658100133257
6071	0.048455775140526715
7244	0.01913919413919414
8714	0
9599	0
10211	0
10999	0
11584	0.01818181818181818
13121	0.01818181818181818
14733	0.09821859556372828
18072	0.0891276864728192
19170	0.14920317097090552
20946	0.14920317097090552
21877	0.008620689655172414
23799	0.008620689655172414
25454	0
26050	0
26752	0.025
27750	0.04146118412139277
28784	0.0247945174547261
30225	0.008130081300813009
32427	0.04025911355887753
34497	0.032129032258064516
35076	0.007936507936507936
35769	0.015810523684539432
37047	0.02343845373252762
38506	0.023316375968992248
39815	0.02313655336911151
41174	0.023018203170874926
42788	0.022785102937774693
43658	0.015151515151515152
44823	0
45606	0
46472	0.014705882352941176
47511	0.02200515242593388
48700	0.021898588061057492
50007	0.043114824910258136
50801	0.03586844809866393
51417	0
52019	0
52921	0.006993006993006993
54059	0.013937451437451436
55932	0.006944444444444444
57771	0.013560724464466304
58799	0.02036344555290168
59200	0.02036344555290168
60016	0.027074854948874835
61811	0.020044742729306488
64604	0.020044742729306488
66202	0.01324561403508772
67586	0.01324561403508772
69198	0.019739120528594216
70826	0.05836608496201026
71733	0.051703887510339115
72578	0.013076923076923076
73716	0.02573515092502434
74988	0.04448212721917044
76471	0.03807389937106918
77453	0.02526281611604364
78210	0.02526281611604364
79150	0.031397785441197014
80164	0.018899196967429796
81412	0.018899196967429796
82743	0.024812420413360757
84840	0.030690907341942616
86492	0.02466681095640045
87602	0.018571850382076083
88530	0.018466179371156747
89863	0.0058823529411764705
90564	0.005813953488372093
91214	0.01737464712999059
92296	0.011560693641618497
93909	0.011494632535094964
95329	0.005714285714285714
96543	0.005649717514124294
97745	0.005649717514124294
99025	0
100177	0
101502	0
102693	0
103570	0
104613	0
105880	0
107015	0.005376344086021506
107923	0.010723937668909203
109631	0.026653240832254923
111238	0.015929303163345718
111747	0.005319148936170213
112227	0
112909	0.010416666666666666
113965	0.015598013816925733
115123	0.01549062550077453
116406	0.020618830628979654
117329	0.015384885119789391
118198	0.010230245944531658
119008	0.005050505050505051
119708	0.010075630678645756
120863	0.010075630678645756
122474	0
124348	0.005
126641	0.005
128624	0.005
130333	0.015
132913	0.01
134569	0.01
135185	0.005
136031	0
136724	0.005
137858	0.01
140030	0.01
141699	0.01
142339	0
143242	0
144087	0
144797	0
145695	0.005
146504	0.005
147419	0.02
148369	0.015
149204	0.03
150334	0.05
151301	0.05999999999999999
151928	0.04
152527	0.04
154127	0.05499999999999999
155831	0.05499999999999999
156591	0.035
157492	0.02
158411	0
159649	0.005
160376	0.005
161134	0.01
161766	0.01
163319	0.01
165997	0.04
168605	0.035
170176	0.02
171020	0.02
172453	0.02
174242	0.015
175817	0.01
176782	0.01
177312	0.015
178062	0.015
178804	0.02
179995	0.015
181596	0.015
183041	0.025
183902	0.03
184628	0.01
185535	0.015
187314	0.005
189109	0.005
190236	0
191282	0
192217	0
193150	0.005
194119	0.005
195285	0.005
195740	0.005
196159	0.005
197222	0.01
199144	0.01
200724	0.005
201483	0
202328	0
202954	0
203922	0
204791	0.005
206867	0.005
209100	0.015
210749	0.015
212071	0.015
212980	0.005
213808	0.005
214025	0.01
214563	0.01
215044	0
215624	0.01
216591	0.01
217916	0.015
219240	0.01
219793	0.01
220520	0.01
221294	0.02
222129	0.025
223120	0.08
229568	0.075
230424	0.05999999999999999
231532	0.005
232237	0.005
233207	0.005
234404	0.005
235177	0
235768	0
236428	0.045
237727	0.09000000000000001
238496	0.11500000000000005
238915	0.29000000000000015
239804	0.29000000000000015
240593	0.03
242081	0.035
243832	0.035
244710	0.025
245435	0.035
246100	0.035
246372	0.04
247148	0.075
247885	0.08
249227	0.15500000000000003
250509	0.13000000000000003
251425	0.05999999999999999
252151	0.05999999999999999
252500	0.05999999999999999
252974	0.06499999999999999
253600	0.05499999999999999
253952	0.05999999999999999
254987	0.06499999999999999
256206	0.05
257149	0.045
258870	0.05
259572	0.05999999999999999
260939	0.05999999999999999
262129	0.3800000000000002
263160	0.40500000000000025
265423	0.4350000000000003
269735	0.41000000000000025
273419	0.4300000000000002
275203	0.41500000000000026
276014	0.40000000000000024
277181	0.40000000000000024
278279	0.40500000000000025
278995	0.4450000000000003
281400	0.4600000000000003
286086	0.4550000000000003
287594	0.4500000000000003
288783	0.4550000000000003
291865	0.4500000000000003
293569	0.4400000000000003
294372	0.42500000000000027
295030	0.42500000000000027
295359	0.42500000000000027
296358	0.42000000000000026
297586	0.4350000000000003
298248	0.2550000000000001
299835	0.22500000000000012
301409	0.2200000000000001
302228	0.2450000000000001
303298	0.24000000000000013
304850	0.13500000000000004
305995	0.11500000000000005
308069	0.10500000000000002
309692	0.11500000000000005
310377	0.12000000000000004
311017	0.13000000000000003
312444	0.12500000000000003
312647	0.095
313191	0.13500000000000004
314800	0.15000000000000005
316793	0.13500000000000004
318022	0.11500000000000005
319338	0.095
320654	0.08
321967	0.08
323051	0.08
324105	0.08
325030	0.11500000000000005
326412	0.12500000000000003
327997	0.08
329040	0.08
330479	0.10000000000000002
332915	0.11500000000000005
333967	0.10500000000000002
334773	0.11000000000000004
335582	0.11000000000000004
336356	0.11000000000000004
337551	0.12500000000000003
339034	0.13000000000000003
339929	0.12500000000000003
340640	0.13500000000000004
341816	0.13500000000000004
343408	0.13500000000000004
344583	0.11000000000000004
345982	0.095
346621	0.08
347650	0.075
349127	0.075
349741	0.06999999999999999
350596	0.06999999999999999
351940	0.06999999999999999
353649	0.075
355551	0.06999999999999999
356812	0.06999999999999999
358240	0.06999999999999999
359128	0.06499999999999999
359724	0.075
360555	0.085
361554	0.09000000000000001
362552	0.095
364768	0.10500000000000002
366973	0.13000000000000003
368003	0.11000000000000004
369443	0.075
370749	0.085
371672	0.08
372519	0.08
373396	0.06999999999999999
374374	0.05499999999999999
376064	0.05499999999999999
377041	0.05499999999999999
377951	0.04
379016	0.035
379743	0.05
380455	0.05499999999999999
381065	0.05
383337	0.06999999999999999
383994	0.05499999999999999
384337	0.05999999999999999
385713	0.05
386590	0.005
387384	0.005
388220	0.01
389240	0.05999999999999999
394817	0.05
395708	0.035
396383	0.025
397249	0.025
398419	0.025
399179	0.015
399699	0.01
400376	0.01
401516	0.015
402454	0.015
403441	0.01
404260	0.01
405239	0.015
405993	0.015
406667	0
407074	0
407766	0
408319	0.025
408687	0.025
409596	0.025
410598	0.015
411931	0.02
414180	0.01
416351	0.005
417486	0
418536	0.005
420250	0.01
421672	0.01
423423	0.025
424627	0.03
425546	0.01
426700	0.005
427453	0.01
428587	0.01
429990	0.01
430778	0.005
431571	0.01
432581	0.02
433226	0.015
434006	0
434882	0
435346	0
436122	0
436848	0.015
437648	0.015
439246	0.005
440651	0.005
441222	0
442273	0.005
443346	0.01
444059	0.01
444928	0.02
445984	0.035
447260	0.035
447881	0.01
448353	0.005
449645	0.005
451136	0.005
452807	0.005
453878	0
454632	0
455782	0
456988	0.005
458063	0.01
460065	0.005
461587	0
462850	0.01
464122	0.015
464601	0.005
465199	0.005
466462	0.02
467821	0.03
468612	0.015
469757	0.015
471526	0.005
472767	0.01
473609	0.005
474731	0.005
475665	0.01
476137	0.02
476848	0.02
477842	0.015
479016	0.015
479642	0.005
480199	0.005
480521	0.01
485022	0.02
486084	0.015
488217	0.01
490190	0.005
490548	0
491070	0
491687	0
493057	0.005
494240	0.005
494707	0
496057	0
497497	0
498536	0
499493	0.005
500777	0.005
502400	0.005
504086	0.025
505740	0.025
506842	0.02
507683	0.02
508388	0.025
510127	0.02
512107	0.02
513222	0.03
514196	0.05499999999999999
514630	0.035
515314	0.005
516257	0.015
516972	0.015
517852	0.01
518725	0.015
519435	0.015
520076	0.02
521623	0.05499999999999999
527765	0.05499999999999999
528770	0.05
529830	0.04
530679	0.035
531758	0.02
532692	0.02
533418	0.015
534806	0.04
536098	0.045
537025	0.05
538360	0.05
539827	0.05
541215	0.04
542460	0.03
543653	0.03
544674	0.03
545838	0.03
547513	0.03
548986	0.01
550034	0
550885	0
552060	0
552845	0.005
553579	0.005
554190	0
555303	0
556292	0
556767	0.005
557308	0.05499999999999999
558483	0.05999999999999999
559320	0.06499999999999999
560998	0.08
562830	0.06999999999999999
563587	0.05499999999999999
564164	0.12500000000000003
565396	0.2650000000000001
566229	0.3650000000000002
566731	0.4350000000000003
568481	0.3650000000000002
569665	0.41500000000000026
571168	0.40500000000000025
571852	0.40500000000000025
572693	0.40500000000000025
573006	0.30000000000000016
573229	0.31000000000000016
573552	0.3350000000000002
573801	0.40000000000000024
574147	0.4400000000000003
574590	0.42000000000000026
576291	0.4650000000000003
577861	0.4600000000000003
578746	0.4750000000000003
579983	0.3700000000000002
582367	0.3500000000000002
584055	0.18500000000000008
585156	0.15000000000000005
586527	0.12500000000000003
587536	0.09000000000000001
589468	0.075
592059	0.23000000000000012
594049	0.23500000000000013
595101	0.03
596286	0.035
597297	0.04
598090	0.03
600285	0.025
602647	0.035
604039	0.02
605097	0.015
605702	0.02
606075	0.015
606824	0.06999999999999999
607862	0.06999999999999999
609830	0.06999999999999999
611374	0.015
613338	0.01
614051	0.005
616097	0.015
618820	0.035
620692	0.035
621687	0.02
622925	0.02
624032	0.015
625472	0.01
626875	0.005
628122	0.005
628924	0.005
629506	0.015
630946	0.02
632280	0.015
632933	0.01
634166	0.03
635061	0.035
635959	0.045
637167	0.045
638200	0.025
639226	0.015
640520	0.01
641653	0.025
642707	0.03
643374	0.025
643762	0.025
644600	0.01
645848	0.015
647070	0.015
647759	0.015
648805	0.015
650036	0.02
650635	0.02
651327	0.025
653064	0.03
654202	0.03
655275	0.025
656837	0.025
657396	0.005
657746	0.01
658144	0.01
658536	0.01
659048	0.005
659733	0.01
660901	0.01
661957	0.01
662510	0.01
663393	0.015
664646	0.01
665757	0.01
667266	0.005
668481	0.005
668877	0.005
669601	0.005
670251	0.005
671089	0.005
671895	0.01
673492	0.01
675259	0.025
677064	0.035
678128	0.05499999999999999
679861	0.06499999999999999
680937	0.05499999999999999
682558	0.04
683944	0.035
684892	0.015
685592	0.015
686299	0.01
687293	0.015
690112	0.02
691345	0.01
692107	0.005
692877	0
694243	0
695688	0.005
698345	0.01
699950	0.005
700984	0
702177	0
703211	0
704917	0.02
705921	0.02
706925	0.035
709037	0.015
709953	0.005
710423	0.01
711200	0.01
711786	0
712420	0
713259	0
714378	0.015
715659	0.025
716492	0.035
717605	0.045
719361	0.05499999999999999
720711	0.045
721394	0.03
723072	0.015
724693	0.02
726012	0.025
727895	0.02
729237	0.09000000000000001
733939	0.085
735934	0.095
736572	0.095
739255	0.095
740216	0.035
741815	0.005
743198	0.01
743921	0.005
744709	0.01
745532	0.005
746330	0.005
747246	0.04
748451	0.05
749343	0.06999999999999999
753826	0.06999999999999999
754727	0.005
755364	0.005
755733	0.01
756790	0.01
758047	0.015
760106	0.01
762130	0
763597	0.005
764614	0.075
767002	0.085
769294	0.09000000000000001
772242	0.085
773611	0
774252	0
774455	0
774954	0
775499	0.005
776063	0.005
776974	0
778386	0
779327	0
779993	0.005
782606	0.005
783525	0.005
784352	0.005
785127	0.005
786159	0
787219	0
788317	0.01
789405	0.015
790506	0.015
791547	0.01
793052	0.005
794250	0.005
794847	0.005
795475	0.005
796206	0.005
797083	0.005
798022	0.005
799083	0.01
800098	0.025
801285	0.03
802603	0.035
804633	0.03
806639	0.15000000000000005
807671	0.15500000000000003
808612	0.01
809864	0.005
810958	0.01
811899	0.01
812608	0.015
814536	0.01
816193	0.01
817538	0.01
818311	0.005
818812	0
819170	0
819521	0
820236	0.03
821149	0.035
822020	0.015
823118	0.005
824116	0.005
824835	0.005
825555	0.01
826685	0.01
828113	0.015
829471	0.005
830307	0.01
831554	0.05499999999999999
832692	0.06499999999999999
834077	0.06499999999999999
835729	0.03
836893	0.025
837795	0.025
838323	0.015
838867	0.025
840390	0.025
841926	0.02
842795	0.015
844367	0.02
846102	0.015
846789	0.01
847631	0.015
848659	0.02
849653	0.02
850707	0.025
851805	0.015
852933	0.025
853416	0.025
854206	0.015
855284	0.02
856759	0.05
858428	0.05
859620	0.025
861390	0.01
863061	0.01
863973	0.005
864754	0
865746	0.015
867050	0.025
868455	0.035
870180	0.025
871427	0.01
872345	0.005
874153	0.01
875999	0.02
877372	0.01
878439	0.005
879299	0.01
880167	0.01
881328	0.01
882355	0.01
883090	0.02
884289	0.015
885085	0.005
885723	0.015
886694	0.015
887691	0.12000000000000004
888976	0.12000000000000004
890277	0.015
890624	0.01
891056	0.01
891545	0.01
892418	0.015
893195	0.015
894340	0.01
895557	0.02
896610	0.02
897506	0.015
898233	0.015
899081	0.015
900209	0.025
901200	0.01
901892	0
902622	0
903370	0.005
904209	0.025
904754	0.025
905328	0.015
906246	0.015
907567	0.015
908793	0.01
910190	0.015
911666	0.015
912988	0.005
914407	0.01
915699	0.02
917302	0.02
918624	0.015
919792	0.01
921320	0.015
922478	0.085
923073	0.085
924402	0.05499999999999999
926334	0.05
927080	0.01
928334	0.02
930079	0.015
931567	0.01
932842	0.015
935218	0.01
937677	0.01
938665	0.005
940074	0.03
942181	0.04
943722	0.02
944464	0.015
945244	0.01
946445	0.015
947944	0.045
949114	0.045
949963	0.04
950710	0.06999999999999999
952413	0.05
954037	0.015
955752	0.005
957108	0
958197	0
959453	0.045
960646	0.05
961542	0.01
962831	0.005
963970	0.01
965452	0.015
967495	0.025
968859	0.015
970005	0.015
970764	0.01
971225	0
972198	0
973011	0
973929	0
974980	0
975974	0.01
978556	0.02
981970	0.015
983349	0.005
983973	0.005
985114	0.01
986438	0.02
988285	0.02
989755	0.015
991928	0.025
993660	0.025
994436	0.01
995415	0.015
996464	0.005
997224	0.02
998137	0.02
998840	0.04
1002342	0.03
1003160	0.035
1004312	0.03
1005273	0.015
1006223	0
1007045	0.005
1008898	0.005
1010917	0
1012627	0.005
1014079	0.005
1015177	0.005
1015798	0
1016265	0.005
1017419	0.005
1018711	0.01
1019533	0.005
1020664	0.005
1021452	0.01
1022811	0.005
1024125	0
1025498	0
1026786	0.01
1027442	0.01
1028152	0.005
1028562	0.005
1029366	0.005
1030203	0
1030503	0
1031088	0.05999999999999999
1032698	0.06499999999999999
1034150	0.01
1035419	0.01
1036063	0.005
1036553	0.01
1037177	0.01
1038512	0.015
1039864	0.015
1040491	0.015
1041266	0.025
1043120	0.02
1044453	0.05
1046897	0.045
1048318	0.025
1049010	0.025
1049591	0.03
1051567	0.04
1052153	0.03
1052825	0.04
1054783	0.045
1056775	0.04
1057608	0.03
1058670	0.035
1060529	0.02
1062098	0.015
1062702	0.01
1063315	0.03
1064664	0.025
1066205	0.025
1066977	0.01
1067410	0.085
1068167	0.10000000000000002
1069175	0.075
1070107	0.02
1070660	0.015
1071365	0.01
1071966	0
1072518	0.005
1073408	0.005
1074561	0.015
1076901	0.02
1079041	0.02
1080059	0.05
1081411	0.035
1081825	0.035
1082806	0.01
1084011	0.03
1085524	0.06999999999999999
1086312	0.06499999999999999
1087183	0.075
1088848	0.085
1091077	0.10500000000000002
1093555	0.18000000000000008
1095684	0.17000000000000007
1096336	0.16000000000000006
1098355	0.17000000000000007
1099247	0.03
1099917	0.01
1100526	0.01
1101267	0.02
1101919	0.015
1102346	0.015
1102871	0.025
1104178	0.03
1104674	0.02
1105127	0.02
1105569	0.015
1106086	0.01
1107035	0.005
1108362	0.015
1110119	0.025
1112149	0.01
1113692	0.005
1113994	0.015
1114877	0.015
1116122	0.015
1117333	0.01
1118188	0.01
1118763	0.01
1119363	0.005
1120027	0.005
1120828	0.01
1121364	0.015
1122084	0.02
1122993	0.01
1123730	0.005
1124722	0.01
1125854	0.01
1126480	0.015
1127267	0.01
1128606	0.01
1129622	0.015
1129981	0.015
1130533	0.015
1131226	0.015
1131640	0.01
1132201	0.015
1133178	0.02
1134179	0.025
1135120	0.02
1135913	0.02
1136822	0.02
1137841	0.02
1139199	0.02
1140509	0.03
1142774	0.03
1145419	0.015
1146322	0.005
1147054	0.005
1147453	0.005
1148171	0.005
1149235	0.015
1150192	0.015
1151037	0.005
1151733	0.005
1152559	0.005
1153704	0.005
1154623	0.01
1155444	0.015
1156264	0.015
1157175	0.02
1158585	0.035
1160456	0.03
1162064	0.02
1162435	0.005
1162958	0.005
1163672	0.005
1164607	0.005
1165414	0.01
1166737	0.025
1167868	0.025
1168547	0.01
1169201	0.015
1169891	0.015
1172265	0.015
1174628	0.015
1176026	0.02
1176969	0.015
1177945	0.015
1179048	0.02
1179939	0.045
1180873	0.03
1181494	0.025
1182306	0.015
1183223	0.05499999999999999
1184045	0.06499999999999999
1185026	0.05
1186457	0.05
1187679	0.19000000000000009
1189046	0.2100000000000001
1190111	0.11000000000000004
1191301	0.11000000000000004
1192310	0.095
1193220	0.095
1194057	0.095
1194624	0.11500000000000005
1195748	0.19000000000000009
1197199	0.17500000000000007
1197880	0.17500000000000007
1199141	0.17500000000000007
1200242	0.19000000000000009
1200909	0.17000000000000007
1201667	0.14500000000000005
1201930	0.15500000000000003
1202596	0.16000000000000006
1203124	0.18000000000000008
1203546	0.16500000000000006
1203991	0.16000000000000006
1204853	0.2050000000000001
1205640	0.2000000000000001
1205967	0.22500000000000012
1206547	0.13500000000000004
1207205	0.085
1210762	0.06999999999999999
1211495	0.085
1213693	0.075
1214869	0.05
1215907	0.05499999999999999
1216502	0.05499999999999999
1216872	0.05999999999999999
1218089	0.06999999999999999
1219092	0.10000000000000002
1220361	0.10500000000000002
1222469	0.075
1222786	0.05
1224412	0.05
1224955	0.01
1225732	0.015
1226784	0.015
1227271	0.02
1227860	0.02
1228408	0.01
1229053	0.02
1229938	0.025
1230976	0.035
1231820	0.025
1232765	0.02
1233946	0.01
1235297	0.015
1236475	0.025
1238220	0.025
1239414	0.05999999999999999
1241203	0.06499999999999999
1242623	0.02
1243485	0.03
1244160	0.025
1244855	0.06499999999999999
1245380	0.06999999999999999
1246527	0.06499999999999999
1248405	0.035
1249441	0.045
1250303	0.05499999999999999
1252025	0.12000000000000004
1254518	0.12000000000000004
1256386	0.10500000000000002
1257266	0.10500000000000002
1258221	0.02
1258930	0.02
1259950	0.025
1261434	0.025
1262451	0.015
1263188	0.015
1264342	0.015
1265553	0.015
1266510	0.015
1267120	0.015
1267724	0.02
1268592	0.045
1271299	0.05
1272234	0.02
1272844	0.015
1273422	0.015
1274481	0.02
1275504	0.02
1276720	0.02
1277753	0.015
1278652	0.025
1281735	0.03
1284373	0.03
1285494	0.02
1286187	0.05499999999999999
1288203	0.05999999999999999
1288903	0.02
1289678	0.025
1290748	0.02
1291911	0.02
1292715	0.015
1293835	0.03
1294721	0.04
1295229	0.04
1296783	0.03
1298921	0.03
1299349	0.04
1301975	0.05999999999999999
1303359	0.03
1304288	0.03
1305260	0.02
1306266	0.01
1306985	0.01
1307915	0.025
1309642	0.04
1310717	0.05499999999999999
1311441	0.035
1312047	0.02
1312620	0.025
1313291	0.025
1314339	0.075
1314971	0.06999999999999999
1315520	0.04
1315945	0.045
1316819	0.02
1317818	0.01
1319106	0.01
1320586	0.005
1322165	0.01
1323660	0.01
1324408	0.02
1325693	0.025
1327289	0.035
1328062	0.015
1328733	0.005
1329856	0.01
1330542	0.01
1332346	0.015
1334342	0.02
1335224	0.015
1335374	0.03
1335619	0.025
1337168	0.025
1338865	0.01
1339712	0.005
1340397	0.005
1341142	0.005
1342259	0.005
1342821	0.01
1343219	0.02
1343971	0.02
1344522	0.02
1345749	0.035
1347945	0.03
1349543	0.005
1350645	0.05
1352231	0.05499999999999999
1353132	0.015
1354073	0.01
1354987	0.01
1356288	0.01
1357545	0.03
1358494	0.03
1360199	0.035
1361508	0.035
1362189	0.03
1363486	0.035
1364872	0.03
1366182	0.02
1367423	0.025
1368413	0.01
1368913	0.005
1369204	0.01
1369503	0.01
1369846	0.04
1371055	0.045
1372555	0.045
1373662	0.04
1374511	0.04
1375489	0.05
1376428	0.05
1377359	0.045
1379017	0.04
1380477	0.05
1381305	0.05
1382399	0.035
1383462	0.02
1384815	0.02
1386041	0.01
1387490	0.02
1388558	0.02
1389412	0.015
1390234	0.02
1390771	0.045
1391393	0.05
1392440	0.05499999999999999
1394033	0.05
1395406	0.035
1397493	0.03
1398147	0.03
1399150	0.04
1399978	0.075
1401010	0.085
1402532	0.085
1403910	0.075
1405195	0.075
1406260	0.08
1407179	0.04
1408541	0.04
1409394	0.02
1410197	0.03
1411480	0.06999999999999999
1413344	0.075
1413635	0.10000000000000002
1414388	0.10500000000000002
1417625	0.10500000000000002
1417923	0.11000000000000004
1418118	0.23000000000000012
1418853	0.2450000000000001
1419389	0.3400000000000002
1420003	0.3300000000000002
1420513	0.3250000000000002
1420895	0.29000000000000015
1421547	0.27000000000000013
1422356	0.2150000000000001
1423032	0.2650000000000001
1424527	0.2550000000000001
1425508	0.2450000000000001
1425800	0.31500000000000017
1426968	0.3200000000000002
1429914	0.3300000000000002
1435402	0.28000000000000014
1436326	0.025
1439022	0.025
1441191	0.015
1441532	0.015
1442348	0.025
1444370	0.03
1445779	0.02
1446043	0.05999999999999999
1446830	0.095
1448268	0.095
1450212	0.10500000000000002
1452619	0.10000000000000002
1454391	0.09000000000000001
1455011	0.085
1455537	0.08
1456173	0.085
1456965	0.09000000000000001
1457880	0.095
1458658	0.10500000000000002
1459790	0.11000000000000004
1460682	0.11000000000000004
1461495	0.11000000000000004
1462781	0.11000000000000004
1464014	0.10000000000000002
1464766	0.13000000000000003
1474651	0.15500000000000003
1476297	0.085
1477923	0.095
1478674	0.10000000000000002
1480016	0.10000000000000002
1481543	0.05499999999999999
1482557	0.04
1485012	0.04
1487635	0.05499999999999999
1488951	0.05999999999999999
1489838	0.05
1490149	0.05499999999999999
1490655	0.03
1491167	0.05499999999999999
1491763	0.06499999999999999
1492045	0.075
1493290	0.06499999999999999
1494609	0.035
1495959	0.04
1497701	0.035
1498763	0.035
1499207	0.035
1499959	0.05
1501069	0.045
1501858	0.04
1502791	0.05999999999999999
1503505	0.06499999999999999
1504291	0.06499999999999999
1505492	0.05499999999999999
1506440	0.025
1507761	0.03
1508919	0.05999999999999999
1509374	0.05499999999999999
1509705	0.075
1512226	0.06499999999999999
1513323	0.025
1514301	0.025
1515159	0.03
1516290	0.05999999999999999
1517475	0.05
1517764	0.035
1518106	0.02
1518587	0.035
1519545	0.045
1520594	0.05499999999999999
1522014	0.045
1523837	0.05
1525230	0.13500000000000004
1526555	0.2000000000000001
1527046	0.3400000000000002
1530163	0.3400000000000002
1533168	0.31500000000000017
1533566	0.13500000000000004
1534446	0.075
1535411	0.05
1536277	0.025
1536961	0.03
1538081	0.045
1540720	0.035
1543366	0.085
1546700	0.09000000000000001
1547694	0.03
1549242	0.03
1550903	0.025
1551664	0.025
1552540	0.05499999999999999
1553333	0.06499999999999999
1554820	0.045
1555894	0.04
1556172	0.035
1556840	0.05499999999999999
1557575	0.05
1558524	0.05
1559462	0.06499999999999999
1560418	0.05999999999999999
1561706	0.06999999999999999
1562785	0.06999999999999999
1564533	0.075
1566449	0.05999999999999999
1568163	0.05
1569721	0.045
1573798	0.05
1576433	0.05499999999999999
1578499	0.05
1580211	0.06499999999999999
1581683	0.05499999999999999
1583306	0.05
1583860	0.05
1585346	0.05999999999999999
1587277	0.05499999999999999
1588044	0.08
1588574	0.30000000000000016
1591515	0.3600000000000002
1592309	0.2150000000000001
1599413	0.2150000000000001
1600764	0.14500000000000005
1602257	0.13500000000000004
1603533	0.12000000000000004
1604543	0.11500000000000005
1605562	0.10500000000000002
1606537	0.10000000000000002
1607144	0.09000000000000001
1607725	0.095
1608565	0.075
1609954	0.10000000000000002
1611380	0.10500000000000002
1612145	0.09000000000000001
1612788	0.06999999999999999
1614009	0.075
1615244	0.08
1616320	0.08
1617623	0.06999999999999999
1618575	0.05
1619337	0.05
1619765	0.035
1620098	0.085
1620687	0.085
1621925	0.04
1622693	0.05
1623405	0.045
1624301	0.06499999999999999
1625032	0.05999999999999999
1626357	0.05999999999999999
1627890	0.03
1628695	0.02
1629316	0.03
1630183	0.05999999999999999
1631643	0.3400000000000002
1637695	0.3350000000000002
1638561	0.2550000000000001
1639278	0.3350000000000002
1639790	0.3800000000000002
1640209	0.5000000000000003
1640677	0.4450000000000003
1641446	0.4650000000000003
1641961	0.4450000000000003
1642865	0.4850000000000003
1643779	0.4400000000000003
1644776	0.4700000000000003
1645489	0.3300000000000002
1645752	0.3200000000000002
1646571	0.39500000000000024
1647235	0.38500000000000023
1647491	0.4550000000000003
1647735	0.3500000000000002
1648137	0.39500000000000024
1648729	0.4450000000000003
1648932	0.40000000000000024
1649127	0.40000000000000024
1649703	0.3650000000000002
1649889	0.31500000000000017
1653405	0.3250000000000002
1654534	0.06999999999999999
1655510	0.04
1655978	0.025
1656464	0.02
1657120	0.02
1657717	0.09000000000000001
1663298	0.085
1664036	0.02
1664813	0.015
1665943	0.01
1666871	0.02
1667954	0.02
1669145	0.02
1670325	0.015
1671530	0.01
1672370	0.005
1672984	0.005
1673318	0.025
1674430	0.035
1675666	0.01
1677137	0.01
1678899	0
1680248	0.005
1681337	0.005
1681862	0.005
1682518	0.02
1683532	0.025
1684723	0.015
1685886	0.015
1687554	0.02
1689163	0.01
1690606	0.03
1691477	0.035
1692218	0.045
1693576	0.045
1695165	0.03
1696751	0.02
1697656	0.02
1698666	0.03
1700151	0.02
1701543	0.02
1702733	0.015
1703788	0.02
1705056	0.01
1705470	0
1706057	0
1706637	0
1708030	0.02
1709671	0.02
1710514	0.005
1711175	0
1711840	0.015
1712386	0.015
1713520	0.015
1714679	0.005
1715456	0.005
1716585	0.005
1717679	0
1718227	0
1719047	0
1720109	0.005
1720607	0.005
1721143	0
1721692	0.015
1723127	0.035
1724394	0.035
1725184	0.03
1725800	0.01
1726322	0.01
1727207	0.005
1728040	0
1728670	0.01
1731395	0.01
1733927	0.01
1734842	0
1735668	0
1736705	0.01
1737500	0.01
1738356	0.015
1739332	0.015
1740516	0.005
1741987	0.005
1742921	0.005
1744143	0.005
1745499	0.01
1746852	0.02
1747933	0.03
1749129	0.03
1749955	0.015
1750679	0.015
1751396	0.025
1752779	0.035
1754164	0.025
1755036	0.005
1756404	0
1757539	0
1758223	0
1759082	0.01
1759913	0.015
1761155	0.02
1762139	0.015
1763265	0.005
1764202	0.005
1765028	0.005
1765427	0
1767157	0.01
1769630	0.03
1770793	0.025
1771678	0.03
1773144	0.035
1774222	0.03
1775065	0.015
1776384	0.02
1777771	0.035
1778845	0.045
1779492	0.03
1779999	0.035
1780870	0.015
1782039	0.015
1782827	0.02
1783854	0.02
1785923	0.01
1787861	0
1788958	0.005
1789708	0.005
1790526	0.01
1791663	0.02
1792499	0.015
1793183	0.005
1793833	0.01
1794662	0.05
1795402	0.045
1796750	0.005
1798450	0.005
1799571	0
1799900	0.005
1800313	0.005
1801606	0.03
1805218	0.03
1805704	0.02
1806834	0.005
1807545	0.005
1808226	0.01
1808965	0.015
1809714	0.005
1810506	0
1811629	0.025
1812730	0.025
1813552	0.025
1814997	0.02
1816760	0.005
1817824	0.005
1819024	0.005
1819630	0.01
1820535	0.015
1821459	0.01
1822087	0.005
1822871	0.005
1823958	0
1824649	0.005
1825382	0.015
1826439	0.015
1827587	0.025
1828995	0.02
1830248	0.01
1831372	0.005
1832831	0.01
1833756	0.025
1834454	0.025
1835161	0.02
1835789	0.015
1836656	0.02
1837979	0.02
1839073	0.015
1840120	0.015
1841093	0.01
1841693	0.015
1841999	0.005
1843042	0.025
1844351	0.03
1845979	0.035
1847486	0.005
1848400	0.005
1849765	0.025
1851368	0.02
1852207	0.015
1853300	0.02
1854475	0.025
1855481	0.03
1856454	0.04
1857351	0.035
1858311	0.04
1859539	0.03
1860794	0.03
1861838	0.025
1862222	0
1863268	0
1864292	0.02
1865209	0.02
1866099	0.015
1867875	0.01
1869596	0.01
1871122	0.025
1872786	0.02
1873825	0.01
1874575	0.01
1875164	0.02
1876263	0.01
1877082	0.005
1877405	0.01
1878227	0.02
1879131	0.015
1879494	0
1879768	0.02
1880440	0.03
1881347	0.015
1882454	0.03
1883918	0.035
1885227	0.025
1886327	0.02
1887421	0.015
1888936	0
1890241	0
1890919	0.005
1892280	0.005
1893537	0.005
1894282	0
1894641	0
1895485	0
1896459	0
1897614	0.005
1899226	0.005
1900807	0.025
1902533	0.03
1903482	0.01
1904320	0.005
1905030	0.015
1905971	0.015
1906655	0.02
1907330	0.015
1908404	0.01
1909044	0
1909703	0.01
1910962	0.02
1912135	0.015
1913792	0
1915185	0
1915906	0
1916899	0.015
1918826	0.02
1920939	0.01
1921898	0.005
1922174	0
1922641	0
1923535	0.005
1924155	0.005
1924782	0.005
1925223	0.01
1925768	0.01
1926451	0.005
1927809	0.025
1929377	0.03
1929822	0.02
1930212	0.02
1930602	0.005
1931470	0.005
1932435	0.01
1933698	0.01
1935576	0.015
1936554	0.015
1937086	0.015
1938370	0.05499999999999999
1939707	0.05999999999999999
1940974	0.01
1942144	0.005
1943039	0
1943806	0.015
1944851	0.025
1945670	0.01
1946552	0.01
1947115	0.01
1947781	0.01
1948434	0.005
1949636	0.01
1951115	0.08
1951804	0.085
1952463	0.015
1953073	0.005
1953927	0.01
1955792	0.02
1957582	0.02
1958893	0.01
1959563	0.005
1960928	0.01
1962216	0.015
1962776	0.02
1964011	0.025
1965617	0.03
1966715	0.025
1967242	0.015
1967976	0.01
1968934	0.03
1970183	0.03
1971860	0.035
1973087	0.015
1974342	0.02
1975792	0.03
1976695	0.025
1977555	0.02
1978022	0.03
1979967	0.035
1980900	0.015
1981987	0.02
1983047	0.03
1984312	0.025
1985633	0.005
1987176	0.005
1987632	0.005
1988383	0.005
1988964	0.005
1989370	0.005
1990286	0.005
1991286	0.2200000000000001
1992543	0.22500000000000012
1993790	0.01
1995031	0.01
1995930	0.01
1996471	0.015
1997438	0.015
1998145	0.02
1998987	0.03
2000013	0.035
2000748	0.025
2001429	0.03
2002858	0.035
2004575	0.035
2005508	0.025
2005895	0.015
2006899	0.01
2007883	0.025
2008879	0.025
2009595	0.035
2010155	0.05499999999999999
2010839	0.075
2011443	0.075
2012176	0.06999999999999999
2012857	0.08
2014058	0.045
2015377	0.05499999999999999
2016211	0.05999999999999999
2017240	0.05499999999999999
2018167	0.05
2018949	0.035
2019850	0.035
2020589	0.05
2021294	0.05499999999999999
2021686	0.05999999999999999
2022237	0.05
2022750	0.05
2023285	0.05999999999999999
2024279	0.045
2024729	0.03
2025099	0.03
2025918	0.04
2027170	0.04
2028279	0.035
2028907	0.02
2029999	0.02
2030683	0.03
2031608	0.03
2032731	0.09000000000000001
2033270	0.17000000000000007
2034802	0.17000000000000007
2035048	0.18000000000000008
2036260	0.15000000000000005
2037473	0.025
2038543	0.01
2039162	0.01
2039980	0.02
2040800	0.025
2041700	0.08
2042633	0.18000000000000008
2044049	0.3500000000000002
2044822	0.22500000000000012
2048462	0.2000000000000001
2052976	0.18000000000000008
2054301	0.06499999999999999
2055788	0.03
2057216	0.06999999999999999
2058930	0.09000000000000001
2060439	0.05499999999999999
2061474	0.075
2062858	0.06999999999999999
2063927	0.03
2064850	0.04
2065490	0.3500000000000002
2068831	0.4700000000000003
2073098	0.4800000000000003
2075545	0.4750000000000003
2078037	0.4850000000000003
2079196	0.2200000000000001
2080062	0.04
2081025	0.045
2081964	0.11000000000000004
2083469	0.13000000000000003
2084339	0.05499999999999999
2084969	0.05
2086383	0.05
2087804	0.03
2088716	0.045
2089338	0.04
2089587	0.035
2090641	0.035
2091749	0.025
2092933	0.025
2094001	0.025
2094830	0.025
2095493	0.025
2096232	0.03
2096919	0.10500000000000002
2097811	0.11500000000000005
2099030	0.13000000000000003
2100565	0.6150000000000004
2103950	0.6050000000000004
2104789	0.6150000000000004
2105561	0.6000000000000004
2106643	0.6000000000000004
2107777	0.6100000000000004
2108960	0.6300000000000004
2109859	0.5400000000000004
2111526	0.39500000000000024
2112518	0.3450000000000002
2113880	0.38500000000000023
2115199	0.23000000000000012
2116517	0.2100000000000001
2117764	0.2150000000000001
2119419	0.22500000000000012
2120857	0.2650000000000001
2122294	0.23000000000000012
2123802	0.2050000000000001
2125134	0.19000000000000009
2125984	0.17500000000000007
2126707	0.16500000000000006
2127753	0.15000000000000005
2128614	0.15000000000000005
2129277	0.12500000000000003
2130269	0.13500000000000004
2131461	0.13000000000000003
2132311	0.13500000000000004
2132977	0.13000000000000003
2134571	0.09000000000000001
2135876	0.10500000000000002
2138693	0.09000000000000001
2140685	0.03
2141924	0.015
2142627	0.03
2144924	0.035
2147116	0.035
2148350	0.03
2150012	0.045
2151415	0.035
2152051	0.035
2152798	0.05999999999999999
2153773	0.05499999999999999
2154639	0.04
2156824	0.025
2159924	0.04
2162171	0.03
2163577	0.015
2164637	0.03
2165355	0.06499999999999999
2166348	0.23500000000000013
2167411	0.2450000000000001
2168147	0.2500000000000001
2169161	0.06999999999999999
2172353	0.11000000000000004
2174823	0.095
2175690	0.05
2176777	0.04
2178038	0.02
2179459	0
2180597	0.005
2181578	0.005
2182408	0.01
2183242	0.01
2184116	0.01
2184907	0.06499999999999999
2185660	0.075
2186329	0.02
2187129	0.04
2187897	0.05999999999999999
2189670	0.05999999999999999
2191263	0.06999999999999999
2191951	0.05499999999999999
2192655	0.025
2193613	0.02
2195316	0.05999999999999999
2202095	0.06999999999999999
2204130	0.5900000000000004
2205140	0.5850000000000004
2206834	0.05499999999999999
2208535	0.05499999999999999
2210022	0.05
2211455	0.04
2211961	0.015
2212602	0
2213801	0.08
2215231	0.08
2215710	0.005
2216110	0.01
2216944	0.01
2217978	0.005
2219022	0.01
2220825	0.01
2223042	0.005
2224404	0
2225337	0
2226090	0.01
2226889	0.01
2227918	0.03
2229911	0.035
2230823	0.02
2231366	0
2232286	0
2233237	0.01
2233719	0.01
2234652	0.02
2235882	0.025
2237248	0.03
2238529	0.02
2239849	0.025
2241148	0.015
2242388	0.005
2243318	0.005
2244328	0.025
2245773	0.025
2247797	0.02
2249177	0.005
2250241	0
2251268	0.01
2252244	0.03
2254715	0.03
2255665	0.05
2257898	0.05
2258825	0.025
2260564	0.03
2261896	0.02
2262930	0.025
2264453	0.025
2265168	0.02
2265736	0.025
2266978	0.025
2268322	0.025
2269210	0.015
2270262	0.01
2271504	0.01
2273271	0.01
2274726	0.015
2275785	0.005
2277094	0.01
2278065	0.005
2279165	0.005
2280135	0
2281512	0
2282659	0
2283443	0
2284242	0
2285256	0.08
2290823	0.08
2291884	0
2292685	0
2293932	0.01
2295140	0.01
2295481	0.01
2295951	0.01
2296693	0.005
2297329	0.005
2297958	0.005
2298493	0.01
2299146	0.01
2299912	0.015
2301510	0.01
2302881	0.01
2303250	0.01
2303688	0.01
2304149	0.015
2305931	0.025
2307793	0.02
2309016	0.025
2309873	0.03
2311006	0.03
2312197	0.02
2314824	0.02
2316502	0.025
2318451	0.05499999999999999
2320956	0.04
2322558	0.045
2323778	0.03
2324434	0.03
2325417	0.035
2326701	0.03
2327755	0.05
2328972	0.045
2330040	0.04
2332245	0.05999999999999999
2334647	0.04
2335800	0.015
2338106	0.02
2339928	0.01
2342269	0.01
2346007	0.01
2347949	0
2348641	0
2349147	0.03
2349790	0.05499999999999999
2350473	0.04
2351695	0.005
2353461	0.005
2354894	0
2356116	0.025
2357908	0.025
2358443	0.04
2359507	0.04
2360811	0.045
2361820	0.035
2363032	0.025
2364004	0
2364766	0.005
2365319	0.015
2366488	0.015
2367555	0.015
2369030	0.005
2370463	0.005
2371734	0.005
2372724	0.005
2373085	0.005
2373405	0
2374325	0
2375481	0.005
2376390	0.005
2377213	0.005
2378424	0.01
2379995	0.01
2380874	0.005
2381312	0.01
2382066	0.03
2383320	0.05499999999999999
2384858	0.05999999999999999
2386345	0.05
2387185	0.05499999999999999
2388068	0.03
2388846	0.03
2389540	0.035
2390776	0.035
2392276	0.015
2394125	0.01
2395194	0.005
2395619	0.005
2396179	0.005
2396953	0.005
2398802	0.005
2400886	0.01
2401802	0.01
2402956	0.005
2404282	0.005
2404850	0.01
2405417	0.015
2406172	0.02
2408169	0.015
2409161	0
2410436	0
2411764	0
2412347	0
2412904	0
2414071	0.005
2415819	0.01
2417862	0.01
2418905	0.005
2419509	0.005
2420163	0.005
2420944	0
2421506	0.005
2422154	0.015
2424122	0.015
2424875	0.005
2425573	0
2426397	0.01
2427400	0.02
2428341	0.015
2429479	0
2430519	0
2431353	0
2432308	0
2433469	0
2434411	0
2435230	0
2436142	0
2437283	0.05
2438447	0.05999999999999999
2439531	0.02
2440995	0.01
2442767	0.01
2444030	0.01
2444477	0.005
2445155	0
2445972	0.005
2446930	0.005
2447974	0.005
2448881	0.03
2449638	0.035
2450320	0.025
2450831	0.015
2451328	0.015
2451960	0.04
2455364	0.04
2456569	0.015
2458087	0.005
2459814	0.01
2460792	0.005
2461976	0.015
2463541	0.015
2464629	0.015
2465767	0.3200000000000002
2468674	0.3300000000000002
2469796	0.3350000000000002
2472249	0.3500000000000002
2472634	0.3400000000000002
2473062	0.3450000000000002
2473785	0.3400000000000002
2474444	0.3450000000000002
2475252	0.3500000000000002
2475692	0.42000000000000026
2476025	0.4600000000000003
2476410	0.5000000000000003
2477161	0.3600000000000002
2478515	0.30000000000000016
2479866	0.10500000000000002
2481407	0.11000000000000004
2482757	0.08
2484062	0.085
2486170	0.10000000000000002
2488595	0.10000000000000002
2489714	0.09000000000000001
2491103	0.085
2492629	0.08
2494084	0.06999999999999999
2494835	0.05999999999999999
2495171	0.05999999999999999
2496105	0.05499999999999999
2497676	0.05499999999999999
2499519	0.05999999999999999
2500750	0.05999999999999999
2501558	0.08
2503237	0.08
2505028	0.06999999999999999
2506089	0.075
2507270	0.075
2508079	0.06499999999999999
2508943	0.06999999999999999
2510258	0.06499999999999999
2511164	0.05999999999999999
2512087	0.075
2513643	0.085
2516737	0.08
2518631	0.08
2519019	0.06499999999999999
2519964	0.085
2522035	0.095
2523357	0.09000000000000001
2524461	0.095
2525509	0.095
2526393	0.09000000000000001
2527445	0.06499999999999999
2528050	0.06499999999999999
2529168	0.06499999999999999
2530740	0.05999999999999999
2531843	0.05499999999999999
2532894	0.05499999999999999
2533892	0.05499999999999999
2534929	0.05499999999999999
2536088	0.05999999999999999
2536811	0.06499999999999999
2537529	0.075
2538116	0.06499999999999999
2539127	0.06499999999999999
2540265	0.05499999999999999
2541241	0.05499999999999999
2542095	0.05999999999999999
2543020	0.06499999999999999
2544227	0.075
2545180	0.06999999999999999
2546221	0.075
2547385	0.075
2548754	0.075
2550095	0.06999999999999999
2550928	0.05499999999999999
2551501	0.05499999999999999
2551925	0.05499999999999999
2552786	0.05999999999999999
2553674	0.06499999999999999
2554656	0.075
2555478	0.06499999999999999
2556070	0.06999999999999999
2556853	0.06499999999999999
2557998	0.10500000000000002
2560634	0.13000000000000003
2561492	0.14500000000000005
2561809	0.11500000000000005
2562319	0.12000000000000004
2562820	0.05999999999999999
2563780	0.05999999999999999
2564176	0.05999999999999999
2564927	0.05999999999999999
2566182	0.06499999999999999
2567494	0.02
2568917	0.005
2569919	0
2571049	0.005
2571906	0.005
2572303	0
2572997	0.01
2573903	0.01
2574652	0
2575217	0.005
2575637	0.015
2577237	0.02
2579141	0.015
2580637	0.015
2582255	0.01
2583190	0.005
2584535	0.015
2586581	0.03
2589151	0.02
2591425	0.01
2592170	0
2592862	0.005
2593421	0.01
2594851	0.015
2596305	0.025
2597261	0.03
2597805	0.01
2598348	0.015
2599321	0.005
2600192	0
2600713	0.015
2601509	0.035
2602827	0.035
2604320	0.05499999999999999
2605530	0.045
2606587	0.035
2607707	0.025
2609320	0.035
2610436	0.03
2611085	0.03
2611663	0.03
2612906	0.03
2614358	0.035
2615350	0.02
2616825	0.005
2617757	0.005
2618448	0
2619515	0
2620559	0
2621715	0
2622553	0.005
2624077	0.005
2625885	0.015
2627816	0.02
2629196	0.015
2629394	0.01
2630052	0.01
2630595	0.12000000000000004
2631746	0.12000000000000004
2633337	0.005
2634917	0.03
2635706	0.03
2636620	0.01
2638063	0.005
2638973	0
2639938	0
2641245	0
2642337	0
2643706	0
2644648	0.01
2646149	0.015
2649806	0.015
2652916	0.015
2654545	0.01
2655716	0
2656636	0
2656915	0
2658010	0
2659209	0
2659724	0
2660096	0
2660924	0
2661887	0
2662953	0.005
2663843	0.01
2664817	0.01
2666075	0.01
2667276	0.03
2668451	0.03
2669712	0.03
2670649	0.025
2671068	0.02
2671631	0.03
2672648	0.035
2673557	0.05
2674252	0.035
2675230	0.02
2676326	0.02
2677605	0.03
2678875	0.03
2681104	0.03
2683459	0.02
2684880	0.015
2686430	0.01
2687239	0.005
2688136	0.005
2689149	0.01
2690362	0.01
2693599	0.015
2696579	0.01
2697605	0
2698232	0
2699183	0.04
2699793	0.04
2700808	0
2701363	0
2702105	0
2702933	0
2703723	0
2704822	0
2706224	0.005
2707561	0.005
2708276	0
2709079	0
2709724	0
2711231	0
2712395	0
2713563	0.005
2714879	0.01
2715716	0.01
2716257	0.005
2717098	0.005
2718009	0.02
2718944	0.015
2719572	0.02
2721283	0.015
2723404	0.01
2724315	0.01
2725097	0.05499999999999999
2732886	0.05999999999999999
2734668	0.02
2735521	0.005
2736514	0.005
2737324	0.01
2738325	0.01
2739508	0
2740615	0.01
2741544	0.015
2742134	0.015
2742996	0.02
2743866	0.04
2744356	0.04
2744955	0.005
2745644	0
2746061	0
2747114	0
2748320	0.01
2749439	0.02
2750411	0.02
2751270	0.005
2752625	0
2753775	0
2754153	0
2754512	0
2755137	0.095
2755616	0.38500000000000023
2758122	0.38500000000000023
2758750	0.40500000000000025
2759689	0.41500000000000026
2762445	0.42000000000000026
2764345	0.41000000000000025
2766454	0.40500000000000025
2767169	0.40500000000000025
2770053	0.39500000000000024
2770563	0.38500000000000023
2771997	0.38500000000000023
2772463	0.3800000000000002
2772936	0.3800000000000002
2774169	0.38500000000000023
2786563	0.39000000000000024
2789473	0.3500000000000002
2790616	0.02
2791997	0.02
2793375	0.03
2794953	0.025
2796005	0.01
2796561	0.01
2796949	0.015
2797360	0.01
2797782	0.01
2798293	0.005
2799388	0.005
2799822	0.005
2800310	0.01
2800845	0.01
2801170	0.01
2802420	0.015
2803981	0.015
2805416	0.01
2806542	0.01
2807628	0.025
2808449	0.02
2809034	0.025
2809985	0.01
2810511	0.015
2811035	0.015
2812013	0.015
2813385	0.035
2814475	0.035
2815661	0
2816726	0.005
2817220	0.015
2819053	0.015
2820696	0.01
2822389	0.02
2823238	0.02
2824097	0.03
2825086	0.025
2826113	0.02
2826871	0.015
2827547	0.015
2828126	0.015
2828800	0.01
2829433	0.015
2830295	0.015
2831532	0.005
2833195	0.01
2834478	0.025
2836299	0.025
2837841	0.025
2838760	0.02
2840252	0.02
2841702	0.03
2842808	0.025
2843241	0
2843826	0
2844481	0
2845616	0
2846950	0
2848328	0.005
2849543	0.005
2850204	0
2850822	0
2851437	0
2852000	0
2852696	0
2853759	0.015
2855377	0.025
2856629	0.05999999999999999
2856950	0.05499999999999999
2858373	0.06499999999999999
2860088	0.04
2860850	0.035
2861884	0.025
2862918	0.03
2863912	0.025
2864624	0.03
2865783	0.075
2867055	0.06999999999999999
2868183	0.03
2869206	0.005
2869893	0
2870779	0
2871540	0.005
2872135	0.005
2872664	0
2873175	0
2873689	0
2874705	0
2875875	0
2877099	0.03
2878711	0.04
2879313	0.05
2880087	0.045
2880711	0.05
2881596	0.06999999999999999
2882396	0.075
2883384	0.08
2885886	0.085
2887945	0.045
2889243	0.005
2890998	0
2892396	0.015
2893292	0.02
2894049	0.02
2894483	0.025
2895349	0.035
2896165	0.03
2897237	0.025
2898691	0.025
2899880	0.035
2901230	0.045
2902635	0.06499999999999999
2905082	0.075
2905627	0.03
2906147	0.05
2907292	0.035
2908847	0.005
2910289	0.015
2910923	0.02
2911215	0.025
2912534	0.045
2914349	0.03
2916435	0.025
2918715	0.02
2920076	0.025
2921424	0.015
2922759	0
2923393	0.005
2923948	0.005
2925007	0
2925772	0
2926990	0.005
2928873	0.005
2930259	0.01
2931432	0.01
2932439	0.005
2933364	0.025
2934893	0.025
2936471	0.025
2938177	0
2939099	0
2939733	0.005
2940693	0.005
2941433	0
2942108	0
2943031	0.01
2943939	0.01
2944763	0
2945439	0.005
2946629	0.2550000000000001
2948383	0.2500000000000001
2949907	0.005
2951548	0
2954232	0.005
2957440	0.005
2960744	0
2962602	0
2962952	0.005
2963434	0.005
2963942	0.005
2964758	0.005
2965599	0.005
2967311	0
2968712	0
2969403	0
2970006	0
2970776	0
2971380	0.005
2972117	0.005
2973265	0.01
2974934	0.015
2977114	0.015
2978268	0.01
2979488	0.01
2980289	0
2981473	0.005
2982877	0.005
2983706	0
2985001	0.01
2986461	0.035
2987852	0.05499999999999999
2988315	0.05999999999999999
2988906	0.06999999999999999
2989545	0.06999999999999999
2989889	0.06499999999999999
2990147	0.075
2990777	0.08
2991513	0.085
2992782	0.095
2993747	0.11500000000000005
2994228	0.11500000000000005
2994681	0.12500000000000003
2995014	0.14500000000000005
2995529	0.39500000000000024
2995884	0.41500000000000026
2998431	0.4850000000000003
2999513	0.2600000000000001
3001454	0.025
3003053	0.02
3003728	0.005
3004897	0.015
3006858	0.015
3008108	0.02
3009369	0.015
3010720	0.01
3011927	0.015
3013426	0.02
3014672	0.01
3015449	0.01
3017609	0.02
3019825	0.015
3020929	0.015
3022751	0.015
3025051	0.025
3026427	0.03
3027804	0.025
3028768	0.02
3029971	0.03
3032091	0.035
3032879	0.03
3033339	0.02
3034415	0.015
3035624	0.015
3037239	0.015
3038467	0.015
3039295	0.01
3040115	0.01
3040619	0.01
3040937	0.01
3041803	0.01
3042818	0.01
3043467	0.01
3044384	0.02
3045529	0.025
3047604	0.025
3049354	0.015
3050120	0.015
3051716	0.015
3052929	0.015
3054177	0.01
3055155	0.01
3055776	0.02
3056488	0.02
3057794	0.015
3058995	0.015
3059496	0.03
3060199	0.05
3061922	0.05
3063484	0.045
3064385	0.05499999999999999
3065541	0.05999999999999999
3066725	0.045
3067710	0.025
3068490	0.03
3069377	0.03
3070704	0.01
3072040	0.01
3073181	0.025
3074332	0.03
3074940	0.025
3075699	0.025
3076817	0.04
3078165	0.035
3079108	0.035
3080639	0.04
3082292	0.05
3083337	0.05999999999999999
3084923	0.03
3086524	0.01
3087283	0.03
3088981	0.03
3090024	0.025
3090700	0.01
3091499	0.01
3092353	0.01
3093182	0.01
3093708	0.015
3094590	0.015
3095450	0.015
3096103	0.01
3096528	0.01
3096977	0.005
3097835	0.02
3099061	0.025
3100205	0.01
3101263	0.01
3101970	0.005
3102492	0.005
3103539	0.005
3104230	0.005
3104972	0.01
3106342	0.02
3108087	0.025
3109906	0.28000000000000014
3110858	0.30000000000000016
3111549	0.17500000000000007
3112481	0.18500000000000008
3113272	0.15500000000000003
3113947	0.16000000000000006
3116831	0.16000000000000006
3120438	0.14500000000000005
3122719	0.11500000000000005
3124029	0.09000000000000001
3124847	0.09000000000000001
3125996	0.095
3127271	0.095
3128654	0.095
3129611	0.17500000000000007
3131874	0.18000000000000008
3132833	0.095
3133593	0.10500000000000002
3134477	0.11500000000000005
3135621	0.11000000000000004
3137592	0.075
3139160	0.02
3139840	0.02
3140147	0.02
3140555	0.025
3141039	0.035
3142137	0.035
3143575	0.03
3144647	0.03
3145702	0.03
3146593	0.05
3147668	0.05
3148417	0.045
3149224	0.03
3150104	0.025
3151030	0.015
3151617	0.005
3152829	0.01
3153892	0.01
3154740	0.01
3155936	0.015
3157036	0.025
3158113	0.02
3158755	0.02
3160036	0.05
3161963	0.05
3163112	0.01
3164844	0.025
3166914	0.04
3168048	0.04
3168396	0.04
3168990	0.05
3169480	0.015
3170157	0.015
3171158	0.045
3172820	0.04
3173299	0.05499999999999999
3174450	0.05499999999999999
3175715	0.015
3176419	0.015
3177069	0.01
3177595	0.015
3178855	0.01
3180079	0.01
3181001	0.025
3182026	0.02
3182936	0.01
3183466	0.03
3184139	0.04
3184985	0.075
3190255	0.08
3191164	0.035
3191839	0.035
3192522	0.02
3193694	0.025
3196036	0.02
3198221	0.015
3200314	0.015
3201517	0.005
3202510	0.005
3203720	0.005
3204405	0.005
3205002	0.015
3205790	0.02
3206918	0.02
3207673	0.025
3208755	0.02
3210036	0.015
3210888	0.01
3211979	0.01
3213967	0.01
3215220	0.03
3216109	0.02
3217090	0
3218316	0.005
3220128	0.005
3221081	0
3221957	0
3224179	0.01
3225946	0.015
3226950	0.015
3228336	0.02
3230063	0.025
3232674	0.05
3233936	0.035
3234298	0.04
3235307	0.035
3236211	0.02
3236886	0.015
3237804	0.01
3239062	0.015
3240566	0.015
3241468	0.01
3242570	0.005
3244035	0
3245873	0.045
3247040	0.05
3248104	0.005
3248630	0
3249153	0
3249527	0
3249885	0
3250226	0
3250713	0
3251517	0.005
3252486	0.02
3253089	0.015
3253766	0.02
3254669	0.01
3255125	0.01
3255996	0.01
3257344	0.025
3258967	0.025
3259915	0.005
3261271	0.01
3263056	0.01
3264351	0
3265533	0.015
3266596	0.04
3268123	0.045
3269008	0.05
3271197	0.05
3272312	0.01
3273172	0.015
3274240	0.025
3276067	0.035
3277169	0.03
3277569	0.035
3278260	0.035
3279554	0.025
3280453	0.01
3280901	0.035
3281397	0.035
3282553	0.02
3283573	0.025
3284408	0.04
3285086	0.045
3285873	0.04
3286674	0.05499999999999999
3287718	0.06499999999999999
3288437	0.075
3290072	0.06999999999999999
3291886	0.05499999999999999
3292905	0.035
3294418	0.015
3295591	0.015
3296104	0.01
3296696	0.015
3297618	0.02
3298528	0.025
3299233	0.02
3299693	0.02
3300117	0.01
3300506	0.01
3301014	0.01
3301982	0.01
3302928	0.01
3303951	0.02
3305195	0.015
3306915	0
3308482	0
3310100	0
3311549	0
3312305	0
3312977	0.005
3314678	0.005
3316782	0.005
3317780	0.01
3319308	0.025
3320746	0.025
3322339	0.02
3323401	0
3324487	0.005
3325972	0.01
3327349	0.005
3327936	0
3328477	0.005
3329679	0.005
3331168	0
3332252	0
3332990	0
3333295	0
3334195	0
3335048	0
3335864	0.005
3336683	0.005
3337109	0
3337573	0
3338185	0
3338857	0
3339660	0
3340763	0
3341759	0
3342556	0
3343123	0
3343658	0
3344306	0
3345433	0
3346316	0
3346823	0
3347542	0
3348102	0
3348768	0.005
3349445	0.005
3350132	0.015
3351857	0.015
3353585	0.02
3356908	0.015
3359907	0.03
3361558	0.035
3362449	0.045
3363997	0.05
3367284	0.05499999999999999
3368390	0.04
3369246	0.02
3369912	0
3370691	0
3371829	0.02
3373129	0.02
3374093	0.03
3375552	0.02
3376527	0.015
3377101	0.005
3378011	0.005
3378437	0
3379433	0
3380390	0.005
3381426	0.01
3382733	0.01
3383799	0.005
3384938	0
3385669	0
3385993	0
3387204	0
3388660	0
3389235	0.01
3389984	0.015
3391305	0.015
3394358	0.005
3397060	0.01
3398081	0.005
3398631	0
3399426	0
3400565	0
3402362	0.005
3403971	0.02
3405671	0.02
3406591	0.035
3407496	0.035
3408332	0
3409510	0.005
3410762	0.01
3411419	0.015
3412095	0.03
3412710	0.02
3413134	0.035
3414442	0.05499999999999999
3418139	0.045
3418500	0.05
3419160	0.035
3419670	0.045
3420724	0.025
3421876	0.015
3422815	0.045
3429513	0.05
3429894	0.02
3430429	0.015
3431129	0.01
3431691	0.005
3432227	0.02
3432998	0.025
3433944	0.015
3434687	0.015
3435851	0.02
3437206	0.025
3438229	0.02
3438540	0.015
3438917	0.015
3439325	0.01
3439807	0.01
3440534	0.005
3441365	0.005
3441903	0.005
3442293	0.01
3442676	0.01
3443431	0.01
3444322	0.005
3444632	0.005
3444977	0.005
3445420	0.005
3445873	0.005
3446349	0.005
3446731	0.005
3447168	0.01
3447610	0.01
3447963	0.005
3448441	0.005
3448663	0.005
3448964	0.005
3449532	0.005
3450067	0.005
3450387	0.005
3450953	0.005
3451533	0.005
3451983	0.005
3452611	0.005
3453114	0.02
3453717	0.045
3454663	0.05999999999999999
3455985	0.085
3457353	0.06999999999999999
3459079	0.06999999999999999
3460415	0.06999999999999999
3461241	0.06499999999999999
3461722	0.05999999999999999
3462162	0.03
3462637	0.035
3463415	0.04
3464503	0.04
3465312	0.04
3465881	0.025
3466487	0.01
3466894	0.03
3468506	0.05499999999999999
3472457	0.05499999999999999
3473811	0
3474365	0
3474821	0
3475152	0
3475525	0
3476079	0.005
3477013	0.005
3477749	0.005
3478202	0
3478692	0.01
3479704	0.015
3480882	0.015
3482245	0.015
3483713	0.005
3484327	0
3484924	0
3485616	0
3486436	0
3487848	0.005
3489570	0.01
3490547	0.005
3491162	0.01
3491536	0.005
3492011	0.005
3493158	0
3495282	0
3496714	0
3497406	0
3498514	0.005
3499531	0.025
3500578	0.025
3501779	0.025
3502755	0.03
3503559	0.025
3504417	0.035
3505477	0.03
3506684	0.025
3507524	0.03
3508151	0.025
3509200	0.03
3510394	0.025
3511241	0.02
3511891	0.01
3513136	0.01
3514010	0.005
3514720	0.015
3515495	0.015
3516663	0.03
3517942	0.015
3518803	0.005
3520069	0
3520817	0.005
3521229	0.005
3521702	0.015
3522361	0.01
3524147	0.005
3525869	0.005
3527536	0.005
3529003	0.005
3529548	0
3530213	0
3531577	0.01
3533629	0.02
3535192	0.015
3536224	0.005
3537050	0.005
3538545	0.01
3540276	0.01
3541567	0.01
3542846	0.015
3544459	0.015
3545223	0
3545911	0.005
3547217	0.005
3549028	0
3551276	0.01
3554437	0.035
3556341	0.04
3557466	0.03
3559067	0.02
3560101	0.01
3561037	0.005
3561660	0.01
3562765	0.05999999999999999
3563864	0.05
3565357	0.025
3567316	0.005
3568680	0
3570332	0.005
3572409	0.005
3574326	0
3575367	0.015
3576391	0.015
3577328	0
3578228	0
3579297	0.005
3580286	0.015
3581382	0.05
3582452	0.05499999999999999
3583246	0.05999999999999999
3584481	0.05
3584901	0.045
3585952	0.035
3587163	0.005
3587741	0.005
3588645	0.01
3589604	0.005
3590467	0
3591667	0.015
3593080	0.015
3593822	0
3594841	0.005
3595940	0.005
3597005	0
3598175	0.025
3599106	0.045
3600356	0.02
3601557	0.005
3602413	0
3603496	0
3604691	0
3605113	0
3605430	0
3606064	0.005
3607550	0.01
3608873	0.01
3609549	0.005
3610233	0.02
3611141	0.02
3612389	0.04
3613262	0.035
3614454	0.015
3615713	0.01
3616598	0.005
3617397	0.005
3618179	0.005
3618788	0.06499999999999999
3623590	0.075
3626241	0.08
3628170	0.005
3630068	0.03
3631779	0.05499999999999999
3633037	0.05999999999999999
3633839	0.05499999999999999
3635367	0.11000000000000004
3636809	0.085
3638391	0
3639552	0
3640328	0.005
3641596	0.01
3642756	0.005
3644161	0
3645806	0.005
3646975	0.005
3647902	0.02
3648704	0.02
3649579	0.025
3650449	0.04
3651682	0.04
3654244	0.04
3654948	0.03
3655542	0.02
3656135	0.005
3656574	0
3657281	0.005
3658629	0.015
3659033	0.015
3659810	0.015
3661970	0.02
3664254	0.025
3665398	0.02
3668489	0.03
3670416	0.025
3671593	0.01
3672827	0.005
3673868	0
3675447	0.005
3677320	0.005
3678803	0.005
3679883	0.015
3681192	0.015
3682804	0.005
3684604	0.015
3687436	0.035
3689708	0.035
3691419	0.03
3693927	0.05
3695597	0.05999999999999999
3696091	0.05499999999999999
3697249	0.05999999999999999
3698121	0.05499999999999999
3699053	0.06499999999999999
3700033	0.05
3701198	0.05
3702366	0.01
3703356	0
3704310	0
3705280	0.01
3706901	0.03
3709629	0.035
3711403	0.02
3712585	0.005
3713373	0.005
3713872	0.005
3715227	0.005
3716876	0.01
3717797	0.01
3718689	0.005
3719623	0
3720155	0.01
3720524	0.03
3720940	0.03
3723362	0.035
3724862	0.02
3725562	0.02
3726384	0.025
3727142	0.035
3727577	0.04
3728644	0.04
3730104	0.05
3731627	0.035
3732971	0.03
3734310	0.03
3735568	0.025
3736765	0.025
3738512	0.015
3740331	0.01
3741345	0.025
3742108	0.03
3743232	0.035
3743976	0.05
3744564	0.075
3745442	0.06499999999999999
3746587	0.06999999999999999
3747832	0.06999999999999999
3748908	0.06499999999999999
3749662	0.05499999999999999
3750433	0.09000000000000001
3751498	0.09000000000000001
3752479	0.05999999999999999
3754266	0.05999999999999999
3754648	0.05999999999999999
3755742	0.095
3757251	0.05
3758939	0.035
3760553	0.04
3761651	0.095
3768407	0.10500000000000002
3771563	0.09000000000000001
3773237	0.01
3774998	0.005
3775865	0.005
3776275	0.01
3776846	0.05999999999999999
3778226	0.05499999999999999
3779442	0
3780422	0
3781451	0
3782151	0.005
3783151	0.005
3783894	0
3784316	0
3784799	0
3786032	0
3787467	0
3788580	0.005
3789564	0.005
3790832	0
3791953	0.015
3793262	0.015
3794453	0.01
3795452	0.005
3796458	0.035
3797577	0.05999999999999999
3798775	0.05999999999999999
3799770	0.05999999999999999
3800616	0.06499999999999999
3801491	0.045
3802548	0.045
3803597	0.045
3804648	0.04
3805551	0.03
3806505	0.005
3807599	0.005
3809178	0.005
3810064	0
3810747	0.005
3811333	0.005
3811556	0
3812225	0.005
3813341	0.01
3814158	0.005
3814792	0.005
3815447	0.005
3816206	0
3817107	0.12500000000000003
3818172	0.12500000000000003
3819182	0.05499999999999999
3820329	0.01
3821739	0.01
3822243	0
3823454	0
3824859	0
3826250	0.01
3828062	0.015
3829640	0.01
3831311	0.02
3833378	0.015
3835238	0.27500000000000013
3837545	0.27000000000000013
3838709	0.10000000000000002
3839584	0.02
3840361	0.045
3841168	0.05
3842176	0.035
3843122	0.035
3844847	0.02
3846471	0.01
3847964	0
3849385	0.005
3850431	0.05999999999999999
3850947	0.05499999999999999
3851940	0.025
3853597	0.03
3854514	0.03
3855362	0.01
3855789	0.005
3856133	0.035
3856639	0.04
3857657	0.05999999999999999
3859258	0.04
3860729	0.05
3861261	0.045
3861668	0.05499999999999999
3865442	0.035
3866683	0
3867215	0
3867930	0
3868669	0.005
3869909	0.02
3871084	0.04
3872424	0.03
3873303	0.03
3874035	0.02
3874815	0.02
3875766	0.025
3876546	0.01
3877266	0.01
3878912	0.015
3880684	0.01
3881771	0.01
3883027	0.005
3884406	0.005
3884689	0
3885899	0
3887510	0.02
3889437	0.03
3890859	0.015
3892202	0.01
3893244	0.01
3894255	0.005
3894935	0.005
3895940	0.015
3897106	0.05999999999999999
3897739	0.085
3898315	0.08
3899032	0.085
3899992	0.10000000000000002
3901412	0.095
3902995	0.095
3904658	0.08
3906149	0.075
3907215	0.06499999999999999
3907979	0.01
3908994	0.01
3909918	0.01
3911005	0.06499999999999999
3912753	0.06499999999999999
3914515	0.015
3915762	0.01
3916684	0.005
3917833	0.005
3919086	0.005
3920136	0
3920653	0
3921069	0
3921643	0.005
3922250	0.01
3923368	0.005
3924688	0
3926233	0
3926774	0.005
3927651	0.01
3928877	0.01
3930345	0.02
3932250	0.035
3933560	0.025
3934530	0.025
3935770	0.04
3936723	0.05999999999999999
3937758	0.06499999999999999
3938723	0.05999999999999999
3939898	0.025
3940981	0.02
3947547	0.02
3948255	0.015
3949209	0.04
3951051	0.04
3951936	0.015
3952332	0.015
3952948	0.005
3954403	0.005
3956103	0
3957373	0
3958707	0
3959672	0.01
3960351	0.015
3961687	0.02
3963487	0.005
3964997	0
3965925	0
3967046	0.01
3967795	0.01
3968467	0.015
3969554	0.005
3970698	0.005
3971891	0.01
3973055	0.015
3974804	0.015
3975711	0.005
3976903	0.01
3978064	0.005
3979277	0
3980326	0.005
3981579	0.01
3983575	0.02
3985179	0.035
3987284	0.025
3988475	0.005
3989458	0.005
3990306	0.01
3992426	0.01
3993899	0.05499999999999999
3994623	0.05
3995174	0
3995936	0.01
3996735	0.01
3997541	0
3999064	0.025
4000674	0.04
4001901	0.09000000000000001
4002609	0.09000000000000001
4003003	0.075
4003733	0.075
4004463	0.005
4005296	0
4006775	0.005
4008067	0.015
4008749	0.015
4009681	0.01
4010600	0.01
4011525	0.01
4012339	0.01
4014183	0.08
4015761	0.075
4016811	0.03
4018046	0.03
4019232	0
4019926	0.005
4021046	0.005
4022079	0
4022475	0
4023124	0.015
4023945	0.015
4024577	0.005
4025734	0.005
4026877	0.005
4028190	0.005
4029876	0.01
4031826	0.01
4032799	0.01
4033870	0.005
4034880	0.01
4041169	0.005
4041707	0.005
4042203	0.005
4042908	0
4043731	0.015
4044914	0.02
4046136	0.02
4046814	0.02
4048359	0.015
4050449	0.01
4051601	0.005
4052731	0.005
4053702	0
4054573	0.005
4055814	0.015
4057329	0.01
4059318	0.025
4060802	0.03
4061655	0.045
4062879	0.06999999999999999
4063949	0.06999999999999999
4068258	0.06499999999999999
4069938	0.06999999999999999
4071135	0.05999999999999999
4072212	0.06999999999999999
4073123	0.06499999999999999
4074187	0.05999999999999999
4075061	0.05499999999999999
4075852	0.03
4076582	0.005
4077233	0
4077967	0.11000000000000004
4078902	0.12500000000000003
4079400	0.14000000000000004
4079848	0.04
4080060	0.03
4080763	0.04
4081542	0.01
4082308	0.005
4083979	0.005
4085528	0.005
4086432	0.03
4087529	0.05
4088981	0.05
4090390	0.05499999999999999
4091640	0.06499999999999999
4092600	0.06999999999999999
4093281	0.06999999999999999
4093860	0.025
4095352	0.02
4096713	0.02
4098154	0.03
4099025	0.03
4100008	0.035
4101120	0.025
4102181	0.01
4103159	0.01
4104288	0.01
4105321	0.005
4106070	0.095
4106920	0.10500000000000002
4107369	0.015
4108033	0.015
4109328	0.01
4110307	0.01
4111123	0.005
4111914	0.005
4112535	0.005
4113116	0.005
4113507	0.005
4114099	0.005
4115074	0.005
4116468	0.005
4117667	0.015
4118640	0.025
4119087	0.015
4119886	0.01
4121081	0.015
4122022	0.01
4122807	0.005
4123943	0.02
4125711	0.02
4127119	0.085
4127590	0.085
4128236	0.03
4129252	0.015
4131051	0.045
4133061	0.05
4134925	0.015
4136560	0.02
4137348	0.02
4138483	0.02
4139377	0.025
4140970	0.03
4143069	0.02
4143784	0.025
4145143	0.035
4146697	0.03
4147308	0.01
4147891	0.015
4149398	0.015
4151772	0.01
4154271	0.015
4155503	0.015
4156401	0.01
4157536	0.02
4158948	0.015
4160090	0.02
4161419	0.02
4161950	0.005
4162720	0.025
4164561	0.025
4165856	0.05
4172571	0.05499999999999999
4173564	0.025
4174539	0.04
4177549	0.04
4178015	0.025
4178661	0.025
4179231	0.025
4180244	0.025
4180742	0.03
4183259	0.03
4187461	0.045
4190055	0.04
4191301	0.04
4192250	0.035
4192737	0.035
4193198	0.03
4193886	0.025
4195151	0.025
4196570	0.025
4197289	0.03
4198248	0.03
4199125	0.04
4199799	0.035
4200417	0.03
4200943	0.025
4201475	0.035
4202624	0.05
4203982	0.045
4205286	0.03
4206737	0.085
4213425	0.075
4213901	0.06999999999999999
4214744	0.03
4216278	0.015
4217761	0.01
4219464	0.02
4221394	0.015
4223216	0.02
4225669	0.025
4228546	0.03
4229797	0.045
4230790	0.04
4231495	0.06999999999999999
4232558	0.06499999999999999
4234582	0.025
4236027	0.015
4236581	0.015
4237265	0.01
4238682	0.025
4240530	0.03
4241516	0.015
4243071	0.015
4244303	0
4245824	0.01
4246559	0.015
4247341	0.015
4248641	0
4250014	0.02
4250525	0.03
4250800	0.035
4251619	0.03
4252754	0.02
4253452	0.005
4255254	0.005
4256821	0.005
4257419	0
4258458	0
4259341	0
4259745	0.015
4260448	0.02
4260952	0.04
4262187	0.035
4262961	0.005
4263739	0.035
4265021	0.05
4266321	0.03
4267710	0.05499999999999999
4268910	0.05
4269770	0.05499999999999999
4270446	0.005
4270836	0.01
4272460	0.005
4274393	0.025
4274900	0.025
4276264	0.015
4277221	0.025
4277701	0.025
4279153	0.015
4280804	0.025
4282429	0.015
4284077	0.015
4285056	0.01
4286392	0.015
4288482	0.015
4289528	0.01
4290143	0
4290954	0.005
4292359	0.005
4293354	0
4293841	0
4295137	0
4296780	0.005
4298058	0.01
4299156	0.01
4300297	0.02
4302052	0.03
4303593	0.025
4304265	0.025
4305604	0.05
4307334	0.045
4308130	0.04
4308979	0.05999999999999999
4310214	0.06499999999999999
4311574	0.05499999999999999
4312546	0.05
4313574	0.05
4314032	0.045
4314723	0.025
4315321	0.02
4315803	0.02
4316650	0.02
4317555	0.015
4318385	0.01
4319183	0.025
4320131	0.025
4320955	0.02
4321470	0.01
4322059	0.015
4322627	0.015
4323844	0.02
4324771	0.02
4325519	0.01
4326566	0.015
4328249	0.025
4329799	0.025
4331253	0.02
4332160	0
4332731	0
4333616	0
4334768	0.005
4336362	0.01
4337548	0.02
4339389	0.04
4341174	0.03
4342588	0.04
4344085	0.035
4345243	0.035
4346503	0.01
4348074	0.015
4349674	0.015
4350846	0.015
4351958	0.04
4352221	0.05
4352732	0.05
4352994	0.025
4353958	0.035
4355682	0.04
4357543	0.045
4359364	0.05999999999999999
4361165	0.15500000000000003
4363020	0.14000000000000004
4364193	0.01
4365187	0.01
4366122	0.01
4367609	0.01
4368902	0.015
4369784	0.015
4370834	0.01
4371848	0.01
4372985	0.015
4373799	0.02
4375143	0.02
4375982	0.025
4376379	0.025
4376626	0.025
4377033	0.015
4377455	0.02
4378377	0.035
4379186	0.035
4379574	0.03
4380150	0.03
4381414	0.04
4383131	0.04
4384612	0.04
4385550	0.04
4385867	0.035
4387708	0.03
4389876	0.015
4390983	0.015
4391876	0.015
4393497	0.02
4394847	0.025
4395815	0.03
4396733	0.025
4398335	0.03
4399727	0.03
4400442	0.03
4401312	0.03
4402667	0.03
4403802	0.025
4404484	0.03
4405336	0.03
4406402	0.025
4407874	0.025
4409640	0.04
4410333	0.045
4410902	0.045
4411631	0.04
4412178	0.05499999999999999
4412706	0.05499999999999999
4413609	0.05499999999999999
4415087	0.04
4416154	0.035
4416605	0.035
4417326	0.035
4418075	0.04
4419093	0.045
4420678	0.045
4421545	0.04
4421940	0.04
4422511	0.05
4423273	0.045
4424043	0.035
4424653	0.04
4425315	0.04
4425677	0.035
4425952	0.04
4426332	0.14500000000000005
4427025	0.16500000000000006
4427932	0.16000000000000006
4428398	0.05499999999999999
4429245	0.04
4430570	0.05999999999999999
4431652	0.05999999999999999
4432573	0.04
4433594	0.045
4434303	0.05499999999999999
4435593	0.04
4437125	0.045
4438176	0.015
4438985	0.015
4439690	0.01
4440543	0.01
4441857	0.005
4443248	0.01
4446001	0.01
4448064	0.03
4448572	0.03
4448885	0.03
4449387	0.035
4450440	0.02
4451809	0.035
4453085	0.03
4454080	0.01
4455110	0.005
4456471	0.005
4457589	0.005
4458635	0.005
4459704	0.005
4460132	0.005
4461591	0.02
4463881	0.025
4465469	0.015
4466772	0.015
4468973	0.02
4470720	0.02
4471216	0.005
4471927	0.04
4473011	0.05
4473696	0.05
4474420	0.045
4475088	0.06999999999999999
4476344	0.05
4478681	0.05
4479285	0.01
4480328	0.02
4482409	0.025
4484058	0.02
4485195	0.015
4486778	0.02
4487859	0.025
4489312	0.05499999999999999
4490640	0.05
4491865	0.05499999999999999
4492969	0.0715359477124183
4493890	0.0765359477124183
4494904	0.06653594771241829
4495699	0.5898284785953071
4496624	0.5998284785953071
4499798	0.6048284785953071
4500258	0.6500368119286405
4500611	0.6465727596410588
4502767	0.6466232646915638
4504666	0.6516232646915638
4505846	0.6416737697420689
4506510	0.6266737697420689
4506801	0.691673769742069
4510004	0.7471283151966147
4511936	0.5971283151966146
4512910	0.5871283151966145
4513857	0.5771283151966143
4515515	0.5771283151966143
4517240	0.5821283151966145
4517974	0.7471788202471198
4519831	0.7612871005018969
4521345	0.7712871005018969
4525409	0.7662871005018969
4526497	0.7462871005018968
4527221	0.7513883682620173
4527764	0.7715903884640376
4528514	0.6710604699899563
4531090	0.6711894481743674
4532810	0.6712415111705928
4533511	0.666165904401319
4533924	0.7206145676150222
4535523	0.7959926813677617
4537104	0.7969148060606267
4538212	0.6849463210095333
4539143	0.6215579378663958
4541258	0.6334541401380017
4542335	0.6604518401049873
4543389	0.5780330737851436
4544018	0.6052360635725114
4544666	0.6057874124103052
4548536	0.594976285715588
4549259	0.5231190454281105
4550624	0.5081190454281106
4552228	0.4558196617751359
4553631	0.4347537415342223
4554480	0.4347537415342223
4554986	0.4688140237417868
4555905	0.46900665866749136
4556624	0.4635767213731473
4557189	0.4637069710183005
4557833	0.4408811824487948
4558940	0.4236726438609459
4559769	0.42952059707732015
4560338	0.44128530295967305
4561207	0.4768234827286219
4562086	0.47692791046462857
4563228	0.447518232480832
4563796	0.4416010727175184
4564305	0.42973324992155193
4565274	0.44192837187277145
4566606	0.4668178995230354
4567903	0.5352824302896692
4571833	0.6427411250204734
4573172	0.6243371667397701
4575495	0.6256264749158708
4577435	0.6207827493337486
4578656	0.6405922161826889
4579669	0.45013845012405534
4580765	0.4321873109028338
4582253	0.438570997711338
4585005	0.3073459115033019
4587406	0.2894879193875336
4588387	0.2204316018033748
4588977	0.04165035971947664
4590204	0.08196416345609916
4592484	0.14296009089038275
4594041	0.10327616873602276
4595394	0.123871350597147
4596501	0.0765287316437581
4598295	0.043050547499762046
4599942	0.005208333333333333
4600606	0.012250586854460094
4601247	0.012250586854460094
4601860	0.005208333333333333
4602473	0.01240257793764988
4603839	0.019648954749244083
4604498	0.019753980217920235
4605269	0.019860544582796624
4605922	0.02743136848437551
4607184	0.03489405505153969
4608009	0.012671019900497512
4608408	0.005208333333333333
4608984	0.04337627226463104
4610208	0.03816793893129771
4611698	0
4612208	0
4612947	0
4613870	0
4615111	0.032
4616290	0.032
4617712	0.03226016260162602
4618890	0.016260162601626018
4620214	0.008130081300813009
4621242	0.016807909604519774
4622434	0.02521127094905759
4623609	0.03368584722024403
4624467	0.01702158481819499
4625379	0.01702158481819499
4626603	0.008695652173913044
4627931	0.06148387272529149
4628664	0.07048733559562623
4629688	0.061715405771064824
4631701	0
4632938	0
4633489	0
4634120	0.00925925925925926
4634875	0.00925925925925926
4635757	0.00925925925925926
4636351	0.009523809523809525
4637408	0.028754578754578757
4638854	0.03864824495892457
4639948	0.02903286034353995
4641285	0
