organism=Escherichia_coli_300_genomes	genome=GCF_000005845.2_ASM584v2	contig=NC_000913.3	method=by strains complexity
position	complexity
1568	0
3267	0
4377	0.2
5382	0.30000000000000004
6071	0.5
7244	0.2
8714	0
9599	0
10211	0
10999	0
11584	0.2
13121	0.2
14733	1.0999999999999999
18072	0.9999999999999999
19170	2.0000000000000004
20946	2.0000000000000004
21877	0.1
23799	0.1
25454	0
26050	0
26752	0.30000000000000004
27750	0.5
28784	0.30000000000000004
30225	0.1
32427	0.5
34497	0.4
35076	0.1
35769	0.2
37047	0.30000000000000004
38506	0.30000000000000004
39815	0.30000000000000004
41174	0.30000000000000004
42788	0.30000000000000004
43658	0.2
44823	0
45606	0
46472	0.2
47511	0.30000000000000004
48700	0.30000000000000004
50007	0.6
50801	0.5
51417	0
52019	0
52921	0.1
54059	0.2
55932	0.1
57771	0.2
58799	0.30000000000000004
59200	0.30000000000000004
60016	0.4
61811	0.2
64604	0.2
66202	0.1
67586	0.1
69198	0.2
70826	0.7999999999999999
71733	0.7
72578	0.1
73716	0.30000000000000004
74988	0.6
76471	0.5
77453	0.30000000000000004
78210	0.30000000000000004
79150	0.4
80164	0.2
81412	0.2
82743	0.30000000000000004
84840	0.4
86492	0.30000000000000004
87602	0.2
88530	0.2
89863	0.1
90564	0.1
91214	0.30000000000000004
92296	0.2
93909	0.2
95329	0.1
96543	0.1
97745	0.1
99025	0
100177	0
101502	0
102693	0
103570	0
104613	0
105880	0
107015	0.1
107923	0.2
109631	0.5
111238	0.30000000000000004
111747	0.1
112227	0
112909	0.2
113965	0.30000000000000004
115123	0.30000000000000004
116406	0.4
117329	0.4
118198	0.30000000000000004
119008	0.1
119708	0.2
120863	0.30000000000000004
122474	0.1
124348	0.1
126641	0.1
128624	0.1
130333	0.30000000000000004
132913	0.2
134569	0.2
135185	0.1
136031	0
136724	0.1
137858	0.2
140030	0.30000000000000004
141699	0.30000000000000004
142339	0
143242	0
144087	0
144797	0
145695	0.1
146504	0.1
147419	0.4
148369	0.30000000000000004
149204	0.5
150334	0.7999999999999999
151301	0.9999999999999999
151928	0.6
152527	0.6
154127	0.8999999999999999
155831	0.8999999999999999
156591	0.5
157492	0.30000000000000004
158411	0
159649	0.1
160376	0.1
161134	0.2
161766	0.2
163319	0.2
165997	0.8999999999999999
168605	0.7
170176	0.30000000000000004
171020	0.30000000000000004
172453	0.30000000000000004
174242	0.2
175817	0
176782	0
177312	0.1
178062	0.1
178804	0.2
179995	0.1
181596	0.1
183041	0.4
183902	0.6
184628	0.2
185535	0.30000000000000004
187314	0.1
189109	0.1
190236	0
191282	0
192217	0
193150	0.1
194119	0.1
195285	0.1
195740	0.1
196159	0.1
197222	0.2
199144	0.2
200724	0.1
201483	0
202328	0
202954	0
203922	0
204791	0.1
206867	0.1
209100	0.30000000000000004
210749	0.30000000000000004
212071	0.30000000000000004
212980	0.2
213808	0.2
214025	0.30000000000000004
214563	0.30000000000000004
215044	0.1
215624	0.30000000000000004
216591	0.2
217916	0.30000000000000004
219240	0.2
219793	0.2
220520	0.1
221294	0.30000000000000004
222129	0.4
223120	1.5000000000000002
229568	1.4000000000000001
230424	1.0999999999999999
231532	0.1
232237	0.1
233207	0.1
234404	0.1
235177	0
235768	0
236428	1.9000000000000006
237727	4.200000000000001
238496	4.6
238915	10.799999999999978
239804	10.699999999999978
240593	0.1
242081	0.2
243832	0.2
244710	0
245435	0.2
246100	0.2
246372	0.30000000000000004
247148	1.0999999999999999
247885	1.2
249227	3.5000000000000018
250509	3.3000000000000016
251425	1.2
252151	0.8999999999999999
252500	0.7999999999999999
252974	0.6
253600	0.4
253952	0.6
254987	0.5
256206	0.2
257149	0.2
258870	3.1000000000000014
259572	3.5000000000000018
260939	4.6
262129	10.399999999999979
263160	10.999999999999977
265423	12.399999999999972
269735	5.899999999999995
273419	6.299999999999994
275203	1.7000000000000004
276014	0.7
277181	0.7
278279	0.7999999999999999
278995	1.2
281400	0.9999999999999999
286086	0.4
287594	0.30000000000000004
288783	0.30000000000000004
291865	0.2
293569	0.2
294372	0.5
295030	0.7
295359	0.6
296358	0.5
297586	0.9999999999999999
298248	0.6
299835	0.4
301409	0.30000000000000004
302228	0.7
303298	0.8999999999999999
304850	0.8999999999999999
305995	0.30000000000000004
308069	0.1
309692	0.30000000000000004
310377	0.4
311017	0.6
312444	0.7999999999999999
312647	0.6
313191	2.400000000000001
314800	2.600000000000001
316793	1.6000000000000003
318022	0.8999999999999999
319338	0.6
320654	0.30000000000000004
321967	0.30000000000000004
323051	0.30000000000000004
324105	0.30000000000000004
325030	1.3
326412	1.5000000000000002
327997	0.5
329040	0.5
330479	0.8999999999999999
332915	1.0999999999999999
333967	0.7
334773	0.6
335582	0.5
336356	0.5
337551	0.7
339034	0.7999999999999999
339929	0.6
340640	0.7999999999999999
341816	0.9999999999999999
343408	0.9999999999999999
344583	0.5
345982	0.5
346621	0.4
347650	0.30000000000000004
349127	0.5
349741	0.4
350596	0.30000000000000004
351940	0.30000000000000004
353649	0.5
355551	0.4
356812	0.30000000000000004
358240	0.2
359128	0.1
359724	0.5
360555	0.7
361554	0.7999999999999999
362552	0.7999999999999999
364768	1.2
366973	1.7000000000000004
368003	1.0999999999999999
369443	0.4
370749	0.6
371672	0.5
372519	0.30000000000000004
373396	0.2
374374	0.1
376064	1.3
377041	1.5000000000000002
377951	1.4000000000000001
379016	1.4000000000000001
379743	3.800000000000002
380455	4.100000000000001
381065	3.0000000000000013
383337	3.0000000000000013
383994	2.700000000000001
384337	2.800000000000001
385713	0.5
386590	0
387384	0
388220	0.1
389240	0.9999999999999999
394817	0.8999999999999999
395708	0.5
396383	0.30000000000000004
397249	0.30000000000000004
398419	0.30000000000000004
399179	0.1
399699	0
400376	0
401516	0.2
402454	0.2
403441	0.2
404260	0.2
405239	0.30000000000000004
405993	0.30000000000000004
406667	0
407074	0
407766	0
408319	0.5
408687	0.5
409596	0.5
410598	0.30000000000000004
411931	0.4
414180	0.2
416351	0.1
417486	0
418536	0.1
420250	0.2
421672	0.2
423423	0.5
424627	0.6
425546	0.2
426700	0.1
427453	0.2
428587	0.2
429990	0.2
430778	0.1
431571	0.2
432581	0.5
433226	0.4
434006	0
434882	0
435346	0
436122	0
436848	0.30000000000000004
437648	0.30000000000000004
439246	0.1
440651	0.1
441222	0
442273	0.1
443346	0.2
444059	0.2
444928	0.4
445984	0.7
447260	0.7
447881	0.2
448353	0.1
449645	0.1
451136	0.1
452807	0.1
453878	0
454632	0
455782	0
456988	0.1
458063	0.2
460065	0.1
461587	0
462850	0.2
464122	0.30000000000000004
464601	0.1
465199	0.1
466462	0.4
467821	0.6
468612	0.30000000000000004
469757	0.30000000000000004
471526	0.1
472767	0.2
473609	0.1
474731	0.1
475665	0.2
476137	0.5
476848	0.5
477842	0.30000000000000004
479016	0.30000000000000004
479642	0.1
480199	0.1
480521	0.2
485022	0.4
486084	0.30000000000000004
488217	0.2
490190	0.1
490548	0
491070	0
491687	0
493057	0.1
494240	0.1
494707	0
496057	0
497497	0
498536	0
499493	0.1
500777	0.1
502400	0.1
504086	0.5
505740	0.5
506842	0.4
507683	0.4
508388	0.5
510127	0.4
512107	0.4
513222	0.6
514196	0.9999999999999999
514630	0.6
515314	0
516257	0.2
516972	0.2
517852	0.1
518725	0.2
519435	0.9999999999999999
520076	1.0999999999999999
521623	1.8000000000000005
527765	1.8000000000000005
528770	1.7000000000000004
529830	1.5000000000000002
530679	0.6
531758	0.30000000000000004
532692	0.30000000000000004
533418	0.2
534806	0.5
536098	0.6
537025	0.7
538360	0.7
539827	0.7
541215	0.6
542460	0.4
543653	0.4
544674	0.5
545838	0.5
547513	0.5
548986	0.2
550034	0
550885	0
552060	0
552845	0.1
553579	0.1
554190	0
555303	0
556292	0
556767	0.7999999999999999
557308	2.600000000000001
558483	2.700000000000001
559320	7.699999999999989
560998	8.499999999999986
562830	8.599999999999985
563587	6.799999999999992
564164	15.399999999999961
565396	25.30000000000009
566229	27.700000000000124
566731	23.600000000000065
568481	17.999999999999986
569665	14.299999999999965
571168	11.899999999999974
571852	12.79999999999997
572693	7.699999999999989
573006	5.599999999999996
573229	7.29999999999999
573552	5.999999999999995
573801	7.999999999999988
574147	9.399999999999983
574590	8.199999999999987
576291	11.799999999999974
577861	12.69999999999997
578746	14.999999999999963
579983	13.09999999999997
582367	10.599999999999978
584055	3.800000000000002
585156	3.4000000000000017
586527	2.3000000000000007
587536	0.7
589468	0.9999999999999999
592059	4.200000000000001
594049	4.200000000000001
595101	0.4
596286	0.4
597297	0.5
598090	0.30000000000000004
600285	0.2
602647	0.30000000000000004
604039	0.30000000000000004
605097	0.7
605702	0.7999999999999999
606075	0.7
606824	1.8000000000000005
607862	1.3
609830	1.2
611374	0.2
613338	0.1
614051	0
616097	0.2
618820	0.6
620692	0.6
621687	0.30000000000000004
622925	0.30000000000000004
624032	0.2
625472	0.1
626875	0
628122	0
628924	0
629506	0.2
630946	0.4
632280	0.30000000000000004
632933	0.1
634166	0.5
635061	0.6
635959	0.7999999999999999
637167	0.7
638200	0.30000000000000004
639226	0.1
640520	0
641653	0.30000000000000004
642707	0.4
643374	0.30000000000000004
643762	0.30000000000000004
644600	0
645848	0
647070	0
647759	0
648805	0
650036	0.1
650635	0.1
651327	0.2
653064	0.30000000000000004
654202	0.4
655275	0.30000000000000004
656837	0.30000000000000004
657396	0
657746	0.1
658144	0.1
658536	0.1
659048	0
659733	0.1
660901	0.1
661957	0.1
662510	0.1
663393	0.2
664646	0.1
665757	0.1
667266	0
668481	0
668877	0
669601	0
670251	0
671089	0
671895	0.1
673492	0.1
675259	1.2
677064	1.4000000000000001
678128	1.8000000000000005
679861	2.0000000000000004
680937	1.8000000000000005
682558	1.5000000000000002
683944	0.5
684892	0.2
685592	0.2
686299	0.1
687293	0.2
690112	0.30000000000000004
691345	0.2
692107	0.1
692877	0
694243	0
695688	0.1
698345	0.2
699950	0.1
700984	0
702177	0
703211	0
704917	0.4
705921	0.4
706925	0.7
709037	0.30000000000000004
709953	0.1
710423	0.2
711200	0.2
711786	0
712420	0
713259	0
714378	0.2
715659	0.4
716492	0.6
717605	0.7999999999999999
719361	0.9999999999999999
720711	0.7999999999999999
721394	0.5
723072	0.7
724693	0.8999999999999999
726012	3.600000000000002
727895	3.600000000000002
729237	4.999999999999998
733939	5.1999999999999975
735934	4.899999999999999
736572	4.5
739255	1.9000000000000006
740216	0.7
741815	0.1
743198	0.2
743921	1.0999999999999999
744709	1.2
745532	1.0999999999999999
746330	1.0999999999999999
747246	1.8000000000000005
748451	2.0000000000000004
749343	1.4000000000000001
753826	1.4000000000000001
754727	0.1
755364	0.1
755733	0.2
756790	0.2
758047	0.30000000000000004
760106	0.2
762130	0
763597	0.1
764614	1.5000000000000002
767002	1.7000000000000004
769294	1.8000000000000005
772242	1.7000000000000004
773611	0
774252	0
774455	0
774954	0
775499	0.1
776063	0.1
776974	0
778386	0
779327	0
779993	0.1
782606	0.1
783525	0.1
784352	0.1
785127	0.1
786159	0
787219	0
788317	0.1
789405	0.2
790506	0.2
791547	0.1
793052	0
794250	0
794847	0
795475	0
796206	0
797083	0
798022	0
799083	0.1
800098	0.5
801285	0.6
802603	0.7
804633	0.7
806639	7.599999999999989
807671	7.899999999999988
808612	0.30000000000000004
809864	0.1
810958	0.2
811899	0.2
812608	0.30000000000000004
814536	0.2
816193	0.2
817538	0.2
818311	0.1
818812	0
819170	0
819521	0
820236	0.6
821149	0.7
822020	0.30000000000000004
823118	0.1
824116	0.1
824835	0.1
825555	0.2
826685	0.2
828113	0.30000000000000004
829471	0.1
830307	0.2
831554	1.0999999999999999
832692	1.3
834077	1.3
835729	0.6
836893	0.5
837795	0.4
838323	0.2
838867	0.4
840390	0.4
841926	0.30000000000000004
842795	0.1
844367	0.2
846102	0.1
846789	0
847631	0.1
848659	0.2
849653	0.2
850707	0.30000000000000004
851805	0.1
852933	0.30000000000000004
853416	0.30000000000000004
854206	0.1
855284	0.30000000000000004
856759	0.8999999999999999
858428	0.8999999999999999
859620	0.5
861390	0.2
863061	0.2
863973	0.1
864754	0
865746	0.30000000000000004
867050	0.5
868455	0.7
870180	0.5
871427	0.2
872345	0.1
874153	0.2
875999	0.4
877372	0.2
878439	0.1
879299	0.2
880167	0.2
881328	0.2
882355	0.2
883090	0.30000000000000004
884289	0.2
885085	0
885723	0.2
886694	0.2
887691	5.699999999999996
888976	5.699999999999996
890277	0.2
890624	0.1
891056	0.1
891545	0.1
892418	0.2
893195	0.2
894340	0.1
895557	0.30000000000000004
896610	0.30000000000000004
897506	0.2
898233	0.2
899081	0.2
900209	0.4
901200	0.2
901892	0
902622	0
903370	0.1
904209	0.5
904754	0.5
905328	0.30000000000000004
906246	0.30000000000000004
907567	0.30000000000000004
908793	0.2
910190	0.30000000000000004
911666	0.30000000000000004
912988	0.1
914407	0.4
915699	0.6
917302	0.6
918624	0.5
919792	0.4
921320	0.5
922478	1.9000000000000006
923073	1.9000000000000006
924402	2.2000000000000006
926334	2.1000000000000005
927080	0.2
928334	0.4
930079	0.30000000000000004
931567	0.2
932842	0.30000000000000004
935218	0.2
937677	0.2
938665	0.1
940074	1.0999999999999999
942181	1.3
943722	9.89999999999998
944464	9.89999999999998
945244	9.799999999999981
946445	9.89999999999998
947944	10.499999999999979
949114	10.599999999999978
949963	0.7999999999999999
950710	2.1000000000000005
952413	1.8000000000000005
954037	0.6
955752	0.4
957108	0.2
958197	0.2
959453	0.8999999999999999
960646	0.9999999999999999
961542	0.2
962831	0.1
963970	0.2
965452	0.30000000000000004
967495	0.5
968859	0.30000000000000004
970005	0.30000000000000004
970764	0.2
971225	0
972198	0
973011	0
973929	0
974980	0
975974	0.2
978556	0.4
981970	0.30000000000000004
983349	0.1
983973	0.1
985114	0.2
986438	0.4
988285	0.4
989755	0.30000000000000004
991928	0.5
993660	0.8999999999999999
994436	0.6
995415	0.7999999999999999
996464	1.4000000000000001
997224	4.4
998137	5.1999999999999975
998840	4.999999999999998
1002342	4.799999999999999
1003160	4.899999999999999
1004312	3.1000000000000014
1005273	0.1
1006223	0
1007045	0.1
1008898	0.1
1010917	0
1012627	0.1
1014079	0.1
1015177	0.1
1015798	0
1016265	0.1
1017419	0.1
1018711	0.2
1019533	0.1
1020664	0.1
1021452	0.2
1022811	0.1
1024125	0
1025498	0
1026786	0.2
1027442	0.2
1028152	0.1
1028562	0.1
1029366	0.1
1030203	0
1030503	0
1031088	3.2000000000000015
1032698	3.3000000000000016
1034150	0.7999999999999999
1035419	0.7999999999999999
1036063	0.7
1036553	0.7999999999999999
1037177	0.2
1038512	0.30000000000000004
1039864	0.30000000000000004
1040491	0.30000000000000004
1041266	0.30000000000000004
1043120	0.2
1044453	0.7999999999999999
1046897	0.7
1048318	0.30000000000000004
1049010	0.30000000000000004
1049591	0.5
1051567	0.6
1052153	0.4
1052825	0.7
1054783	1.7000000000000004
1056775	1.6000000000000003
1057608	0.5
1058670	0.6
1060529	0.30000000000000004
1062098	0.2
1062702	0
1063315	0.4
1064664	0.4
1066205	0.4
1066977	0.2
1067410	2.400000000000001
1068167	3.1000000000000014
1069175	2.0000000000000004
1070107	0.7999999999999999
1070660	0.7
1071365	0.6
1071966	0.4
1072518	0.1
1073408	0.1
1074561	0.30000000000000004
1076901	0.4
1079041	0.4
1080059	0.7999999999999999
1081411	0.5
1081825	0.5
1082806	0
1084011	0.30000000000000004
1085524	0.30000000000000004
1086312	0.2
1087183	0.4
1088848	0.7
1091077	1.0999999999999999
1093555	3.600000000000002
1095684	3.5000000000000018
1096336	6.099999999999994
1098355	6.299999999999994
1099247	0.6
1099917	0.2
1100526	0.1
1101267	0.30000000000000004
1101919	0.2
1102346	0.2
1102871	0.4
1104178	0.5
1104674	0.30000000000000004
1105127	0.30000000000000004
1105569	0.2
1106086	0.2
1107035	0.1
1108362	0.30000000000000004
1110119	0.5
1112149	0.2
1113692	0.1
1113994	0.30000000000000004
1114877	0.30000000000000004
1116122	0.30000000000000004
1117333	0.2
1118188	0.2
1118763	0.2
1119363	0.1
1120027	0.1
1120828	0.2
1121364	0.2
1122084	0.30000000000000004
1122993	0.1
1123730	0
1124722	0.1
1125854	0.1
1126480	0.2
1127267	0.1
1128606	0
1129622	0.1
1129981	0.1
1130533	0.1
1131226	0.1
1131640	0
1132201	0.1
1133178	0.2
1134179	0.30000000000000004
1135120	0.2
1135913	0.2
1136822	0.2
1137841	0.2
1139199	0.2
1140509	0.4
1142774	0.4
1145419	0.2
1146322	0
1147054	0
1147453	0
1148171	0
1149235	0.2
1150192	0.2
1151037	0
1151733	0
1152559	0.1
1153704	0.1
1154623	0.1
1155444	0.2
1156264	0.2
1157175	0.30000000000000004
1158585	0.6
1160456	0.5
1162064	0.30000000000000004
1162435	0
1162958	0
1163672	0
1164607	0
1165414	0.1
1166737	0.4
1167868	0.4
1168547	0.1
1169201	0.2
1169891	0.2
1172265	0.2
1174628	0.2
1176026	0.30000000000000004
1176969	0.2
1177945	0.2
1179048	0.30000000000000004
1179939	1.0999999999999999
1180873	0.7999999999999999
1181494	0.6
1182306	0.4
1183223	7.499999999999989
1184045	7.499999999999989
1185026	0.5
1186457	0.5
1187679	3.3000000000000016
1189046	3.3000000000000016
1190111	0.30000000000000004
1191301	0.30000000000000004
1192310	0
1193220	0.1
1194057	0.2
1194624	3.4000000000000017
1195748	6.999999999999991
1197199	6.699999999999992
1197880	6.5999999999999925
1199141	6.099999999999994
1200242	8.299999999999986
1200909	10.799999999999978
1201667	9.699999999999982
1201930	10.699999999999978
1202596	13.199999999999969
1203124	13.699999999999967
1203546	7.499999999999989
1203991	8.299999999999986
1204853	8.499999999999986
1205640	4.699999999999999
1205967	5.4999999999999964
1206547	4.000000000000002
1207205	4.999999999999998
1210762	4.6
1211495	4.6
1213693	4.200000000000001
1214869	0.6
1215907	0.6
1216502	0.4
1216872	0.6
1218089	0.8999999999999999
1219092	1.5000000000000002
1220361	1.6000000000000003
1222469	1.0999999999999999
1222786	0.7
1224412	0.6
1224955	0
1225732	0.1
1226784	0.1
1227271	0.2
1227860	0.2
1228408	0
1229053	0.2
1229938	0.30000000000000004
1230976	0.5
1231820	0.30000000000000004
1232765	0.2
1233946	0
1235297	0.1
1236475	0.30000000000000004
1238220	0.2
1239414	0.8999999999999999
1241203	0.9999999999999999
1242623	0.1
1243485	0.1
1244160	0
1244855	0.7999999999999999
1245380	0.8999999999999999
1246527	0.7999999999999999
1248405	0.2
1249441	0.4
1250303	0.6
1252025	2.3000000000000007
1254518	2.500000000000001
1256386	2.400000000000001
1257266	2.400000000000001
1258221	0.2
1258930	0.2
1259950	0.2
1261434	0.2
1262451	0
1263188	0
1264342	0
1265553	0
1266510	0
1267120	0
1267724	0
1268592	0.5
1271299	0.6
1272234	0.1
1272844	0
1273422	0
1274481	0.1
1275504	0.1
1276720	0.1
1277753	0
1278652	0.2
1281735	0.30000000000000004
1284373	0.30000000000000004
1285494	0.1
1286187	0.7999999999999999
1288203	0.8999999999999999
1288903	0.2
1289678	1.5000000000000002
1290748	1.9000000000000006
1291911	1.8000000000000005
1292715	1.8000000000000005
1293835	2.3000000000000007
1294721	2.9000000000000012
1295229	1.8000000000000005
1296783	1.0999999999999999
1298921	0.7999999999999999
1299349	0.9999999999999999
1301975	1.4000000000000001
1303359	0.5
1304288	0.4
1305260	0.2
1306266	0
1306985	0
1307915	0.7
1309642	1.3
1310717	2.3000000000000007
1311441	1.2
1312047	0.4
1312620	0.6
1313291	0.6
1314339	8.899999999999984
1314971	8.499999999999986
1315520	4.4
1315945	4.4
1316819	2.700000000000001
1317818	1.0999999999999999
1319106	0.1
1320586	0
1322165	0.1
1323660	0.1
1324408	0.30000000000000004
1325693	0.4
1327289	0.6
1328062	0.2
1328733	0
1329856	0.1
1330542	0.1
1332346	0.2
1334342	0.30000000000000004
1335224	0.2
1335374	0.5
1335619	0.4
1337168	0.4
1338865	0.1
1339712	0
1340397	0
1341142	0
1342259	0
1342821	0.1
1343219	0.30000000000000004
1343971	0.30000000000000004
1344522	0.30000000000000004
1345749	0.6
1347945	0.5
1349543	0
1350645	0.8999999999999999
1352231	0.9999999999999999
1353132	0.2
1354073	0.2
1354987	0.2
1356288	0.2
1357545	0.30000000000000004
1358494	0.30000000000000004
1360199	0.4
1361508	0.30000000000000004
1362189	0.2
1363486	0.30000000000000004
1364872	0.2
1366182	0
1367423	0.1
1368413	0.1
1368913	0
1369204	0.1
1369503	0.1
1369846	0.4
1371055	0.5
1372555	0.5
1373662	0.4
1374511	0.4
1375489	0.6
1376428	0.6
1377359	0.5
1379017	0.4
1380477	0.6
1381305	0.6
1382399	0.30000000000000004
1383462	0
1384815	0.1
1386041	0.1
1387490	0.4
1388558	0.8999999999999999
1389412	0.7999999999999999
1390234	0.8999999999999999
1390771	1.4000000000000001
1391393	1.5000000000000002
1392440	1.5000000000000002
1394033	0.7999999999999999
1395406	0.30000000000000004
1397493	0.2
1398147	0.2
1399150	0.30000000000000004
1399978	1.0999999999999999
1401010	1.3
1402532	1.2
1403910	0.9999999999999999
1405195	1.0999999999999999
1406260	1.3
1407179	0.6
1408541	0.7
1409394	0.8999999999999999
1410197	0.9999999999999999
1411480	3.700000000000002
1413344	3.700000000000002
1413635	4.999999999999998
1414388	4.699999999999999
1417625	2.700000000000001
1417923	4.000000000000002
1418118	7.699999999999989
1418853	8.099999999999987
1419389	8.999999999999984
1420003	8.899999999999984
1420513	12.599999999999971
1420895	10.29999999999998
1421547	7.699999999999989
1422356	7.699999999999989
1423032	8.599999999999985
1424527	7.799999999999988
1425508	6.499999999999993
1425800	7.999999999999988
1426968	10.699999999999978
1429914	10.799999999999978
1435402	8.799999999999985
1436326	0.7
1439022	0.7
1441191	0.5
1441532	0.2
1442348	0.30000000000000004
1444370	0.4
1445779	0.2
1446043	0.6
1446830	0.8999999999999999
1448268	0.9999999999999999
1450212	0.8999999999999999
1452619	0.7999999999999999
1454391	0.30000000000000004
1455011	0.1
1455537	0
1456173	0.1
1456965	0.2
1457880	0.30000000000000004
1458658	0.5
1459790	0.5
1460682	0.5
1461495	0.5
1462781	0.5
1464014	0.30000000000000004
1464766	1.2
1474651	1.4000000000000001
1476297	0.9999999999999999
1477923	1.2
1478674	1.3
1480016	1.3
1481543	0.5
1482557	0.30000000000000004
1485012	0.6
1487635	0.8999999999999999
1488951	0.8999999999999999
1489838	0.7
1490149	0.7999999999999999
1490655	0.30000000000000004
1491167	0.7999999999999999
1491763	0.9999999999999999
1492045	1.2
1493290	0.9999999999999999
1494609	0.30000000000000004
1495959	0.4
1497701	0.30000000000000004
1498763	0.30000000000000004
1499207	0.8999999999999999
1499959	2.400000000000001
1501069	2.3000000000000007
1501858	2.2000000000000006
1502791	2.600000000000001
1503505	3.1000000000000014
1504291	2.500000000000001
1505492	1.0999999999999999
1506440	0.5
1507761	0.6
1508919	1.2
1509374	0.7
1509705	1.0999999999999999
1512226	0.8999999999999999
1513323	0.1
1514301	0.1
1515159	0.2
1516290	0.7999999999999999
1517475	0.6
1517764	0.30000000000000004
1518106	0
1518587	0.30000000000000004
1519545	0.5
1520594	0.6
1522014	6.399999999999993
1523837	6.5999999999999925
1525230	8.399999999999986
1526555	9.799999999999981
1527046	13.299999999999969
1530163	14.599999999999964
1533168	7.999999999999988
1533566	3.800000000000002
1534446	2.3000000000000007
1535411	1.9000000000000006
1536277	1.4000000000000001
1536961	0.2
1538081	0.5
1540720	0.30000000000000004
1543366	1.7000000000000004
1546700	1.8000000000000005
1547694	0.1
1549242	0.1
1550903	0
1551664	0
1552540	0.6
1553333	0.7999999999999999
1554820	0.4
1555894	1.8000000000000005
1556172	1.7000000000000004
1556840	6.499999999999993
1557575	6.5999999999999925
1558524	6.199999999999994
1559462	6.699999999999992
1560418	0.7999999999999999
1561706	0.9999999999999999
1562785	0.9999999999999999
1564533	1.0999999999999999
1566449	0.7999999999999999
1568163	0.6
1569721	0.6
1573798	0.7
1576433	0.7999999999999999
1578499	0.7
1580211	0.9999999999999999
1581683	0.8999999999999999
1583306	0.7999999999999999
1583860	0.7999999999999999
1585346	1.2
1587277	1.0999999999999999
1588044	1.6000000000000003
1588574	6.699999999999992
1591515	7.19999999999999
1592309	3.2000000000000015
1599413	2.9000000000000012
1600764	1.3
1602257	1.0999999999999999
1603533	0.7
1604543	0.6
1605562	0.5
1606537	0.4
1607144	0.30000000000000004
1607725	0.4
1608565	0.30000000000000004
1609954	0.7999999999999999
1611380	0.7999999999999999
1612145	0.5
1612788	0.30000000000000004
1614009	0.4
1615244	0.5
1616320	0.5
1617623	0.30000000000000004
1618575	0.30000000000000004
1619337	0.4
1619765	0.1
1620098	1.3
1620687	1.4000000000000001
1621925	0.5
1622693	0.7
1623405	0.6
1624301	0.9999999999999999
1625032	0.8999999999999999
1626357	0.7999999999999999
1627890	0.6
1628695	0.5
1629316	0.7999999999999999
1630183	5.699999999999996
1631643	13.599999999999968
1637695	13.499999999999968
1638561	7.799999999999988
1639278	8.999999999999984
1639790	9.099999999999984
1640209	6.699999999999992
1640677	4.699999999999999
1641446	4.999999999999998
1641961	5.399999999999997
1642865	6.699999999999992
1643779	4.899999999999999
1644776	5.699999999999996
1645489	4.200000000000001
1645752	3.900000000000002
1646571	5.4999999999999964
1647235	5.099999999999998
1647491	9.099999999999984
1647735	7.099999999999991
1648137	7.999999999999988
1648729	10.699999999999978
1648932	9.499999999999982
1649127	9.299999999999983
1649703	7.899999999999988
1649889	7.19999999999999
1653405	7.29999999999999
1654534	0.8999999999999999
1655510	0.7
1655978	0.4
1656464	0.30000000000000004
1657120	0.2
1657717	2.2000000000000006
1663298	2.2000000000000006
1664036	0.8999999999999999
1664813	0.2
1665943	0.1
1666871	0.30000000000000004
1667954	0.30000000000000004
1669145	0.30000000000000004
1670325	0.2
1671530	0.1
1672370	0.1
1672984	0.1
1673318	0.8999999999999999
1674430	1.0999999999999999
1675666	0.2
1677137	0.2
1678899	0
1680248	0.1
1681337	0.1
1681862	0.1
1682518	0.4
1683532	0.5
1684723	0.6
1685886	0.6
1687554	0.7
1689163	0.5
1690606	0.8999999999999999
1691477	1.0999999999999999
1692218	0.9999999999999999
1693576	0.9999999999999999
1695165	0.7
1696751	0.4
1697656	0.4
1698666	0.5
1700151	0.30000000000000004
1701543	0.30000000000000004
1702733	0.2
1703788	0.30000000000000004
1705056	0.2
1705470	0
1706057	0
1706637	0
1708030	0.4
1709671	0.4
1710514	0.1
1711175	0
1711840	0.30000000000000004
1712386	0.30000000000000004
1713520	0.30000000000000004
1714679	0.1
1715456	0.1
1716585	0.1
1717679	0
1718227	0
1719047	0
1720109	0.1
1720607	0.1
1721143	0
1721692	0.30000000000000004
1723127	0.7
1724394	0.7
1725184	0.6
1725800	0.2
1726322	0.2
1727207	0.1
1728040	0
1728670	0.2
1731395	0.2
1733927	0.2
1734842	0
1735668	0
1736705	0.1
1737500	0.1
1738356	0.2
1739332	0.2
1740516	0
1741987	0
1742921	0
1744143	0.1
1745499	0.2
1746852	0.30000000000000004
1747933	0.4
1749129	0.4
1749955	0.1
1750679	0.1
1751396	0.30000000000000004
1752779	0.5
1754164	0.4
1755036	0.1
1756404	0
1757539	0
1758223	0
1759082	0.2
1759913	0.30000000000000004
1761155	0.4
1762139	0.30000000000000004
1763265	0.1
1764202	0.1
1765028	0.1
1765427	0
1767157	0.2
1769630	0.6
1770793	0.5
1771678	0.6
1773144	0.7
1774222	0.6
1775065	0.30000000000000004
1776384	0.4
1777771	0.6
1778845	0.7999999999999999
1779492	0.5
1779999	0.6
1780870	0.2
1782039	0.2
1782827	0.30000000000000004
1783854	0.6
1785923	0.4
1787861	0
1788958	0.1
1789708	0.1
1790526	0.2
1791663	0.4
1792499	0.30000000000000004
1793183	0.1
1793833	0.2
1794662	2.0000000000000004
1795402	1.9000000000000006
1796750	0.1
1798450	0.1
1799571	0
1799900	0.1
1800313	0.1
1801606	0.6
1805218	0.6
1805704	0.4
1806834	0.1
1807545	0.1
1808226	0.2
1808965	0.30000000000000004
1809714	0.1
1810506	0
1811629	0.5
1812730	0.5
1813552	0.5
1814997	0.4
1816760	0.1
1817824	0.1
1819024	0.1
1819630	0.2
1820535	0.30000000000000004
1821459	0.2
1822087	0.1
1822871	0.1
1823958	0
1824649	0.1
1825382	0.30000000000000004
1826439	0.30000000000000004
1827587	0.5
1828995	0.4
1830248	0.2
1831372	0.1
1832831	0.2
1833756	0.5
1834454	0.5
1835161	0.4
1835789	0.30000000000000004
1836656	0.4
1837979	0.4
1839073	0.30000000000000004
1840120	0.30000000000000004
1841093	0.2
1841693	0.30000000000000004
1841999	0.1
1843042	0.7
1844351	0.7999999999999999
1845979	0.9999999999999999
1847486	0.2
1848400	0.2
1849765	0.6
1851368	0.5
1852207	0.2
1853300	0.2
1854475	0.30000000000000004
1855481	0.4
1856454	0.6
1857351	0.5
1858311	0.7
1859539	0.5
1860794	0.5
1861838	0.30000000000000004
1862222	0
1863268	0
1864292	0.4
1865209	0.4
1866099	0.30000000000000004
1867875	0.2
1869596	0.2
1871122	0.5
1872786	0.4
1873825	0.2
1874575	0.2
1875164	0.6
1876263	0.4
1877082	0.1
1877405	0.2
1878227	0.4
1879131	0.5
1879494	0.2
1879768	0.30000000000000004
1880440	0.30000000000000004
1881347	0
1882454	0.30000000000000004
1883918	0.4
1885227	0.2
1886327	0.1
1887421	0
1888936	0
1890241	0
1890919	0.1
1892280	0.1
1893537	0.1
1894282	0
1894641	0
1895485	0
1896459	0
1897614	0.1
1899226	0.1
1900807	0.5
1902533	0.6
1903482	0.2
1904320	0.1
1905030	0.30000000000000004
1905971	0.30000000000000004
1906655	0.4
1907330	0.30000000000000004
1908404	0.2
1909044	0
1909703	0.2
1910962	0.4
1912135	0.30000000000000004
1913792	0
1915185	0
1915906	0
1916899	0.30000000000000004
1918826	0.4
1920939	0.2
1921898	0.1
1922174	0
1922641	0.7
1923535	0.7999999999999999
1924155	0.1
1924782	0.1
1925223	0.2
1925768	0.2
1926451	0.1
1927809	0.6
1929377	0.7
1929822	0.4
1930212	0.4
1930602	0.1
1931470	0.1
1932435	0.2
1933698	0.2
1935576	0.30000000000000004
1936554	0.30000000000000004
1937086	0.30000000000000004
1938370	1.0999999999999999
1939707	1.2
1940974	0.2
1942144	0.1
1943039	0
1943806	0.30000000000000004
1944851	0.5
1945670	0.2
1946552	0.2
1947115	0.2
1947781	0.2
1948434	0.1
1949636	0.2
1951115	3.1000000000000014
1951804	3.2000000000000015
1952463	0.7
1953073	0.1
1953927	0.2
1955792	0.4
1957582	0.4
1958893	0.2
1959563	0.1
1960928	0.2
1962216	0.2
1962776	0.30000000000000004
1964011	0.4
1965617	0.5
1966715	0.4
1967242	0.2
1967976	0.1
1968934	0.5
1970183	0.5
1971860	0.5
1973087	0.1
1974342	0.2
1975792	0.4
1976695	0.30000000000000004
1977555	0.2
1978022	0.4
1979967	0.4
1980900	0.2
1981987	0.30000000000000004
1983047	0.5
1984312	0.4
1985633	0
1987176	0
1987632	0.1
1988383	0.1
1988964	0.1
1989370	0.1
1990286	0.1
1991286	5.799999999999995
1992543	5.899999999999995
1993790	0.1
1995031	0
1995930	0
1996471	0
1997438	0
1998145	0.1
1998987	0.30000000000000004
2000013	0.4
2000748	0.2
2001429	0.4
2002858	0.5
2004575	0.5
2005508	0.30000000000000004
2005895	0.1
2006899	0
2007883	0.30000000000000004
2008879	0.30000000000000004
2009595	0.7
2010155	2.400000000000001
2010839	2.800000000000001
2011443	2.800000000000001
2012176	2.700000000000001
2012857	3.1000000000000014
2014058	0.7999999999999999
2015377	0.8999999999999999
2016211	0.8999999999999999
2017240	0.8999999999999999
2018167	0.5
2018949	0.2
2019850	0.2
2020589	0.5
2021294	0.6
2021686	0.7
2022237	0.5
2022750	0.5
2023285	0.6
2024279	0.30000000000000004
2024729	0.2
2025099	0.30000000000000004
2025918	0.5
2027170	0.5
2028279	0.4
2028907	0.1
2029999	0.1
2030683	0.30000000000000004
2031608	0.30000000000000004
2032731	1.5000000000000002
2033270	3.1000000000000014
2034802	3.1000000000000014
2035048	4.000000000000002
2036260	3.4000000000000017
2037473	0.4
2038543	0.1
2039162	0.1
2039980	0.30000000000000004
2040800	0.4
2041700	3.0000000000000013
2042633	6.999999999999991
2044049	10.399999999999979
2044822	4.300000000000001
2048462	3.800000000000002
2052976	3.4000000000000017
2054301	0.9999999999999999
2055788	0.30000000000000004
2057216	1.2
2058930	2.600000000000001
2060439	1.8000000000000005
2061474	3.1000000000000014
2062858	7.39999999999999
2063927	7.099999999999991
2064850	7.19999999999999
2065490	15.399999999999961
2068831	20.700000000000024
2073098	20.700000000000024
2075545	16.09999999999996
2078037	13.799999999999967
2079196	4.699999999999999
2080062	0.30000000000000004
2081025	0.4
2081964	2.500000000000001
2083469	2.9000000000000012
2084339	0.6
2084969	0.5
2086383	0.5
2087804	0.1
2088716	0.4
2089338	0.30000000000000004
2089587	0.2
2090641	0.2
2091749	0
2092933	0
2094001	0
2094830	0
2095493	0
2096232	0.1
2096919	1.8000000000000005
2097811	2.1000000000000005
2099030	2.400000000000001
2100565	3.1000000000000014
2103950	2.0000000000000004
2104789	1.8000000000000005
2105561	1.3
2106643	1.3
2107777	1.7000000000000004
2108960	2.1000000000000005
2109859	2.9000000000000012
2111526	3.3000000000000016
2112518	2.800000000000001
2113880	3.600000000000002
2115199	2.600000000000001
2116517	2.700000000000001
2117764	2.600000000000001
2119419	3.1000000000000014
2120857	3.3000000000000016
2122294	2.2000000000000006
2123802	1.8000000000000005
2125134	0.8999999999999999
2125984	0.7999999999999999
2126707	0.7
2127753	0.5
2128614	0.5
2129277	0.1
2130269	0.30000000000000004
2131461	0.2
2132311	0.30000000000000004
2132977	0.7
2134571	0.6
2135876	1.4000000000000001
2138693	1.7000000000000004
2140685	0.4
2141924	0.1
2142627	0.4
2144924	0.5
2147116	0.5
2148350	0.4
2150012	0.7
2151415	0.5
2152051	0.5
2152798	1.3
2153773	1.2
2154639	0.7
2156824	0.4
2159924	0.7
2162171	8.199999999999987
2163577	7.799999999999988
2164637	8.199999999999987
2165355	8.899999999999984
2166348	12.399999999999972
2167411	12.79999999999997
2168147	5.1999999999999975
2169161	1.6000000000000003
2172353	2.400000000000001
2174823	2.0000000000000004
2175690	0.9999999999999999
2176777	0.7999999999999999
2178038	0.4
2179459	0
2180597	0.1
2181578	0.1
2182408	0.2
2183242	0.2
2184116	0.2
2184907	2.800000000000001
2185660	3.0000000000000013
2186329	1.5000000000000002
2187129	1.9000000000000006
2187897	2.3000000000000007
2189670	2.3000000000000007
2191263	1.2
2191951	0.8999999999999999
2192655	0.30000000000000004
2193613	0.2
2195316	0.9999999999999999
2202095	1.2
2204130	11.499999999999975
2205140	11.399999999999975
2206834	0.7999999999999999
2208535	0.7999999999999999
2210022	0.7
2211455	0.6
2211961	0.2
2212602	0
2213801	3.1000000000000014
2215231	3.1000000000000014
2215710	0.1
2216110	0.2
2216944	0.2
2217978	0.1
2219022	0.2
2220825	0.2
2223042	0.1
2224404	0
2225337	0
2226090	0.2
2226889	0.30000000000000004
2227918	0.7
2229911	0.7999999999999999
2230823	0.4
2231366	0
2232286	0
2233237	0.2
2233719	0.2
2234652	0.4
2235882	0.5
2237248	0.6
2238529	0.4
2239849	0.5
2241148	0.30000000000000004
2242388	0.1
2243318	0.1
2244328	0.5
2245773	0.5
2247797	0.4
2249177	0.1
2250241	0
2251268	0.2
2252244	0.6
2254715	0.6
2255665	0.9999999999999999
2257898	0.9999999999999999
2258825	0.5
2260564	0.6
2261896	0.30000000000000004
2262930	0.4
2264453	0.4
2265168	0.30000000000000004
2265736	0.4
2266978	0.4
2268322	0.4
2269210	0.2
2270262	0.2
2271504	0.2
2273271	0.2
2274726	0.30000000000000004
2275785	0.1
2277094	0.2
2278065	0.1
2279165	0.1
2280135	0
2281512	0
2282659	0
2283443	0
2284242	0
2285256	1.7000000000000004
2290823	1.7000000000000004
2291884	0
2292685	0
2293932	0.1
2295140	0.1
2295481	0.1
2295951	0.1
2296693	0
2297329	0
2297958	0
2298493	0.2
2299146	0.2
2299912	0.2
2301510	0.1
2302881	0.1
2303250	0.1
2303688	0.1
2304149	0.2
2305931	0.4
2307793	0.30000000000000004
2309016	0.4
2309873	0.5
2311006	0.5
2312197	0.30000000000000004
2314824	0.8999999999999999
2316502	1.0999999999999999
2318451	1.9000000000000006
2320956	1.7000000000000004
2322558	1.5000000000000002
2323778	1.2
2324434	0.5
2325417	0.4
2326701	0.30000000000000004
2327755	0.6
2328972	0.7999999999999999
2330040	0.7
2332245	1.3
2334647	0.8999999999999999
2335800	0.2
2338106	0.30000000000000004
2339928	0.2
2342269	0.2
2346007	0.2
2347949	0
2348641	0
2349147	0.6
2349790	1.0999999999999999
2350473	0.7999999999999999
2351695	0.1
2353461	2.3000000000000007
2354894	2.2000000000000006
2356116	2.700000000000001
2357908	2.700000000000001
2358443	3.1000000000000014
2359507	3.2000000000000015
2360811	0.9999999999999999
2361820	0.7999999999999999
2363032	0.6
2364004	0
2364766	0.1
2365319	0.30000000000000004
2366488	0.30000000000000004
2367555	0.30000000000000004
2369030	0.1
2370463	0.1
2371734	0.1
2372724	0.1
2373085	0.1
2373405	0
2374325	0
2375481	0.1
2376390	0.1
2377213	0.1
2378424	0.2
2379995	0.2
2380874	0.1
2381312	0.1
2382066	0.5
2383320	0.8999999999999999
2384858	0.9999999999999999
2386345	0.7999999999999999
2387185	0.8999999999999999
2388068	0.4
2388846	0.4
2389540	0.5
2390776	0.5
2392276	0.2
2394125	0.1
2395194	0
2395619	0
2396179	0
2396953	0
2398802	0
2400886	0.1
2401802	0.1
2402956	0
2404282	0
2404850	0.1
2405417	0.2
2406172	0.30000000000000004
2408169	0.2
2409161	0
2410436	0
2411764	0
2412347	0
2412904	0
2414071	0.1
2415819	0.2
2417862	0.2
2418905	0.1
2419509	0.1
2420163	0.1
2420944	0
2421506	0.1
2422154	0.4
2424122	0.4
2424875	0.1
2425573	0
2426397	0.2
2427400	0.4
2428341	0.30000000000000004
2429479	0
2430519	0
2431353	0
2432308	0
2433469	0
2434411	0
2435230	0
2436142	0
2437283	1.5000000000000002
2438447	1.7000000000000004
2439531	0.5
2440995	0.2
2442767	0.2
2444030	0.2
2444477	0.1
2445155	0
2445972	0.1
2446930	0.1
2447974	0.1
2448881	0.5
2449638	0.6
2450320	0.4
2450831	0.2
2451328	0.2
2451960	0.7
2455364	0.7
2456569	0.2
2458087	0.1
2459814	0.2
2460792	0.4
2461976	0.6
2463541	2.2000000000000006
2464629	3.700000000000002
2465767	17.899999999999984
2468674	17.899999999999984
2469796	17.59999999999998
2472249	18.9
2472634	19.400000000000006
2473062	20.000000000000014
2473785	8.299999999999986
2474444	3.800000000000002
2475252	4.100000000000001
2475692	5.699999999999996
2476025	6.999999999999991
2476410	6.699999999999992
2477161	4.100000000000001
2478515	2.400000000000001
2479866	0.4
2481407	0.4
2482757	0.30000000000000004
2484062	0.4
2486170	0.7
2488595	0.7
2489714	0.6
2491103	0.5
2492629	0.5
2494084	0.30000000000000004
2494835	0.1
2495171	0.1
2496105	0
2497676	0
2499519	0.1
2500750	0.1
2501558	0.5
2503237	0.5
2505028	0.30000000000000004
2506089	0.4
2507270	0.4
2508079	0.2
2508943	0.2
2510258	0.1
2511164	0
2512087	0.30000000000000004
2513643	0.5
2516737	0.4
2518631	0.4
2519019	0.2
2519964	0.6
2522035	0.7999999999999999
2523357	0.7
2524461	0.7999999999999999
2525509	0.7999999999999999
2526393	0.7
2527445	0.2
2528050	0.2
2529168	0.2
2530740	0.1
2531843	0
2532894	0
2533892	3.5000000000000018
2534929	3.5000000000000018
2536088	3.600000000000002
2536811	3.700000000000002
2537529	3.900000000000002
2538116	3.700000000000002
2539127	0.2
2540265	0
2541241	0
2542095	0.1
2543020	0.2
2544227	0.4
2545180	0.30000000000000004
2546221	0.4
2547385	0.4
2548754	0.4
2550095	0.30000000000000004
2550928	0
2551501	0
2551925	0
2552786	0.1
2553674	0.2
2554656	0.4
2555478	0.2
2556070	0.30000000000000004
2556853	1.6000000000000003
2557998	1.9000000000000006
2560634	2.2000000000000006
2561492	2.400000000000001
2561809	1.8000000000000005
2562319	1.9000000000000006
2562820	0.4
2563780	0.4
2564176	0.4
2564927	0.4
2566182	0.5
2567494	0.2
2568917	0.1
2569919	0
2571049	0.1
2571906	0.1
2572303	0
2572997	0.2
2573903	0.2
2574652	0
2575217	0.1
2575637	0.30000000000000004
2577237	0.4
2579141	0.30000000000000004
2580637	0.30000000000000004
2582255	0.2
2583190	0.1
2584535	0.30000000000000004
2586581	0.6
2589151	0.4
2591425	0.2
2592170	0
2592862	0.1
2593421	0.2
2594851	0.30000000000000004
2596305	0.5
2597261	0.6
2597805	0.2
2598348	0.30000000000000004
2599321	0.1
2600192	0
2600713	0.1
2601509	0.4
2602827	0.4
2604320	0.7999999999999999
2605530	0.6
2606587	0.4
2607707	0.2
2609320	0.4
2610436	0.30000000000000004
2611085	0.30000000000000004
2611663	0.30000000000000004
2612906	0.30000000000000004
2614358	0.5
2615350	0.2
2616825	0.1
2617757	0.1
2618448	0
2619515	0
2620559	0
2621715	0
2622553	0.1
2624077	0.1
2625885	0.30000000000000004
2627816	0.4
2629196	0.30000000000000004
2629394	0.2
2630052	0.2
2630595	3.1000000000000014
2631746	3.1000000000000014
2633337	0.1
2634917	0.6
2635706	0.6
2636620	0.2
2638063	0.1
2638973	0
2639938	0
2641245	0
2642337	0
2643706	0
2644648	0.2
2646149	0.30000000000000004
2649806	0.30000000000000004
2652916	0.30000000000000004
2654545	0.2
2655716	0
2656636	0
2656915	0
2658010	0
2659209	0
2659724	0
2660096	0
2660924	0
2661887	0
2662953	0.1
2663843	0.2
2664817	0.2
2666075	0.2
2667276	0.2
2668451	0.2
2669712	0.2
2670649	0.1
2671068	0
2671631	0.1
2672648	0.2
2673557	0.4
2674252	0.4
2675230	0.2
2676326	0.2
2677605	0.4
2678875	0.5
2681104	0.5
2683459	0.30000000000000004
2684880	0.2
2686430	0.1
2687239	0
2688136	0
2689149	0.1
2690362	0.2
2693599	0.30000000000000004
2696579	0.2
2697605	0
2698232	0
2699183	1.2
2699793	1.2
2700808	0
2701363	0
2702105	0
2702933	0
2703723	0
2704822	0
2706224	0.1
2707561	0.1
2708276	0
2709079	0
2709724	0
2711231	0
2712395	0
2713563	0.1
2714879	0.2
2715716	0.2
2716257	0.1
2717098	0.2
2718009	0.5
2718944	0.4
2719572	0.5
2721283	0.4
2723404	0.30000000000000004
2724315	0.2
2725097	1.5000000000000002
2732886	1.6000000000000003
2734668	0.5
2735521	0.2
2736514	0.30000000000000004
2737324	0.4
2738325	0.2
2739508	0
2740615	0.2
2741544	0.30000000000000004
2742134	0.30000000000000004
2742996	0.5
2743866	0.8999999999999999
2744356	0.8999999999999999
2744955	0.1
2745644	0
2746061	0
2747114	0
2748320	0.2
2749439	0.4
2750411	0.4
2751270	0.1
2752625	0
2753775	0
2754153	1.4000000000000001
2754512	7.499999999999989
2755137	10.29999999999998
2755616	13.999999999999966
2758122	13.999999999999966
2758750	14.199999999999966
2759689	14.999999999999963
2762445	4.300000000000001
2764345	3.5000000000000018
2766454	3.0000000000000013
2767169	2.600000000000001
2770053	2.600000000000001
2770563	0.1
2771997	0.1
2772463	0
2772936	0
2774169	0.1
2786563	0.2
2789473	0.1
2790616	0.1
2791997	0.1
2793375	0.4
2794953	0.30000000000000004
2796005	0
2796561	0
2796949	0.1
2797360	0.1
2797782	0.1
2798293	0
2799388	0
2799822	0
2800310	0.1
2800845	0.1
2801170	0.1
2802420	0.2
2803981	0.2
2805416	0.1
2806542	0.1
2807628	0.4
2808449	0.30000000000000004
2809034	0.30000000000000004
2809985	0
2810511	0.1
2811035	0.2
2812013	0.30000000000000004
2813385	0.7
2814475	0.7
2815661	0.1
2816726	0.2
2817220	0.30000000000000004
2819053	0.30000000000000004
2820696	0.2
2822389	0.30000000000000004
2823238	0.30000000000000004
2824097	0.5
2825086	0.30000000000000004
2826113	0.2
2826871	0.1
2827547	0.1
2828126	0.1
2828800	0
2829433	0.1
2830295	0.2
2831532	0.1
2833195	0.2
2834478	0.5
2836299	0.5
2837841	0.7
2838760	0.6
2840252	0.6
2841702	1.2
2842808	1.0999999999999999
2843241	0
2843826	0
2844481	0
2845616	0
2846950	0
2848328	0.1
2849543	0.1
2850204	0
2850822	0
2851437	0
2852000	0
2852696	0
2853759	0.30000000000000004
2855377	0.5
2856629	1.2
2856950	1.0999999999999999
2858373	1.3
2860088	0.5
2860850	0.4
2861884	0.2
2862918	0.30000000000000004
2863912	0.2
2864624	0.30000000000000004
2865783	1.2
2867055	1.0999999999999999
2868183	0.5
2869206	0.1
2869893	0
2870779	0
2871540	0.1
2872135	0.1
2872664	0
2873175	0
2873689	1.3
2874705	1.3
2875875	1.3
2877099	1.9000000000000006
2878711	2.0000000000000004
2879313	2.0000000000000004
2880087	0.2
2880711	0.30000000000000004
2881596	0.7
2882396	0.7999999999999999
2883384	0.8999999999999999
2885886	1.0999999999999999
2887945	0.5
2889243	0.1
2890998	0
2892396	0
2893292	0.1
2894049	0.1
2894483	0.2
2895349	0.4
2896165	0.30000000000000004
2897237	0.2
2898691	0.2
2899880	0.4
2901230	0.6
2902635	0.9999999999999999
2905082	1.4000000000000001
2905627	0.6
2906147	1.0999999999999999
2907292	0.7999999999999999
2908847	0.1
2910289	0.30000000000000004
2910923	0.4
2911215	0.5
2912534	0.8999999999999999
2914349	0.6
2916435	0.5
2918715	0.4
2920076	0.5
2921424	0.30000000000000004
2922759	0
2923393	0.1
2923948	0.1
2925007	0
2925772	0
2926990	0.1
2928873	0.1
2930259	0.2
2931432	0.2
2932439	0.1
2933364	0.5
2934893	0.5
2936471	0.5
2938177	0
2939099	0
2939733	0.1
2940693	0.1
2941433	0
2942108	0
2943031	0.2
2943939	0.2
2944763	0
2945439	0.1
2946629	5.099999999999998
2948383	4.999999999999998
2949907	0.1
2951548	0
2954232	0.1
2957440	0.1
2960744	0
2962602	0
2962952	0.1
2963434	0.1
2963942	0.1
2964758	0.1
2965599	0.1
2967311	0
2968712	0
2969403	0
2970006	0
2970776	0
2971380	0.1
2972117	0.1
2973265	0.2
2974934	0.30000000000000004
2977114	0.30000000000000004
2978268	0.2
2979488	0.2
2980289	0
2981473	0.1
2982877	0.1
2983706	0
2985001	0.2
2986461	0.30000000000000004
2987852	0.30000000000000004
2988315	0.30000000000000004
2988906	0.30000000000000004
2989545	0.2
2989889	0.1
2990147	0.2
2990777	0.30000000000000004
2991513	0.4
2992782	0.7999999999999999
2993747	0.8999999999999999
2994228	0.8999999999999999
2994681	0.7
2995014	1.2
2995529	6.299999999999994
2995884	6.799999999999992
2998431	8.199999999999987
2999513	4.200000000000001
3001454	0.6
3003053	0.5
3003728	0.1
3004897	0.2
3006858	0.2
3008108	0.30000000000000004
3009369	0.2
3010720	0.1
3011927	0.2
3013426	0.30000000000000004
3014672	0.1
3015449	0.1
3017609	0.30000000000000004
3019825	0.2
3020929	0.2
3022751	0.2
3025051	0.4
3026427	0.4
3027804	0.30000000000000004
3028768	0.2
3029971	0.4
3032091	0.5
3032879	0.4
3033339	0.2
3034415	0.1
3035624	0.1
3037239	0.1
3038467	0.1
3039295	0
3040115	0
3040619	0
3040937	0
3041803	0
3042818	0
3043467	0
3044384	0.2
3045529	0.30000000000000004
3047604	0.30000000000000004
3049354	0.1
3050120	0.1
3051716	0.1
3052929	0.1
3054177	0
3055155	0
3055776	0.2
3056488	0.2
3057794	0.1
3058995	0.1
3059496	0.4
3060199	0.7
3061922	0.7
3063484	0.6
3064385	0.7999999999999999
3065541	0.8999999999999999
3066725	0.6
3067710	0.2
3068490	0.4
3069377	0.4
3070704	0
3072040	0
3073181	0.30000000000000004
3074332	0.4
3074940	0.30000000000000004
3075699	0.30000000000000004
3076817	0.6
3078165	0.5
3079108	0.5
3080639	0.6
3082292	0.7999999999999999
3083337	0.9999999999999999
3084923	0.4
3086524	0.1
3087283	0.5
3088981	0.5
3090024	0.4
3090700	0.1
3091499	0.1
3092353	0.1
3093182	0.1
3093708	0.2
3094590	0.2
3095450	0.2
3096103	0.1
3096528	0.1
3096977	0
3097835	0.4
3099061	0.5
3100205	0.2
3101263	0.30000000000000004
3101970	0.2
3102492	0.1
3103539	0
3104230	0.2
3104972	0.30000000000000004
3106342	0.5
3108087	0.6
3109906	12.099999999999973
3110858	12.399999999999972
3111549	2.1000000000000005
3112481	2.2000000000000006
3113272	0.8999999999999999
3113947	0.9999999999999999
3116831	0.9999999999999999
3120438	0.6
3122719	0.4
3124029	0.2
3124847	0.2
3125996	0.30000000000000004
3127271	0.30000000000000004
3128654	0.30000000000000004
3129611	1.7000000000000004
3131874	1.8000000000000005
3132833	0.30000000000000004
3133593	0.5
3134477	0.7
3135621	0.7
3137592	0.5
3139160	0.2
3139840	0.1
3140147	0.1
3140555	0.2
3141039	0.30000000000000004
3142137	0.30000000000000004
3143575	0.1
3144647	0.1
3145702	0.1
3146593	0.5
3147668	0.5
3148417	0.5
3149224	0.2
3150104	0.1
3151030	0
3151617	0
3152829	0.1
3153892	0.1
3154740	0.1
3155936	0.2
3157036	0.4
3158113	0.30000000000000004
3158755	0.30000000000000004
3160036	0.8999999999999999
3161963	0.8999999999999999
3163112	0.1
3164844	0.4
3166914	0.7
3168048	0.7
3168396	0.7
3168990	0.8999999999999999
3169480	0.2
3170157	0.2
3171158	0.7999999999999999
3172820	0.7
3173299	0.9999999999999999
3174450	0.9999999999999999
3175715	0.2
3176419	0.2
3177069	0.1
3177595	0.2
3178855	0.1
3180079	0.1
3181001	0.4
3182026	0.30000000000000004
3182936	0.1
3183466	0.5
3184139	0.8999999999999999
3184985	1.8000000000000005
3190255	1.9000000000000006
3191164	0.7999999999999999
3191839	0.7999999999999999
3192522	0.5
3193694	0.6
3196036	0.30000000000000004
3198221	0.2
3200314	0.4
3201517	0.2
3202510	0
3203720	0
3204405	0
3205002	0.2
3205790	0.30000000000000004
3206918	0.30000000000000004
3207673	0.4
3208755	0.30000000000000004
3210036	0.2
3210888	0.1
3211979	0.1
3213967	0.30000000000000004
3215220	1.5000000000000002
3216109	1.2
3217090	0
3218316	0.1
3220128	0.1
3221081	0
3221957	0
3224179	0.2
3225946	1.7000000000000004
3226950	4.699999999999999
3228336	4.899999999999999
3230063	4.999999999999998
3232674	5.4999999999999964
3233936	5.1999999999999975
3234298	3.900000000000002
3235307	0.7
3236211	0.4
3236886	0.30000000000000004
3237804	0.2
3239062	0.30000000000000004
3240566	0.30000000000000004
3241468	0.2
3242570	0.1
3244035	0
3245873	0.8999999999999999
3247040	0.9999999999999999
3248104	0.1
3248630	0
3249153	0
3249527	0
3249885	0
3250226	0
3250713	0
3251517	0.1
3252486	0.30000000000000004
3253089	0.2
3253766	0.30000000000000004
3254669	0.1
3255125	0.1
3255996	0.1
3257344	0.4
3258967	0.4
3259915	0
3261271	0.1
3263056	0.1
3264351	0
3265533	0.30000000000000004
3266596	0.7999999999999999
3268123	0.8999999999999999
3269008	0.9999999999999999
3271197	0.8999999999999999
3272312	0.1
3273172	0.2
3274240	0.4
3276067	0.6
3277169	0.4
3277569	0.5
3278260	0.5
3279554	0.30000000000000004
3280453	0
3280901	0.6
3281397	0.6
3282553	0.2
3283573	0.2
3284408	0.4
3285086	2.3000000000000007
3285873	2.2000000000000006
3286674	2.500000000000001
3287718	2.700000000000001
3288437	2.9000000000000012
3290072	2.800000000000001
3291886	0.7999999999999999
3292905	0.4
3294418	0.1
3295591	0.1
3296104	0
3296696	0.1
3297618	0.2
3298528	0.30000000000000004
3299233	0.2
3299693	0.2
3300117	0
3300506	0
3301014	0
3301982	0
3302928	0
3303951	0.2
3305195	0.2
3306915	0
3308482	0
3310100	0
3311549	0
3312305	0
3312977	0.1
3314678	0.1
3316782	0.1
3317780	0.2
3319308	0.5
3320746	0.5
3322339	0.4
3323401	0
3324487	0.1
3325972	0.2
3327349	0.1
3327936	0
3328477	0.1
3329679	0.1
3331168	0
3332252	0
3332990	0
3333295	0
3334195	0
3335048	0
3335864	0.1
3336683	0.1
3337109	0
3337573	0
3338185	0
3338857	0
3339660	0
3340763	0
3341759	0
3342556	0
3343123	0
3343658	0
3344306	0
3345433	0
3346316	0
3346823	0
3347542	0
3348102	0
3348768	0
3349445	0
3350132	0.2
3351857	0.2
3353585	0.30000000000000004
3356908	0.2
3359907	0.30000000000000004
3361558	0.4
3362449	0.6
3363997	0.7
3367284	0.7999999999999999
3368390	0.6
3369246	0.2
3369912	0
3370691	0
3371829	0.4
3373129	0.4
3374093	0.6
3375552	0.4
3376527	0.30000000000000004
3377101	0.1
3378011	0.1
3378437	0
3379433	0
3380390	0.1
3381426	0.2
3382733	0.2
3383799	0.1
3384938	0
3385669	0
3385993	0
3387204	0
3388660	0
3389235	0.2
3389984	0.30000000000000004
3391305	0.30000000000000004
3394358	0.1
3397060	0.2
3398081	0.1
3398631	0
3399426	0
3400565	0
3402362	0.1
3403971	0.4
3405671	0.4
3406591	0.7
3407496	0.7
3408332	0
3409510	0.1
3410762	0.2
3411419	0.5
3412095	0.7
3412710	0.4
3413134	0.7
3414442	1.0999999999999999
3418139	0.8999999999999999
3418500	0.9999999999999999
3419160	0.7
3419670	0.9999999999999999
3420724	0.7
3421876	0.5
3422815	1.3
3429513	1.4000000000000001
3429894	0.6
3430429	0.5
3431129	0.4
3431691	0.30000000000000004
3432227	0.30000000000000004
3432998	0.4
3433944	0.2
3434687	0.2
3435851	0.30000000000000004
3437206	0.4
3438229	0.30000000000000004
3438540	0.2
3438917	0.2
3439325	0.1
3439807	0.1
3440534	0
3441365	0
3441903	0
3442293	0.1
3442676	0.1
3443431	0.1
3444322	0
3444632	0
3444977	0
3445420	0
3445873	0
3446349	0
3446731	0
3447168	0.1
3447610	0.1
3447963	0
3448441	0
3448663	0
3448964	0
3449532	0
3450067	0
3450387	0
3450953	0
3451533	0
3451983	0
3452611	6.199999999999994
3453114	6.8999999999999915
3453717	7.19999999999999
3454663	7.39999999999999
3455985	7.899999999999988
3457353	7.599999999999989
3459079	1.4000000000000001
3460415	0.7
3461241	0.6
3461722	0.5
3462162	0
3462637	0.1
3463415	0.2
3464503	0.2
3465312	0.2
3465881	0.1
3466487	0.1
3466894	0.5
3468506	1.2
3472457	1.2
3473811	0
3474365	0
3474821	0
3475152	0
3475525	0
3476079	0.1
3477013	0.1
3477749	0.1
3478202	0
3478692	0.2
3479704	0.30000000000000004
3480882	0.30000000000000004
3482245	0.30000000000000004
3483713	0.1
3484327	0
3484924	0
3485616	0
3486436	0
3487848	0.1
3489570	0.2
3490547	0.1
3491162	0.2
3491536	0.1
3492011	0.1
3493158	0
3495282	0
3496714	0
3497406	0
3498514	0.1
3499531	0.2
3500578	0.2
3501779	0.2
3502755	0.30000000000000004
3503559	0.2
3504417	0.30000000000000004
3505477	0.2
3506684	0.30000000000000004
3507524	0.5
3508151	0.4
3509200	0.5
3510394	0.5
3511241	0.4
3511891	0.2
3513136	0.2
3514010	0.2
3514720	0.4
3515495	0.30000000000000004
3516663	0.6
3517942	0.30000000000000004
3518803	0.1
3520069	0
3520817	0.1
3521229	0.1
3521702	0.30000000000000004
3522361	0.2
3524147	0.1
3525869	0.1
3527536	0.1
3529003	0.1
3529548	0
3530213	0
3531577	0.2
3533629	0.4
3535192	0.30000000000000004
3536224	0.1
3537050	0.1
3538545	0.2
3540276	0.2
3541567	0.2
3542846	0.4
3544459	0.4
3545223	0
3545911	0.1
3547217	0.1
3549028	0
3551276	0.2
3554437	0.7
3556341	0.7999999999999999
3557466	0.6
3559067	0.4
3560101	0.2
3561037	0.1
3561660	0.2
3562765	1.9000000000000006
3563864	1.9000000000000006
3565357	1.4000000000000001
3567316	0.1
3568680	0
3570332	0.1
3572409	0.1
3574326	0
3575367	0.30000000000000004
3576391	0.30000000000000004
3577328	1.9000000000000006
3578228	1.9000000000000006
3579297	2.0000000000000004
3580286	2.2000000000000006
3581382	2.9000000000000012
3582452	2.9000000000000012
3583246	1.0999999999999999
3584481	0.8999999999999999
3584901	0.7999999999999999
3585952	0.6
3587163	0.1
3587741	0.1
3588645	0.2
3589604	0.1
3590467	0
3591667	0.30000000000000004
3593080	0.30000000000000004
3593822	0
3594841	0.1
3595940	0.1
3597005	0
3598175	0.5
3599106	0.8999999999999999
3600356	0.4
3601557	0.1
3602413	0
3603496	0
3604691	0
3605113	0
3605430	0
3606064	0.1
3607550	0.2
3608873	0.2
3609549	0.1
3610233	0.4
3611141	0.4
3612389	0.7999999999999999
3613262	0.7
3614454	0.2
3615713	0.1
3616598	0
3617397	0
3618179	0
3618788	1.4000000000000001
3623590	1.8000000000000005
3626241	1.7000000000000004
3628170	0.2
3630068	0.7999999999999999
3631779	1.3
3633037	1.3
3633839	1.2
3635367	2.3000000000000007
3636809	1.8000000000000005
3638391	0
3639552	0
3640328	0.1
3641596	0.2
3642756	0.1
3644161	0
3645806	0.1
3646975	0.1
3647902	0.4
3648704	0.4
3649579	0.6
3650449	0.8999999999999999
3651682	0.7999999999999999
3654244	0.7999999999999999
3654948	0.8999999999999999
3655542	0.7
3656135	0.1
3656574	0
3657281	0.1
3658629	0.30000000000000004
3659033	0.30000000000000004
3659810	0.30000000000000004
3661970	0.4
3664254	0.5
3665398	0.4
3668489	0.6
3670416	0.5
3671593	0.2
3672827	0.1
3673868	0
3675447	0.1
3677320	0.1
3678803	0.1
3679883	0.30000000000000004
3681192	0.30000000000000004
3682804	0.1
3684604	0.30000000000000004
3687436	0.6
3689708	0.6
3691419	0.6
3693927	0.9999999999999999
3695597	1.0999999999999999
3696091	0.9999999999999999
3697249	1.0999999999999999
3698121	0.9999999999999999
3699053	1.2
3700033	0.9999999999999999
3701198	0.9999999999999999
3702366	0.4
3703356	0.2
3704310	0.2
3705280	0.4
3706901	1.0999999999999999
3709629	1.6000000000000003
3711403	1.0999999999999999
3712585	0.30000000000000004
3713373	0.30000000000000004
3713872	0.30000000000000004
3715227	0.1
3716876	0.2
3717797	2.0000000000000004
3718689	1.9000000000000006
3719623	1.8000000000000005
3720155	2.0000000000000004
3720524	2.400000000000001
3720940	2.500000000000001
3723362	0.7
3724862	0.5
3725562	0.5
3726384	0.6
3727142	0.7
3727577	0.7
3728644	0.7
3730104	0.7999999999999999
3731627	0.5
3732971	0.4
3734310	0.4
3735568	0.30000000000000004
3736765	0.30000000000000004
3738512	0.30000000000000004
3740331	0.2
3741345	0.7
3742108	0.7999999999999999
3743232	0.8999999999999999
3743976	1.2
3744564	1.5000000000000002
3745442	1.3
3746587	0.8999999999999999
3747832	0.8999999999999999
3748908	0.7
3749662	0.5
3750433	1.2
3751498	1.2
3752479	0.7
3754266	0.8999999999999999
3754648	0.8999999999999999
3755742	1.6000000000000003
3757251	0.7
3758939	0.5
3760553	0.6
3761651	2.700000000000001
3768407	3.0000000000000013
3771563	2.3000000000000007
3773237	0.2
3774998	0.1
3775865	0.1
3776275	0.2
3776846	1.2
3778226	1.0999999999999999
3779442	0
3780422	0
3781451	0
3782151	0.1
3783151	0.1
3783894	0
3784316	0
3784799	0
3786032	0
3787467	0
3788580	0.1
3789564	0.1
3790832	0
3791953	0.30000000000000004
3793262	0.8999999999999999
3794453	0.9999999999999999
3795452	0.8999999999999999
3796458	1.5000000000000002
3797577	2.0000000000000004
3798775	2.600000000000001
3799770	1.9000000000000006
3800616	3.5000000000000018
3801491	4.5
3802548	4.6
3803597	4.6
3804648	1.0999999999999999
3805551	0.6
3806505	0.1
3807599	0.1
3809178	0.1
3810064	0
3810747	0.1
3811333	0.1
3811556	0
3812225	0.1
3813341	0.2
3814158	0.1
3814792	0.1
3815447	0.1
3816206	0
3817107	2.500000000000001
3818172	2.500000000000001
3819182	1.0999999999999999
3820329	0.2
3821739	0.2
3822243	0
3823454	0
3824859	0
3826250	0.2
3828062	0.30000000000000004
3829640	0.2
3831311	0.7
3833378	0.6
3835238	9.099999999999984
3837545	8.999999999999984
3838709	3.800000000000002
3839584	0.7
3840361	1.3
3841168	1.4000000000000001
3842176	0.7
3843122	0.7
3844847	0.4
3846471	0.2
3847964	0
3849385	0.1
3850431	1.2
3850947	1.0999999999999999
3851940	0.5
3853597	0.6
3854514	0.6
3855362	0.2
3855789	0.1
3856133	0.5
3856639	0.6
3857657	0.9999999999999999
3859258	0.6
3860729	0.7999999999999999
3861261	0.7
3861668	0.8999999999999999
3865442	0.7
3866683	0.1
3867215	0.1
3867930	0.1
3868669	0.2
3869909	0.4
3871084	0.7999999999999999
3872424	0.5
3873303	0.5
3874035	0.30000000000000004
3874815	0.30000000000000004
3875766	0.4
3876546	0.2
3877266	0.2
3878912	0.30000000000000004
3880684	0.2
3881771	0.2
3883027	0.1
3884406	0.1
3884689	0
3885899	0
3887510	0.4
3889437	0.6
3890859	0.30000000000000004
3892202	0.2
3893244	0.1
3894255	0
3894935	0
3895940	0.2
3897106	1.6000000000000003
3897739	2.1000000000000005
3898315	2.0000000000000004
3899032	2.0000000000000004
3899992	2.400000000000001
3901412	2.3000000000000007
3902995	0.8999999999999999
3904658	0.6
3906149	0.4
3907215	0.2
3907979	0
3908994	0
3909918	0
3911005	1.2
3912753	1.3
3914515	0.30000000000000004
3915762	0.2
3916684	0.1
3917833	0.1
3919086	0.1
3920136	0
3920653	0
3921069	0
3921643	0.1
3922250	0.2
3923368	0.1
3924688	0
3926233	0
3926774	0.1
3927651	0.1
3928877	0.1
3930345	0.2
3932250	0.5
3933560	0.30000000000000004
3934530	0.30000000000000004
3935770	0.6
3936723	1.0999999999999999
3937758	1.2
3938723	1.0999999999999999
3939898	0.5
3940981	0.4
3947547	0.4
3948255	0.30000000000000004
3949209	0.7999999999999999
3951051	0.7999999999999999
3951936	0.30000000000000004
3952332	0.30000000000000004
3952948	0.1
3954403	0.1
3956103	0
3957373	0
3958707	0
3959672	0.2
3960351	0.30000000000000004
3961687	0.4
3963487	0.1
3964997	0
3965925	0
3967046	0.2
3967795	0.2
3968467	0.30000000000000004
3969554	0.1
3970698	0.1
3971891	0.2
3973055	0.30000000000000004
3974804	0.30000000000000004
3975711	0.1
3976903	0.2
3978064	0.1
3979277	0
3980326	0.1
3981579	0.2
3983575	0.4
3985179	0.7
3987284	0.5
3988475	0.1
3989458	0.1
3990306	0.2
3992426	0.2
3993899	1.0999999999999999
3994623	0.9999999999999999
3995174	0
3995936	0.2
3996735	0.2
3997541	0
3999064	0.5
4000674	0.7999999999999999
4001901	1.8000000000000005
4002609	1.8000000000000005
4003003	1.5000000000000002
4003733	1.5000000000000002
4004463	0.1
4005296	0
4006775	0.1
4008067	0.30000000000000004
4008749	0.30000000000000004
4009681	0.2
4010600	0.2
4011525	0.2
4012339	0.2
4014183	1.8000000000000005
4015761	1.7000000000000004
4016811	0.6
4018046	0.6
4019232	0
4019926	0.1
4021046	0.1
4022079	0
4022475	0
4023124	0.30000000000000004
4023945	0.30000000000000004
4024577	0.1
4025734	0.1
4026877	0.1
4028190	0.1
4029876	0.2
4031826	0.2
4032799	0.30000000000000004
4033870	0.2
4034880	0.4
4041169	0.2
4041707	0.1
4042203	0.1
4042908	0
4043731	0.30000000000000004
4044914	0.4
4046136	0.4
4046814	0.4
4048359	0.30000000000000004
4050449	0.2
4051601	0.1
4052731	0.1
4053702	0
4054573	0.1
4055814	0.4
4057329	0.30000000000000004
4059318	2.0000000000000004
4060802	2.1000000000000005
4061655	2.3000000000000007
4062879	2.600000000000001
4063949	0.7999999999999999
4068258	0.7
4069938	0.7999999999999999
4071135	0.6
4072212	0.7999999999999999
4073123	0.5
4074187	0.4
4075061	0.4
4075852	0.5
4076582	0.1
4077233	0.1
4077967	2.3000000000000007
4078902	2.600000000000001
4079400	2.9000000000000012
4079848	0.8999999999999999
4080060	0.7
4080763	0.7
4081542	0.1
4082308	0
4083979	0
4085528	0
4086432	4.200000000000001
4087529	4.6
4088981	4.6
4090390	4.699999999999999
4091640	4.899999999999999
4092600	5.099999999999998
4093281	1.2
4093860	0.4
4095352	0.30000000000000004
4096713	0.30000000000000004
4098154	0.5
4099025	0.5
4100008	0.6
4101120	0.4
4102181	0.1
4103159	0.1
4104288	0.1
4105321	0
4106070	2.700000000000001
4106920	2.9000000000000012
4107369	0.2
4108033	0.2
4109328	0.1
4110307	0.1
4111123	0
4111914	0
4112535	0
4113116	0
4113507	0
4114099	0
4115074	0
4116468	0
4117667	0.2
4118640	0.4
4119087	0.2
4119886	0.1
4121081	0.2
4122022	0.1
4122807	0
4123943	0.30000000000000004
4125711	0.30000000000000004
4127119	1.7000000000000004
4127590	1.8000000000000005
4128236	0.6
4129252	0.2
4131051	0.7999999999999999
4133061	0.8999999999999999
4134925	0.2
4136560	0.30000000000000004
4137348	0.30000000000000004
4138483	0.30000000000000004
4139377	0.4
4140970	0.5
4143069	0.30000000000000004
4143784	0.4
4145143	0.6
4146697	0.5
4147308	0.1
4147891	0.2
4149398	0.2
4151772	0.1
4154271	0.2
4155503	0.2
4156401	0.1
4157536	0.5
4158948	0.4
4160090	0.30000000000000004
4161419	0.4
4161950	0.1
4162720	0.5
4164561	0.6
4165856	0.8999999999999999
4172571	0.8999999999999999
4173564	0.30000000000000004
4174539	0.6
4177549	0.6
4178015	0.2
4178661	0.1
4179231	0
4180244	0
4180742	0.1
4183259	0.1
4187461	0.4
4190055	0.30000000000000004
4191301	0.30000000000000004
4192250	0.2
4192737	0.2
4193198	0.1
4193886	0
4195151	0
4196570	0
4197289	0.1
4198248	0.1
4199125	0.30000000000000004
4199799	0.2
4200417	0.1
4200943	0
4201475	0.30000000000000004
4202624	0.6
4203982	0.5
4205286	0.2
4206737	1.2
4213425	1.2
4213901	1.2
4214744	0.5
4216278	0.2
4217761	0.1
4219464	0.30000000000000004
4221394	0.2
4223216	0.30000000000000004
4225669	0.5
4228546	0.6
4229797	0.9999999999999999
4230790	0.8999999999999999
4231495	1.6000000000000003
4232558	1.5000000000000002
4234582	0.4
4236027	0.2
4236581	0.2
4237265	0.1
4238682	0.4
4240530	0.5
4241516	0.2
4243071	0.30000000000000004
4244303	0.1
4245824	0.2
4246559	0.30000000000000004
4247341	0.30000000000000004
4248641	0
4250014	0.4
4250525	0.6
4250800	0.7
4251619	0.6
4252754	0.4
4253452	0.1
4255254	0.1
4256821	0.1
4257419	0
4258458	0
4259341	0
4259745	0.6
4260448	0.7
4260952	3.2000000000000015
4262187	3.1000000000000014
4262961	0.1
4263739	0.7999999999999999
4265021	1.0999999999999999
4266321	0.6
4267710	1.0999999999999999
4268910	0.9999999999999999
4269770	1.0999999999999999
4270446	0.1
4270836	0.2
4272460	0.1
4274393	0.7999999999999999
4274900	0.7999999999999999
4276264	0.30000000000000004
4277221	0.5
4277701	0.5
4279153	0.30000000000000004
4280804	0.5
4282429	0.30000000000000004
4284077	0.30000000000000004
4285056	0.2
4286392	0.30000000000000004
4288482	0.30000000000000004
4289528	0.2
4290143	0
4290954	0.1
4292359	0.1
4293354	0
4293841	0
4295137	0
4296780	0.4
4298058	0.5
4299156	0.2
4300297	0.30000000000000004
4302052	0.5
4303593	0.4
4304265	0.2
4305604	0.2
4307334	0.1
4308130	0
4308979	0.4
4310214	0.5
4311574	0.30000000000000004
4312546	0.2
4313574	0.2
4314032	0.5
4314723	0.4
4315321	0.2
4315803	0.2
4316650	0.2
4317555	0.1
4318385	0
4319183	0.30000000000000004
4320131	0.30000000000000004
4320955	0.2
4321470	0
4322059	0.1
4322627	0.1
4323844	0.2
4324771	0.2
4325519	0.1
4326566	0.30000000000000004
4328249	0.5
4329799	0.5
4331253	0.4
4332160	0
4332731	0
4333616	0
4334768	0.1
4336362	0.2
4337548	0.4
4339389	0.7999999999999999
4341174	0.6
4342588	0.7999999999999999
4344085	0.7
4345243	0.7
4346503	0.2
4348074	0.2
4349674	0.2
4350846	0.4
4351958	0.7999999999999999
4352221	0.7999999999999999
4352732	0.6
4352994	0.1
4353958	0.30000000000000004
4355682	0.4
4357543	0.5
4359364	0.9999999999999999
4361165	5.799999999999995
4363020	5.599999999999996
4364193	0.1
4365187	0.1
4366122	0.1
4367609	0.1
4368902	0.1
4369784	0.1
4370834	0
4371848	0
4372985	0
4373799	0.1
4375143	0.1
4375982	0.2
4376379	0.2
4376626	0.2
4377033	0
4377455	0.1
4378377	0.5
4379186	0.5
4379574	0.4
4380150	0.4
4381414	0.6
4383131	0.6
4384612	0.5
4385550	0.5
4385867	0.4
4387708	0.30000000000000004
4389876	0
4390983	0
4391876	0
4393497	0.1
4394847	0.2
4395815	0.30000000000000004
4396733	0.2
4398335	0.2
4399727	0.2
4400442	0.2
4401312	0.2
4402667	0.1
4403802	0
4404484	0.1
4405336	0.1
4406402	0
4407874	0
4409640	0.30000000000000004
4410333	0.4
4410902	0.4
4411631	0.30000000000000004
4412178	0.5
4412706	0.5
4413609	0.5
4415087	0.2
4416154	0
4416605	0
4417326	0
4418075	0.1
4419093	0.2
4420678	0.2
4421545	0.1
4421940	0.1
4422511	0.6
4423273	0.5
4424043	0.2
4424653	0.30000000000000004
4425315	0.1
4425677	0
4425952	0.1
4426332	2.400000000000001
4427025	3.0000000000000013
4427932	3.0000000000000013
4428398	0.6
4429245	0.2
4430570	0.6
4431652	0.5
4432573	0.1
4433594	0.2
4434303	0.4
4435593	0.30000000000000004
4437125	0.4
4438176	0.2
4438985	0.30000000000000004
4439690	0.2
4440543	0.4
4441857	0.30000000000000004
4443248	0.4
4446001	0.4
4448064	0.7999999999999999
4448572	0.7999999999999999
4448885	0.7
4449387	0.7999999999999999
4450440	0.5
4451809	0.7999999999999999
4453085	0.7
4454080	0.30000000000000004
4455110	0
4456471	0
4457589	0
4458635	0
4459704	0.2
4460132	0.2
4461591	0.30000000000000004
4463881	0.4
4465469	0.2
4466772	0.2
4468973	0.30000000000000004
4470720	0.30000000000000004
4471216	0
4471927	0.7
4473011	0.8999999999999999
4473696	0.8999999999999999
4474420	0.7999999999999999
4475088	1.3
4476344	0.8999999999999999
4478681	0.8999999999999999
4479285	0.1
4480328	0.30000000000000004
4482409	0.30000000000000004
4484058	0.2
4485195	0.1
4486778	0.4
4487859	0.5
4489312	0.8999999999999999
4490640	0.7999999999999999
4491865	0.8999999999999999
4492969	1.5000000000000002
4493890	1.7000000000000004
4494904	1.5000000000000002
4495699	8.599999999999985
4496624	8.799999999999985
4499798	8.899999999999984
4500258	9.699999999999982
4500611	5.899999999999995
4502767	5.4999999999999964
4504666	1.6000000000000003
4505846	0.8999999999999999
4506510	0.6
4506801	1.6000000000000003
4510004	1.6000000000000003
4511936	0.7
4512910	0.30000000000000004
4513857	0.1
4515515	0.1
4517240	0.2
4517974	2.3000000000000007
4519831	2.3000000000000007
4521345	0.8999999999999999
4525409	0.7999999999999999
4526497	0.4
4527221	0.5
4527764	0.2
4528514	0.30000000000000004
4531090	0.30000000000000004
4532810	0.30000000000000004
4533511	0.2
4533924	2.3000000000000007
4535523	5.299999999999997
4537104	5.099999999999998
4538212	3.0000000000000013
4539143	2.9000000000000012
4541258	2.9000000000000012
4542335	2.600000000000001
4543389	2.400000000000001
4544018	3.2000000000000015
4544666	2.500000000000001
4548536	2.1000000000000005
4549259	1.2
4550624	1.2
4552228	0.4
4553631	0.2
4554480	0.2
4554986	0.7
4555905	0.7
4556624	0.7
4557189	1.2
4557833	0.7999999999999999
4558940	0
4559769	0.1
4560338	0.30000000000000004
4561207	0.8999999999999999
4562086	0.8999999999999999
4563228	0.4
4563796	0.30000000000000004
4564305	0.1
4565274	0.30000000000000004
4566606	0.5
4567903	5.399999999999997
4571833	5.699999999999996
4573172	5.399999999999997
4575495	5.399999999999997
4577435	5.599999999999996
4578656	7.499999999999989
4579669	4.200000000000001
4580765	4.4
4582253	5.4999999999999964
4585005	4.4
4587406	4.799999999999999
4588387	5.099999999999998
4588977	2.2000000000000006
4590204	3.5000000000000018
4592484	4.5
4594041	3.4000000000000017
4595394	1.6000000000000003
4596501	0.7
4598295	0.2
4599942	0
4600606	0.1
4601247	0.1
4601860	0
4602473	0.1
4603839	0.2
4604498	0.2
4605269	0.2
4605922	0.30000000000000004
4607184	0.4
4608009	0.1
4608408	0
4608984	3.3000000000000016
4610208	3.3000000000000016
4611698	0
4612208	0
4612947	0
4613870	0
4615111	0.4
4616290	0.4
4617712	0.4
4618890	0.2
4620214	0.1
4621242	0.2
4622434	0.30000000000000004
4623609	0.4
4624467	0.2
4625379	0.2
4626603	0.1
4627931	0.7
4628664	0.7999999999999999
4629688	0.7
4631701	0
4632938	0
4633489	0
4634120	0.1
4634875	0.1
4635757	0.1
4636351	0.1
4637408	0.30000000000000004
4638854	0.4
4639948	0.30000000000000004
4641285	0
