organism=Escherichia_coli_300_genomes	genome=GCF_000005845.2_ASM584v2	contig=NC_000913.3	method=probabilistic complexity
position	complexity
1568	0
3267	0
4377	0.038461538461538464
5382	0.07584798150835886
6071	0.11254831820869556
7244	0.05488215488215488
8714	0.01818181818181818
9599	0
10211	0
10999	0
11584	0.03333333333333333
13121	0.25913978494623646
14733	1.545340501792113
18072	1.5243455581157173
19170	1.1482461646776156
20946	1.049844913151364
21877	0.13822843822843822
23799	0.015151515151515152
25454	0
26050	0
26752	0.05694164989939638
27750	0.0849150458305388
28784	0.05614799910574558
30225	0.05461454605290222
32427	0.17394637788473408
34497	0.14655405405405408
35076	0.03899122807017544
35769	0.05146542054436791
37047	0.06378626647613989
38506	0.07595342421291788
39815	0.0629746835443038
41174	0.02484567901234568
42788	0.036735922914784704
43658	0.024390243902439025
44823	0
45606	0
46472	0.023255813953488372
47511	0.03475006682705159
48700	0.1131374816072022
50007	0.3805271819316765
50801	0.3905118601747816
51417	0.1
52019	0
52921	0.010752688172043012
54059	0.021390986044383435
55932	0.010638297872340424
57771	0.020517676767676768
58799	0.03082695511819223
59200	0.03082695511819223
60016	0.040927965219202334
61811	0.0301010101010101
64604	0.0301010101010101
66202	0.02
67586	0.02
69198	0.07
70826	0.2300000000000001
71733	0.22000000000000008
72578	0.060000000000000005
73716	0.060000000000000005
74988	0.07
76471	0.060000000000000005
77453	0.04
78210	0.04
79150	0.05
80164	0.03
81412	0.03
82743	0.07
84840	0.08
86492	0.04
87602	0.03
88530	0.03
89863	0.01
90564	0.01
91214	0.03
92296	0.02
93909	0.02
95329	0.01
96543	0.01
97745	0.01
99025	0
100177	0
101502	0
102693	0
103570	0
104613	0
105880	0
107015	0.01
107923	0.03
109631	0.07
111238	0.05
111747	0.03
112227	0
112909	0.02
113965	0.03
115123	0.03
116406	0.04
117329	0.03
118198	0.02
119008	0.01
119708	0.02
120863	0.02
122474	0
124348	0.01
126641	0.01
128624	0.01
130333	0.03
132913	0.02
134569	0.02
135185	0.01
136031	0
136724	0.01
137858	0.02
140030	0.02
141699	0.02
142339	0
143242	0
144087	0
144797	0
145695	0.01
146504	0.04
147419	0.08
148369	0.05
149204	0.08
150334	0.12999999999999998
151301	0.15
151928	0.11
152527	0.11
154127	0.14
155831	0.14
156591	0.09
157492	0.04
158411	0
159649	0.01
160376	0.01
161134	0.02
161766	0.02
163319	0.02
165997	0.1
168605	0.09
170176	0.04
171020	0.04
172453	0.04
174242	0.03
175817	0.02
176782	0.02
177312	0.03
178062	0.03
178804	0.04
179995	0.03
181596	0.03
183041	0.05
183902	0.060000000000000005
184628	0.02
185535	0.03
187314	0.01
189109	0.01
190236	0
191282	0
192217	0
193150	0.01
194119	0.01
195285	0.01
195740	0.01
196159	0.01
197222	0.02
199144	0.02
200724	0.01
201483	0
202328	0
202954	0
203922	0
204791	0.01
206867	0.01
209100	0.03
210749	0.03
212071	0.03
212980	0.01
213808	0.01
214025	0.02
214563	0.02
215044	0
215624	0.03
216591	0.03
217916	0.04
219240	0.03
219793	0.03
220520	0.03
221294	0.060000000000000005
222129	0.07
223120	0.09
229568	0.08
230424	0.22000000000000008
231532	0.20000000000000004
232237	0.20000000000000004
233207	0.20000000000000004
234404	0.20000000000000004
235177	0.19000000000000003
235768	0.19000000000000003
236428	0.5200000000000002
237727	0.9600000000000006
238496	1.1000000000000008
238915	1.5400000000000011
239804	1.6300000000000012
240593	0.5900000000000003
242081	0.5600000000000003
243832	0.5600000000000003
244710	0.5400000000000003
245435	0.5600000000000003
246100	0.5600000000000003
246372	0.6200000000000003
247148	0.7600000000000005
247885	0.7800000000000005
249227	0.8900000000000006
250509	0.8300000000000005
251425	0.7100000000000004
252151	0.7900000000000005
252500	0.8300000000000005
252974	0.9300000000000006
253600	0.9000000000000006
253952	0.8600000000000005
254987	0.8600000000000005
256206	0.8300000000000005
257149	0.8200000000000005
258870	0.8300000000000005
259572	0.8500000000000005
260939	0.8500000000000005
262129	1.1800000000000008
263160	1.490000000000001
265423	2.07
269735	1.8600000000000017
273419	2.159999999999998
275203	1.8800000000000017
276014	1.7900000000000014
277181	1.7900000000000014
278279	1.8700000000000017
278995	2.1199999999999988
281400	2.2699999999999956
286086	1.9900000000000015
287594	2.020000000000001
288783	2.06
291865	1.9200000000000017
293569	2.0400000000000005
294372	1.9000000000000017
295030	1.8300000000000016
295359	1.750000000000001
296358	1.750000000000001
297586	1.8600000000000017
298248	1.2300000000000009
299835	1.0800000000000007
301409	1.0700000000000007
302228	1.1200000000000008
303298	1.0900000000000007
304850	0.7700000000000005
305995	0.6400000000000003
308069	0.6200000000000003
309692	0.6400000000000003
310377	0.6500000000000004
311017	0.6900000000000004
312444	0.8000000000000005
312647	0.7200000000000004
313191	0.9200000000000006
314800	1.0600000000000007
316793	1.1200000000000008
318022	0.8900000000000006
319338	0.6400000000000003
320654	0.47000000000000025
321967	0.46000000000000024
323051	0.46000000000000024
324105	0.3200000000000001
325030	0.5300000000000002
326412	0.6800000000000004
327997	0.4900000000000002
329040	0.34000000000000014
330479	0.35000000000000014
332915	0.36000000000000015
333967	0.3000000000000001
334773	0.3100000000000001
335582	0.3100000000000001
336356	0.3100000000000001
337551	0.4300000000000002
339034	0.5600000000000003
339929	0.4400000000000002
340640	0.5900000000000003
341816	0.5600000000000003
343408	0.5200000000000002
344583	0.3300000000000001
345982	0.25000000000000006
346621	0.21000000000000005
347650	0.20000000000000004
349127	0.20000000000000004
349741	0.19000000000000003
350596	0.19000000000000003
351940	0.19000000000000003
353649	0.21000000000000005
355551	0.18000000000000002
356812	0.18000000000000002
358240	0.18000000000000002
359128	0.17
359724	0.19000000000000003
360555	0.21000000000000005
361554	0.22000000000000008
362552	0.2300000000000001
364768	0.3100000000000001
366973	0.48000000000000026
368003	0.5000000000000002
369443	0.3000000000000001
370749	0.26000000000000006
371672	0.19000000000000003
372519	0.21000000000000005
373396	0.18000000000000002
374374	0.17
376064	0.18000000000000002
377041	0.18000000000000002
377951	0.14
379016	0.11
379743	0.18000000000000002
380455	0.4000000000000002
381065	0.4300000000000002
383337	0.35000000000000014
383994	0.2900000000000001
384337	0.36000000000000015
385713	0.3000000000000001
386590	0.11999999999999998
387384	0.08
388220	0.11
389240	0.2900000000000001
394817	0.26000000000000006
395708	0.22000000000000008
396383	0.14
397249	0.14
398419	0.14
399179	0.11999999999999998
399699	0.11
400376	0.11
401516	0.11
402454	0.11
403441	0.08
404260	0.08
405239	0.08
405993	0.04
406667	0
407074	0
407766	0.03
408319	0.11999999999999998
408687	0.11
409596	0.1
410598	0.05
411931	0.04
414180	0.02
416351	0.01
417486	0
418536	0.03
420250	0.04
421672	0.05
423423	0.1
424627	0.17
425546	0.11
426700	0.02
427453	0.03
428587	0.03
429990	0.04
430778	0.03
431571	0.04
432581	0.060000000000000005
433226	0.04
434006	0.01
434882	0
435346	0
436122	0.03
436848	0.07
437648	0.05
439246	0.02
440651	0.01
441222	0
442273	0.01
443346	0.02
444059	0.02
444928	0.11999999999999998
445984	0.2800000000000001
447260	0.2700000000000001
447881	0.09
448353	0.03
449645	0.01
451136	0.01
452807	0.01
453878	0
454632	0
455782	0
456988	0.01
458063	0.02
460065	0.01
461587	0
462850	0.01
464122	0.060000000000000005
464601	0.05
465199	0.05
466462	0.07
467821	0.09
468612	0.07
469757	0.07
471526	0.05
472767	0.060000000000000005
473609	0.05
474731	0.05
475665	0.060000000000000005
476137	0.08
476848	0.08
477842	0.07
479016	0.07
479642	0.05
480199	0.05
480521	0.08
485022	0.11
486084	0.08
488217	0.07
490190	0.060000000000000005
490548	0.05
491070	0.05
491687	0.05
493057	0.060000000000000005
494240	0.060000000000000005
494707	0.05
496057	0.05
497497	0.05
498536	0.05
499493	0.060000000000000005
500777	0.060000000000000005
502400	0.060000000000000005
504086	0.1
505740	0.1
506842	0.09
507683	0.11
508388	0.09
510127	0.060000000000000005
512107	0.1
513222	0.38000000000000017
514196	0.7600000000000005
514630	0.5800000000000003
515314	0.3300000000000001
516257	0.3000000000000001
516972	0.3000000000000001
517852	0.2900000000000001
518725	0.3000000000000001
519435	0.37000000000000016
520076	0.38000000000000017
521623	0.4000000000000002
527765	0.3900000000000002
528770	0.4000000000000002
529830	0.5100000000000002
530679	0.4100000000000002
531758	0.4100000000000002
532692	0.4100000000000002
533418	0.4000000000000002
534806	0.4300000000000002
536098	0.4400000000000002
537025	0.45000000000000023
538360	0.48000000000000026
539827	0.48000000000000026
541215	0.38000000000000017
542460	0.37000000000000016
543653	0.37000000000000016
544674	0.37000000000000016
545838	0.37000000000000016
547513	0.37000000000000016
548986	0.3300000000000001
550034	0.3100000000000001
550885	0.3100000000000001
552060	0.3100000000000001
552845	0.3200000000000001
553579	0.3200000000000001
554190	0.3100000000000001
555303	0.3100000000000001
556292	0.3100000000000001
556767	0.3200000000000001
557308	0.5200000000000002
558483	0.5300000000000002
559320	0.5400000000000003
560998	0.5800000000000003
562830	0.5700000000000003
563587	0.5300000000000002
564164	0.9200000000000006
565396	1.2300000000000009
566229	1.8300000000000016
566731	3.0199999999999796
568481	3.45999999999997
569665	3.8799999999999617
571168	3.94999999999996
571852	3.889999999999961
572693	4.539999999999948
573006	3.5799999999999677
573229	4.019999999999959
573552	3.93999999999996
573801	3.9999999999999583
574147	3.9699999999999593
574590	3.419999999999971
576291	3.6299999999999666
577861	3.699999999999965
578746	3.4499999999999704
579983	2.5599999999999894
582367	2.06
584055	1.010000000000001
585156	0.9200000000000006
586527	0.8100000000000005
587536	0.5700000000000003
589468	0.7800000000000005
592059	1.2300000000000009
594049	1.2400000000000009
595101	0.37000000000000016
596286	0.4900000000000002
597297	0.4300000000000002
598090	0.4300000000000002
600285	0.21000000000000005
602647	0.22000000000000008
604039	0.19000000000000003
605097	0.18000000000000002
605702	0.19000000000000003
606075	0.18000000000000002
606824	0.4300000000000002
607862	0.35000000000000014
609830	0.3000000000000001
611374	0.02
613338	0.01
614051	0
616097	0.05
618820	0.1
620692	0.1
621687	0.060000000000000005
622925	0.04
624032	0.02
625472	0.01
626875	0
628122	0
628924	0
629506	0.02
630946	0.03
632280	0.02
632933	0.01
634166	0.060000000000000005
635061	0.08
635959	0.1
637167	0.09
638200	0.04
639226	0.02
640520	0.01
641653	0.04
642707	0.05
643374	0.04
643762	0.04
644600	0.01
645848	0.02
647070	0.02
647759	0.02
648805	0.02
650036	0.03
650635	0.03
651327	0.04
653064	0.05
654202	0.05
655275	0.04
656837	0.04
657396	0
657746	0.01
658144	0.01
658536	0.01
659048	0
659733	0.01
660901	0.01
661957	0.01
662510	0.01
663393	0.02
664646	0.01
665757	0.01
667266	0
668481	0
668877	0
669601	0
670251	0
671089	0
671895	0.01
673492	0.01
675259	0.04
677064	0.060000000000000005
678128	0.11
679861	0.12999999999999998
680937	0.11
682558	0.08
683944	0.07
684892	0.03
685592	0.03
686299	0.02
687293	0.03
690112	0.04
691345	0.02
692107	0.01
692877	0
694243	0
695688	0.01
698345	0.02
699950	0.01
700984	0
702177	0
703211	0
704917	0.09
705921	0.09
706925	0.11999999999999998
709037	0.03
709953	0.01
710423	0.02
711200	0.02
711786	0
712420	0
713259	0
714378	0.03
715659	0.05
716492	0.07
717605	0.11999999999999998
719361	0.22000000000000008
720711	0.21000000000000005
721394	0.16
723072	0.03
724693	0.04
726012	0.05
727895	0.04
729237	0.4400000000000002
733939	0.4400000000000002
735934	0.38000000000000017
736572	0.4000000000000002
739255	0.35000000000000014
740216	0.09
741815	0.02
743198	0.03
743921	0.02
744709	0.03
745532	0.02
746330	0.02
747246	0.12999999999999998
748451	0.15
749343	0.2700000000000001
753826	0.2700000000000001
754727	0.01
755364	0.01
755733	0.02
756790	0.02
758047	0.03
760106	0.02
762130	0
763597	0.01
764614	1.0000000000000009
767002	1.0600000000000007
769294	1.6300000000000012
772242	1.6200000000000012
773611	0
774252	0
774455	0
774954	0
775499	0.01
776063	0.01
776974	0
778386	0
779327	0
779993	0.01
782606	0.01
783525	0.01
784352	0.01
785127	0.01
786159	0
787219	0
788317	0.02
789405	0.03
790506	0.03
791547	0.02
793052	0.01
794250	0.01
794847	0.01
795475	0.01
796206	0.01
797083	0.01
798022	0.01
799083	0.02
800098	0.05
801285	0.08
802603	0.15
804633	0.15
806639	0.1
807671	0.12999999999999998
808612	0.07
809864	0.05
810958	0.060000000000000005
811899	0.060000000000000005
812608	0.07
814536	0.060000000000000005
816193	0.060000000000000005
817538	0.060000000000000005
818311	0.05
818812	0.04
819170	0.04
819521	0.07
820236	0.25000000000000006
821149	0.2700000000000001
822020	0.14
823118	0.05
824116	0.05
824835	0.05
825555	0.060000000000000005
826685	0.060000000000000005
828113	0.07
829471	0.05
830307	0.08
831554	0.18000000000000002
832692	0.19000000000000003
834077	0.19000000000000003
835729	0.11
836893	0.08
837795	0.08
838323	0.060000000000000005
838867	0.08
840390	0.08
841926	0.07
842795	0.060000000000000005
844367	0.07
846102	0.060000000000000005
846789	0.05
847631	0.060000000000000005
848659	0.07
849653	0.07
850707	0.08
851805	0.060000000000000005
852933	0.08
853416	0.08
854206	0.060000000000000005
855284	0.08
856759	0.16
858428	0.15
859620	0.09
861390	0.060000000000000005
863061	0.060000000000000005
863973	0.05
864754	0.04
865746	0.07
867050	0.1
868455	0.12999999999999998
870180	0.11
871427	0.07
872345	0.05
874153	0.060000000000000005
875999	0.11999999999999998
877372	0.1
878439	0.07
879299	0.08
880167	0.08
881328	0.08
882355	0.08
883090	0.1
884289	0.09
885085	0.07
885723	0.09
886694	0.09
887691	0.21000000000000005
888976	0.21000000000000005
890277	0.12999999999999998
890624	0.11999999999999998
891056	0.11999999999999998
891545	0.11999999999999998
892418	0.12999999999999998
893195	0.12999999999999998
894340	0.11999999999999998
895557	0.14
896610	0.14
897506	0.12999999999999998
898233	0.12999999999999998
899081	0.12999999999999998
900209	0.15
901200	0.11999999999999998
901892	0.1
902622	0.1
903370	0.11999999999999998
904209	0.16
904754	0.16
905328	0.12999999999999998
906246	0.12999999999999998
907567	0.12999999999999998
908793	0.11999999999999998
910190	0.12999999999999998
911666	0.12999999999999998
912988	0.11
914407	0.11999999999999998
915699	0.14
917302	0.14
918624	0.12999999999999998
919792	0.11999999999999998
921320	0.12999999999999998
922478	0.3900000000000002
923073	0.4400000000000002
924402	0.3100000000000001
926334	0.3300000000000001
927080	0.21000000000000005
928334	0.21000000000000005
930079	0.20000000000000004
931567	0.19000000000000003
932842	0.20000000000000004
935218	0.19000000000000003
937677	0.19000000000000003
938665	0.18000000000000002
940074	0.20000000000000004
942181	0.35000000000000014
943722	0.2800000000000001
944464	0.26000000000000006
945244	0.25000000000000006
946445	0.26000000000000006
947944	0.3200000000000001
949114	0.3200000000000001
949963	0.3100000000000001
950710	0.35000000000000014
952413	0.18000000000000002
954037	0.11
955752	0.08
957108	0.060000000000000005
958197	0.07
959453	0.36000000000000015
960646	0.37000000000000016
961542	0.09
962831	0.07
963970	0.08
965452	0.09
967495	0.15
968859	0.14
970005	0.1
970764	0.09
971225	0.07
972198	0.060000000000000005
973011	0.060000000000000005
973929	0.060000000000000005
974980	0.060000000000000005
975974	0.08
978556	0.09
981970	0.08
983349	0.060000000000000005
983973	0.060000000000000005
985114	0.07
986438	0.1
988285	0.1
989755	0.08
991928	0.08
993660	0.08
994436	0.05
995415	0.060000000000000005
996464	0.03
997224	0.18000000000000002
998137	0.5800000000000003
998840	0.5200000000000002
1002342	0.3200000000000001
1003160	0.25000000000000006
1004312	0.20000000000000004
1005273	0.05
1006223	0
1007045	0.01
1008898	0.01
1010917	0
1012627	0.01
1014079	0.01
1015177	0.01
1015798	0
1016265	0.01
1017419	0.01
1018711	0.02
1019533	0.01
1020664	0.01
1021452	0.02
1022811	0.01
1024125	0
1025498	0
1026786	0.02
1027442	0.02
1028152	0.01
1028562	0.01
1029366	0.01
1030203	0
1030503	0
1031088	0.03
1032698	0.11
1034150	0.09
1035419	0.08
1036063	0.05
1036553	0.060000000000000005
1037177	0.060000000000000005
1038512	0.07
1039864	0.07
1040491	0.07
1041266	0.09
1043120	0.09
1044453	0.19000000000000003
1046897	0.20000000000000004
1048318	0.14
1049010	0.11999999999999998
1049591	0.12999999999999998
1051567	0.15
1052153	0.12999999999999998
1052825	0.20000000000000004
1054783	0.26000000000000006
1056775	0.37000000000000016
1057608	0.36000000000000015
1058670	0.36000000000000015
1060529	0.3200000000000001
1062098	0.2900000000000001
1062702	0.2800000000000001
1063315	0.3200000000000001
1064664	0.3100000000000001
1066205	0.3100000000000001
1066977	0.2800000000000001
1067410	0.36000000000000015
1068167	0.45000000000000023
1069175	0.4300000000000002
1070107	0.3300000000000001
1070660	0.2700000000000001
1071365	0.25000000000000006
1071966	0.22000000000000008
1072518	0.2300000000000001
1073408	0.2300000000000001
1074561	0.25000000000000006
1076901	0.2700000000000001
1079041	0.2900000000000001
1080059	0.4000000000000002
1081411	0.34000000000000014
1081825	0.34000000000000014
1082806	0.3100000000000001
1084011	0.4100000000000002
1085524	0.5200000000000002
1086312	0.48000000000000026
1087183	0.48000000000000026
1088848	0.5200000000000002
1091077	0.6200000000000003
1093555	0.7900000000000005
1095684	0.8200000000000005
1096336	0.8000000000000005
1098355	0.8400000000000005
1099247	0.34000000000000014
1099917	0.20000000000000004
1100526	0.21000000000000005
1101267	0.2300000000000001
1101919	0.22000000000000008
1102346	0.22000000000000008
1102871	0.24000000000000007
1104178	0.24000000000000007
1104674	0.22000000000000008
1105127	0.22000000000000008
1105569	0.21000000000000005
1106086	0.20000000000000004
1107035	0.20000000000000004
1108362	0.22000000000000008
1110119	0.26000000000000006
1112149	0.2300000000000001
1113692	0.20000000000000004
1113994	0.3900000000000002
1114877	0.26000000000000006
1116122	0.26000000000000006
1117333	0.060000000000000005
1118188	0.060000000000000005
1118763	0.060000000000000005
1119363	0.05
1120027	0.05
1120828	0.060000000000000005
1121364	0.07
1122084	0.04
1122993	0.02
1123730	0.01
1124722	0.02
1125854	0.02
1126480	0.03
1127267	0.02
1128606	0.02
1129622	0.03
1129981	0.03
1130533	0.02
1131226	0.02
1131640	0.01
1132201	0.02
1133178	0.03
1134179	0.04
1135120	0.03
1135913	0.03
1136822	0.03
1137841	0.03
1139199	0.04
1140509	0.09
1142774	0.1
1145419	0.04
1146322	0
1147054	0
1147453	0
1148171	0
1149235	0.02
1150192	0.02
1151037	0
1151733	0
1152559	0
1153704	0.01
1154623	0.02
1155444	0.03
1156264	0.03
1157175	0.05
1158585	0.09
1160456	0.09
1162064	0.14
1162435	0.09
1162958	0.09
1163672	0.09
1164607	0.09
1165414	0.1
1166737	0.12999999999999998
1167868	0.12999999999999998
1168547	0.1
1169201	0.11
1169891	0.11
1172265	0.11
1174628	0.11
1176026	0.11999999999999998
1176969	0.11
1177945	0.11
1179048	0.11999999999999998
1179939	0.17
1180873	0.14
1181494	0.12999999999999998
1182306	0.11999999999999998
1183223	0.4200000000000002
1184045	0.8700000000000006
1185026	0.8000000000000005
1186457	0.7900000000000005
1187679	1.2000000000000008
1189046	1.740000000000001
1190111	1.5400000000000011
1191301	1.440000000000001
1192310	1.400000000000001
1193220	1.390000000000001
1194057	1.410000000000001
1194624	1.480000000000001
1195748	1.8600000000000017
1197199	1.9400000000000015
1197880	2.0500000000000003
1199141	2.1899999999999973
1200242	2.349999999999994
1200909	2.4099999999999926
1201667	2.4499999999999917
1201930	2.53999999999999
1202596	3.1199999999999775
1203124	3.1599999999999766
1203546	2.5199999999999902
1203991	2.199999999999997
1204853	2.5999999999999885
1205640	2.5899999999999888
1205967	2.2699999999999956
1206547	1.450000000000001
1207205	1.450000000000001
1210762	0.9400000000000006
1211495	1.1700000000000008
1213693	0.9400000000000006
1214869	0.7100000000000004
1215907	0.7400000000000004
1216502	0.7300000000000004
1216872	0.7600000000000005
1218089	0.8800000000000006
1219092	1.0500000000000007
1220361	1.0900000000000007
1222469	1.0600000000000007
1222786	0.9200000000000006
1224412	0.8800000000000006
1224955	0.48000000000000026
1225732	0.4200000000000002
1226784	0.4300000000000002
1227271	0.4400000000000002
1227860	0.4400000000000002
1228408	0.4200000000000002
1229053	0.4300000000000002
1229938	0.4400000000000002
1230976	0.46000000000000024
1231820	0.4300000000000002
1232765	0.2900000000000001
1233946	0.14
1235297	0.15
1236475	0.17
1238220	0.4200000000000002
1239414	0.7500000000000004
1241203	0.9200000000000006
1242623	0.5700000000000003
1243485	0.47000000000000025
1244160	0.46000000000000024
1244855	0.8900000000000006
1245380	1.0400000000000007
1246527	0.9900000000000008
1248405	0.48000000000000026
1249441	0.3900000000000002
1250303	0.4200000000000002
1252025	0.5200000000000002
1254518	0.5000000000000002
1256386	0.48000000000000026
1257266	0.5000000000000002
1258221	0.2700000000000001
1258930	0.26000000000000006
1259950	0.2700000000000001
1261434	0.2700000000000001
1262451	0.24000000000000007
1263188	0.24000000000000007
1264342	0.24000000000000007
1265553	0.24000000000000007
1266510	0.24000000000000007
1267120	0.24000000000000007
1267724	0.3100000000000001
1268592	0.4200000000000002
1271299	0.47000000000000025
1272234	0.35000000000000014
1272844	0.2900000000000001
1273422	0.2900000000000001
1274481	0.3000000000000001
1275504	0.3000000000000001
1276720	0.3000000000000001
1277753	0.2900000000000001
1278652	0.3100000000000001
1281735	0.3200000000000001
1284373	0.3200000000000001
1285494	0.47000000000000025
1286187	0.8900000000000006
1288203	0.9000000000000006
1288903	0.2800000000000001
1289678	0.2300000000000001
1290748	0.15
1291911	0.16
1292715	0.15
1293835	0.20000000000000004
1294721	0.37000000000000016
1295229	0.36000000000000015
1296783	0.25000000000000006
1298921	0.26000000000000006
1299349	0.3200000000000001
1301975	0.4100000000000002
1303359	0.3000000000000001
1304288	0.2300000000000001
1305260	0.20000000000000004
1306266	0.17
1306985	0.18000000000000002
1307915	0.24000000000000007
1309642	0.36000000000000015
1310717	0.6200000000000003
1311441	0.5600000000000003
1312047	0.36000000000000015
1312620	0.35000000000000014
1313291	0.36000000000000015
1314339	0.4100000000000002
1314971	0.5100000000000002
1315520	0.45000000000000023
1315945	0.4900000000000002
1316819	0.2900000000000001
1317818	0.08
1319106	0.07
1320586	0.05
1322165	0.060000000000000005
1323660	0.060000000000000005
1324408	0.1
1325693	0.12999999999999998
1327289	0.18000000000000002
1328062	0.1
1328733	0.060000000000000005
1329856	0.05
1330542	0.05
1332346	0.08
1334342	0.09
1335224	0.060000000000000005
1335374	0.1
1335619	0.09
1337168	0.08
1338865	0.05
1339712	0.04
1340397	0.04
1341142	0.04
1342259	0.04
1342821	0.05
1343219	0.07
1343971	0.07
1344522	0.11
1345749	0.18000000000000002
1347945	0.17
1349543	0.24000000000000007
1350645	0.6200000000000003
1352231	0.5700000000000003
1353132	0.16
1354073	0.05
1354987	0.07
1356288	0.060000000000000005
1357545	0.1
1358494	0.11
1360199	0.11999999999999998
1361508	0.11999999999999998
1362189	0.12999999999999998
1363486	0.11999999999999998
1364872	0.1
1366182	0.08
1367423	0.09
1368413	0.060000000000000005
1368913	0.05
1369204	0.07
1369503	0.08
1369846	0.16
1371055	0.18000000000000002
1372555	0.19000000000000003
1373662	0.16
1374511	0.16
1375489	0.19000000000000003
1376428	0.20000000000000004
1377359	0.19000000000000003
1379017	0.15
1380477	0.19000000000000003
1381305	0.2300000000000001
1382399	0.19000000000000003
1383462	0.16
1384815	0.14
1386041	0.11
1387490	0.12999999999999998
1388558	0.12999999999999998
1389412	0.11999999999999998
1390234	0.12999999999999998
1390771	0.21000000000000005
1391393	0.2900000000000001
1392440	0.3300000000000001
1394033	0.25000000000000006
1395406	0.20000000000000004
1397493	0.2700000000000001
1398147	0.26000000000000006
1399150	0.36000000000000015
1399978	0.5800000000000003
1401010	0.6400000000000003
1402532	0.6600000000000004
1403910	0.6400000000000003
1405195	0.8800000000000006
1406260	0.9900000000000008
1407179	0.8000000000000005
1408541	0.7300000000000004
1409394	0.5900000000000003
1410197	0.6400000000000003
1411480	1.1700000000000008
1413344	1.380000000000001
1413635	1.740000000000001
1414388	2.3299999999999943
1417625	2.429999999999992
1417923	2.5499999999999896
1418118	3.239999999999975
1418853	3.179999999999976
1419389	3.3599999999999723
1420003	3.429999999999971
1420513	3.769999999999963
1420895	3.5799999999999677
1421547	3.2499999999999747
1422356	2.859999999999983
1423032	2.3699999999999934
1424527	2.099999999999999
1425508	2.1299999999999986
1425800	2.3099999999999947
1426968	2.5499999999999896
1429914	2.4599999999999915
1435402	1.9000000000000017
1436326	0.34000000000000014
1439022	0.3200000000000001
1441191	0.25000000000000006
1441532	0.26000000000000006
1442348	0.3100000000000001
1444370	0.34000000000000014
1445779	0.3100000000000001
1446043	0.6200000000000003
1446830	1.010000000000001
1448268	0.8700000000000006
1450212	0.9100000000000006
1452619	0.8600000000000005
1454391	0.8300000000000005
1455011	0.8200000000000005
1455537	0.7400000000000004
1456173	0.7500000000000004
1456965	0.7900000000000005
1457880	0.8900000000000006
1458658	0.9400000000000006
1459790	0.9400000000000006
1460682	0.8300000000000005
1461495	0.7700000000000005
1462781	0.7700000000000005
1464014	0.7100000000000004
1464766	0.8200000000000005
1474651	0.9100000000000006
1476297	0.5900000000000003
1477923	0.5900000000000003
1478674	0.5100000000000002
1480016	0.3900000000000002
1481543	0.20000000000000004
1482557	0.14
1485012	0.5200000000000002
1487635	0.7600000000000005
1488951	0.6900000000000004
1489838	0.6300000000000003
1490149	0.6300000000000003
1490655	0.5500000000000003
1491167	0.6500000000000004
1491763	0.7100000000000004
1492045	0.7200000000000004
1493290	0.7100000000000004
1494609	0.5800000000000003
1495959	0.5000000000000002
1497701	0.48000000000000026
1498763	0.4900000000000002
1499207	0.5000000000000002
1499959	0.5300000000000002
1501069	0.5100000000000002
1501858	0.5200000000000002
1502791	0.5700000000000003
1503505	0.5700000000000003
1504291	0.5700000000000003
1505492	0.5500000000000003
1506440	0.47000000000000025
1507761	0.4900000000000002
1508919	0.6200000000000003
1509374	0.6000000000000003
1509705	0.6900000000000004
1512226	0.6600000000000004
1513323	0.5100000000000002
1514301	0.46000000000000024
1515159	0.48000000000000026
1516290	0.5600000000000003
1517475	0.5700000000000003
1517764	0.5300000000000002
1518106	0.45000000000000023
1518587	0.48000000000000026
1519545	0.5000000000000002
1520594	0.5100000000000002
1522014	0.4900000000000002
1523837	0.5200000000000002
1525230	1.1100000000000008
1526555	2.06
1527046	3.1699999999999764
1530163	3.1599999999999766
1533168	2.9799999999999804
1533566	1.6500000000000012
1534446	0.6800000000000004
1535411	0.3100000000000001
1536277	0.04
1536961	0.05
1538081	0.09
1540720	0.12999999999999998
1543366	0.6900000000000004
1546700	0.6900000000000004
1547694	0.11
1549242	0.04
1550903	0.03
1551664	0.05
1552540	0.17
1553333	0.20000000000000004
1554820	0.11999999999999998
1555894	0.07
1556172	0.060000000000000005
1556840	0.17
1557575	0.2300000000000001
1558524	0.25000000000000006
1559462	0.4900000000000002
1560418	0.38000000000000017
1561706	0.3200000000000001
1562785	0.26000000000000006
1564533	0.22000000000000008
1566449	0.17
1568163	0.16
1569721	0.12999999999999998
1573798	0.16
1576433	0.17
1578499	0.14
1580211	0.19000000000000003
1581683	0.16
1583306	0.15
1583860	0.3900000000000002
1585346	0.5100000000000002
1587277	0.9100000000000006
1588044	1.260000000000001
1588574	2.2699999999999956
1591515	3.00999999999998
1592309	1.6000000000000012
1599413	1.6500000000000012
1600764	1.260000000000001
1602257	1.0900000000000007
1603533	0.9900000000000008
1604543	0.9800000000000006
1605562	0.8700000000000006
1606537	0.8600000000000005
1607144	0.8600000000000005
1607725	0.7700000000000005
1608565	0.7100000000000004
1609954	0.7800000000000005
1611380	0.8600000000000005
1612145	0.8000000000000005
1612788	0.6900000000000004
1614009	0.6900000000000004
1615244	0.7000000000000004
1616320	0.7300000000000004
1617623	0.7200000000000004
1618575	0.5700000000000003
1619337	0.5800000000000003
1619765	0.5400000000000003
1620098	0.7500000000000004
1620687	0.8200000000000005
1621925	0.6500000000000004
1622693	0.6700000000000004
1623405	0.6100000000000003
1624301	0.6300000000000003
1625032	0.5900000000000003
1626357	0.6000000000000003
1627890	0.5000000000000002
1628695	0.48000000000000026
1629316	0.5100000000000002
1630183	0.9700000000000006
1631643	2.020000000000001
1637695	2.3799999999999932
1638561	2.439999999999992
1639278	2.869999999999983
1639790	3.6699999999999657
1640209	4.519999999999948
1640677	3.93999999999996
1641446	4.119999999999957
1641961	4.189999999999955
1642865	4.979999999999938
1643779	5.129999999999935
1644776	5.029999999999937
1645489	4.1699999999999555
1645752	4.039999999999958
1646571	4.139999999999956
1647235	3.8199999999999625
1647491	5.169999999999934
1647735	5.069999999999936
1648137	5.489999999999927
1648729	5.279999999999932
1648932	5.019999999999937
1649127	4.719999999999944
1649703	3.8299999999999623
1649889	3.2499999999999747
1653405	2.3099999999999947
1654534	1.450000000000001
1655510	0.9600000000000006
1655978	0.5000000000000002
1656464	0.4900000000000002
1657120	0.5200000000000002
1657717	0.9300000000000006
1663298	0.9600000000000006
1664036	0.4400000000000002
1664813	0.3000000000000001
1665943	0.26000000000000006
1666871	0.2800000000000001
1667954	0.2800000000000001
1669145	0.2800000000000001
1670325	0.2700000000000001
1671530	0.26000000000000006
1672370	0.2300000000000001
1672984	0.25000000000000006
1673318	0.26000000000000006
1674430	0.21000000000000005
1675666	0.03
1677137	0.02
1678899	0
1680248	0.01
1681337	0.01
1681862	0.01
1682518	0.03
1683532	0.04
1684723	0.03
1685886	0.03
1687554	0.04
1689163	0.02
1690606	0.060000000000000005
1691477	0.07
1692218	0.09
1693576	0.09
1695165	0.060000000000000005
1696751	0.05
1697656	0.05
1698666	0.08
1700151	0.060000000000000005
1701543	0.05
1702733	0.04
1703788	0.05
1705056	0.03
1705470	0.01
1706057	0
1706637	0.01
1708030	0.060000000000000005
1709671	0.07
1710514	0.03
1711175	0
1711840	0.03
1712386	0.03
1713520	0.03
1714679	0.01
1715456	0.01
1716585	0.01
1717679	0
1718227	0
1719047	0
1720109	0.01
1720607	0.01
1721143	0
1721692	0.03
1723127	0.07
1724394	0.07
1725184	0.060000000000000005
1725800	0.02
1726322	0.02
1727207	0.01
1728040	0
1728670	0.02
1731395	0.02
1733927	0.02
1734842	0
1735668	0
1736705	0.02
1737500	0.03
1738356	0.04
1739332	0.04
1740516	0.02
1741987	0.01
1742921	0.01
1744143	0.01
1745499	0.02
1746852	0.07
1747933	0.12999999999999998
1749129	0.11
1749955	0.07
1750679	0.060000000000000005
1751396	0.08
1752779	0.1
1754164	0.08
1755036	0.01
1756404	0
1757539	0
1758223	0
1759082	0.02
1759913	0.04
1761155	0.05
1762139	0.04
1763265	0.02
1764202	0.01
1765028	0.01
1765427	0
1767157	0.02
1769630	0.11
1770793	0.1
1771678	0.09
1773144	0.11
1774222	0.1
1775065	0.07
1776384	0.07
1777771	0.14
1778845	0.19000000000000003
1779492	0.14
1779999	0.15
1780870	0.08
1782039	0.05
1782827	0.08
1783854	0.11
1785923	0.09
1787861	0.03
1788958	0.02
1789708	0.02
1790526	0.04
1791663	0.08
1792499	0.07
1793183	0.03
1793833	0.05
1794662	0.1
1795402	0.08
1796750	0.02
1798450	0.01
1799571	0
1799900	0.02
1800313	0.03
1801606	0.1
1805218	0.1
1805704	0.08
1806834	0.04
1807545	0.03
1808226	0.04
1808965	0.05
1809714	0.03
1810506	0.02
1811629	0.07
1812730	0.07
1813552	0.07
1814997	0.060000000000000005
1816760	0.03
1817824	0.03
1819024	0.03
1819630	0.05
1820535	0.060000000000000005
1821459	0.03
1822087	0.02
1822871	0.01
1823958	0
1824649	0.01
1825382	0.03
1826439	0.03
1827587	0.05
1828995	0.04
1830248	0.02
1831372	0.01
1832831	0.03
1833756	0.07
1834454	0.09
1835161	0.08
1835789	0.05
1836656	0.060000000000000005
1837979	0.05
1839073	0.03
1840120	0.03
1841093	0.02
1841693	0.03
1841999	0.02
1843042	0.11
1844351	0.12999999999999998
1845979	0.16
1847486	0.05
1848400	0.03
1849765	0.1
1851368	0.09
1852207	0.05
1853300	0.04
1854475	0.05
1855481	0.060000000000000005
1856454	0.08
1857351	0.07
1858311	0.08
1859539	0.060000000000000005
1860794	0.060000000000000005
1861838	0.05
1862222	0
1863268	0.01
1864292	0.060000000000000005
1865209	0.060000000000000005
1866099	0.05
1867875	0.02
1869596	0.03
1871122	0.07
1872786	0.07
1873825	0.05
1874575	0.05
1875164	0.07
1876263	0.03
1877082	0.02
1877405	0.03
1878227	0.05
1879131	0.04
1879494	0.02
1879768	0.07
1880440	0.1
1881347	0.060000000000000005
1882454	0.08
1883918	0.09
1885227	0.07
1886327	0.060000000000000005
1887421	0.05
1888936	0
1890241	0
1890919	0.01
1892280	0.01
1893537	0.01
1894282	0
1894641	0
1895485	0
1896459	0
1897614	0.01
1899226	0.05
1900807	0.11999999999999998
1902533	0.16
1903482	0.09
1904320	0.02
1905030	0.04
1905971	0.05
1906655	0.060000000000000005
1907330	0.03
1908404	0.02
1909044	0
1909703	0.02
1910962	0.04
1912135	0.03
1913792	0
1915185	0
1915906	0.01
1916899	0.05
1918826	0.07
1920939	0.04
1921898	0.01
1922174	0.01
1922641	0.05
1923535	0.05
1924155	0.04
1924782	0.04
1925223	0.05
1925768	0.05
1926451	0.05
1927809	0.1
1929377	0.14
1929822	0.11
1930212	0.1
1930602	0.05
1931470	0.04
1932435	0.05
1933698	0.05
1935576	0.060000000000000005
1936554	0.20000000000000004
1937086	0.24000000000000007
1938370	0.38000000000000017
1939707	0.4400000000000002
1940974	0.17
1942144	0.04
1943039	0.03
1943806	0.060000000000000005
1944851	0.08
1945670	0.05
1946552	0.05
1947115	0.05
1947781	0.05
1948434	0.04
1949636	0.05
1951115	0.18000000000000002
1951804	0.21000000000000005
1952463	0.16
1953073	0.1
1953927	0.1
1955792	0.11999999999999998
1957582	0.11999999999999998
1958893	0.1
1959563	0.09
1960928	0.1
1962216	0.11
1962776	0.11999999999999998
1964011	0.16
1965617	0.19000000000000003
1966715	0.20000000000000004
1967242	0.16
1967976	0.14
1968934	0.20000000000000004
1970183	0.20000000000000004
1971860	0.21000000000000005
1973087	0.16
1974342	0.16
1975792	0.18000000000000002
1976695	0.17
1977555	0.16
1978022	0.19000000000000003
1979967	0.19000000000000003
1980900	0.11999999999999998
1981987	0.14
1983047	0.36000000000000015
1984312	0.35000000000000014
1985633	0.11
1987176	0.1
1987632	0.1
1988383	0.1
1988964	0.1
1989370	0.1
1990286	0.11999999999999998
1991286	0.34000000000000014
1992543	0.46000000000000024
1993790	0.15
1995031	0.03
1995930	0.03
1996471	0.04
1997438	0.04
1998145	0.05
1998987	0.07
2000013	0.08
2000748	0.060000000000000005
2001429	0.07
2002858	0.08
2004575	0.08
2005508	0.060000000000000005
2005895	0.04
2006899	0.04
2007883	0.08
2008879	0.08
2009595	0.1
2010155	0.11999999999999998
2010839	0.16
2011443	0.17
2012176	0.17
2012857	0.24000000000000007
2014058	0.19000000000000003
2015377	0.38000000000000017
2016211	0.37000000000000016
2017240	0.5100000000000002
2018167	0.4200000000000002
2018949	0.35000000000000014
2019850	0.35000000000000014
2020589	0.38000000000000017
2021294	0.45000000000000023
2021686	0.26000000000000006
2022237	0.24000000000000007
2022750	0.24000000000000007
2023285	0.21000000000000005
2024279	0.18000000000000002
2024729	0.15
2025099	0.15
2025918	0.17
2027170	0.17
2028279	0.16
2028907	0.12999999999999998
2029999	0.12999999999999998
2030683	0.15
2031608	0.16
2032731	0.6400000000000003
2033270	1.2100000000000009
2034802	1.0700000000000007
2035048	1.270000000000001
2036260	1.0400000000000007
2037473	0.35000000000000014
2038543	0.21000000000000005
2039162	0.19000000000000003
2039980	0.2300000000000001
2040800	0.2900000000000001
2041700	0.5200000000000002
2042633	0.7100000000000004
2044049	1.380000000000001
2044822	1.6100000000000012
2048462	1.6800000000000013
2052976	1.8500000000000016
2054301	1.6600000000000013
2055788	1.460000000000001
2057216	1.5200000000000011
2058930	1.8000000000000014
2060439	1.6300000000000012
2061474	1.8200000000000016
2062858	1.6300000000000012
2063927	1.390000000000001
2064850	1.8100000000000016
2065490	2.489999999999991
2068831	2.859999999999983
2073098	3.349999999999973
2075545	3.2199999999999753
2078037	3.349999999999973
2079196	2.349999999999994
2080062	1.5500000000000012
2081025	1.5600000000000012
2081964	1.430000000000001
2083469	1.420000000000001
2084339	1.370000000000001
2084969	1.360000000000001
2086383	1.370000000000001
2087804	1.310000000000001
2088716	1.340000000000001
2089338	1.330000000000001
2089587	1.320000000000001
2090641	1.320000000000001
2091749	1.300000000000001
2092933	1.300000000000001
2094001	1.300000000000001
2094830	1.300000000000001
2095493	1.300000000000001
2096232	1.8100000000000016
2096919	2.439999999999992
2097811	2.859999999999983
2099030	3.2599999999999745
2100565	5.469999999999928
2103950	6.549999999999905
2104789	7.789999999999878
2105561	7.449999999999886
2106643	8.389999999999866
2107777	9.829999999999837
2108960	11.279999999999804
2109859	10.939999999999811
2111526	8.989999999999853
2112518	7.4999999999998845
2113880	7.969999999999875
2115199	5.489999999999927
2116517	5.079999999999936
2117764	4.369999999999951
2119419	4.42999999999995
2120857	4.249999999999954
2122294	3.139999999999977
2123802	2.949999999999981
2125134	2.909999999999982
2125984	2.7799999999999847
2126707	2.759999999999985
2127753	2.689999999999986
2128614	2.709999999999986
2129277	2.579999999999989
2130269	2.5999999999999885
2131461	2.5899999999999888
2132311	2.629999999999988
2132977	2.06
2134571	1.1300000000000008
2135876	1.1100000000000008
2138693	1.020000000000001
2140685	0.5400000000000003
2141924	0.3900000000000002
2142627	0.4000000000000002
2144924	0.4100000000000002
2147116	0.4000000000000002
2148350	0.38000000000000017
2150012	0.4100000000000002
2151415	0.4000000000000002
2152051	0.4000000000000002
2152798	0.4400000000000002
2153773	0.4200000000000002
2154639	0.46000000000000024
2156824	0.45000000000000023
2159924	0.48000000000000026
2162171	0.45000000000000023
2163577	0.3900000000000002
2164637	0.5200000000000002
2165355	0.8300000000000005
2166348	1.1900000000000008
2167411	1.0800000000000007
2168147	0.8900000000000006
2169161	0.8900000000000006
2172353	1.2100000000000009
2174823	1.1700000000000008
2175690	0.8800000000000006
2176777	0.7000000000000004
2178038	0.5700000000000003
2179459	0.4200000000000002
2180597	0.4300000000000002
2181578	0.4300000000000002
2182408	0.4400000000000002
2183242	0.4400000000000002
2184116	0.46000000000000024
2184907	0.6400000000000003
2185660	0.6200000000000003
2186329	0.38000000000000017
2187129	0.4000000000000002
2187897	0.48000000000000026
2189670	0.5200000000000002
2191263	0.5100000000000002
2191951	0.4400000000000002
2192655	0.36000000000000015
2193613	0.35000000000000014
2195316	0.4100000000000002
2202095	0.5100000000000002
2204130	1.6200000000000012
2205140	1.6000000000000012
2206834	0.45000000000000023
2208535	0.4200000000000002
2210022	0.4000000000000002
2211455	0.37000000000000016
2211961	0.3100000000000001
2212602	0.26000000000000006
2213801	0.36000000000000015
2215231	0.3300000000000001
2215710	0.12999999999999998
2216110	0.12999999999999998
2216944	0.12999999999999998
2217978	0.11999999999999998
2219022	0.12999999999999998
2220825	0.12999999999999998
2223042	0.11999999999999998
2224404	0.11
2225337	0.11
2226090	0.12999999999999998
2226889	0.17
2227918	0.19000000000000003
2229911	0.24000000000000007
2230823	0.11999999999999998
2231366	0.04
2232286	0.04
2233237	0.08
2233719	0.04
2234652	0.07
2235882	0.09
2237248	0.1
2238529	0.08
2239849	0.09
2241148	0.07
2242388	0.05
2243318	0.05
2244328	0.11
2245773	0.11
2247797	0.07
2249177	0.04
2250241	0.03
2251268	0.05
2252244	0.14
2254715	0.18000000000000002
2255665	0.25000000000000006
2257898	0.25000000000000006
2258825	0.12999999999999998
2260564	0.1
2261896	0.04
2262930	0.05
2264453	0.05
2265168	0.17
2265736	0.19000000000000003
2266978	0.08
2268322	0.08
2269210	0.060000000000000005
2270262	0.05
2271504	0.05
2273271	0.05
2274726	0.060000000000000005
2275785	0.04
2277094	0.05
2278065	0.04
2279165	0.04
2280135	0.03
2281512	0.03
2282659	0.03
2283443	0.03
2284242	0.04
2285256	0.34000000000000014
2290823	0.38000000000000017
2291884	0.08
2292685	0.04
2293932	0.060000000000000005
2295140	0.060000000000000005
2295481	0.060000000000000005
2295951	0.060000000000000005
2296693	0.05
2297329	0.05
2297958	0.05
2298493	0.060000000000000005
2299146	0.05
2299912	0.05
2301510	0.04
2302881	0.04
2303250	0.04
2303688	0.04
2304149	0.05
2305931	0.1
2307793	0.09
2309016	0.11
2309873	0.12999999999999998
2311006	0.20000000000000004
2312197	0.17
2314824	0.16
2316502	0.16
2318451	0.25000000000000006
2320956	0.22000000000000008
2322558	0.21000000000000005
2323778	0.21000000000000005
2324434	0.24000000000000007
2325417	0.19000000000000003
2326701	0.16
2327755	0.17
2328972	0.16
2330040	0.16
2332245	0.17
2334647	0.11
2335800	0.03
2338106	0.04
2339928	0.02
2342269	0.02
2346007	0.02
2347949	0
2348641	0.03
2349147	0.2900000000000001
2349790	0.5700000000000003
2350473	0.5900000000000003
2351695	0.16
2353461	0.08
2354894	0
2356116	0.05
2357908	0.05
2358443	0.26000000000000006
2359507	0.7500000000000004
2360811	0.5800000000000003
2361820	0.3900000000000002
2363032	0.17
2364004	0
2364766	0.01
2365319	0.03
2366488	0.05
2367555	0.05
2369030	0.01
2370463	0.01
2371734	0.01
2372724	0.01
2373085	0.01
2373405	0
2374325	0
2375481	0.01
2376390	0.01
2377213	0.01
2378424	0.02
2379995	0.02
2380874	0.01
2381312	0.02
2382066	0.060000000000000005
2383320	0.11
2384858	0.11999999999999998
2386345	0.1
2387185	0.11
2388068	0.060000000000000005
2388846	0.060000000000000005
2389540	0.07
2390776	0.07
2392276	0.03
2394125	0.02
2395194	0.01
2395619	0.01
2396179	0.01
2396953	0.01
2398802	0.01
2400886	0.02
2401802	0.02
2402956	0.01
2404282	0.01
2404850	0.02
2405417	0.03
2406172	0.04
2408169	0.03
2409161	0
2410436	0
2411764	0
2412347	0
2412904	0
2414071	0.01
2415819	0.02
2417862	0.02
2418905	0.01
2419509	0.01
2420163	0.01
2420944	0
2421506	0.01
2422154	0.060000000000000005
2424122	0.060000000000000005
2424875	0.04
2425573	0.03
2426397	0.060000000000000005
2427400	0.08
2428341	0.07
2429479	0.04
2430519	0.03
2431353	0.03
2432308	0.03
2433469	0.03
2434411	0.03
2435230	0.03
2436142	0.03
2437283	0.1
2438447	0.12999999999999998
2439531	0.14
2440995	0.11999999999999998
2442767	0.11999999999999998
2444030	0.11999999999999998
2444477	0.11
2445155	0.1
2445972	0.11
2446930	0.11
2447974	0.11
2448881	0.17
2449638	0.20000000000000004
2450320	0.18000000000000002
2450831	0.16
2451328	0.17
2451960	0.25000000000000006
2455364	0.2700000000000001
2456569	0.20000000000000004
2458087	0.16
2459814	0.17
2460792	0.16
2461976	0.18000000000000002
2463541	0.18000000000000002
2464629	0.25000000000000006
2465767	0.9200000000000006
2468674	0.9700000000000006
2469796	1.1200000000000008
2472249	1.460000000000001
2472634	1.7000000000000013
2473062	1.9700000000000015
2473785	2.0899999999999994
2474444	2.0400000000000005
2475252	2.07
2475692	2.6099999999999883
2476025	2.429999999999992
2476410	1.7600000000000011
2477161	1.0900000000000007
2478515	0.9700000000000006
2479866	0.6500000000000004
2481407	0.6300000000000003
2482757	0.26000000000000006
2484062	0.2700000000000001
2486170	0.3000000000000001
2488595	0.3200000000000001
2489714	0.2800000000000001
2491103	0.19000000000000003
2492629	0.15
2494084	0.11
2494835	0.09
2495171	0.09
2496105	0.08
2497676	0.08
2499519	0.09
2500750	0.09
2501558	0.12999999999999998
2503237	0.07
2505028	0.05
2506089	0.060000000000000005
2507270	0.060000000000000005
2508079	0.04
2508943	0.05
2510258	0.04
2511164	0.03
2512087	0.060000000000000005
2513643	0.08
2516737	0.07
2518631	0.07
2519019	0.05
2519964	0.11999999999999998
2522035	0.15
2523357	0.12999999999999998
2524461	0.12999999999999998
2525509	0.15
2526393	0.16
2527445	0.060000000000000005
2528050	0.04
2529168	0.04
2530740	0.03
2531843	0.02
2532894	0.02
2533892	0.02
2534929	0.02
2536088	0.03
2536811	0.04
2537529	0.060000000000000005
2538116	0.04
2539127	0.04
2540265	0.02
2541241	0.02
2542095	0.03
2543020	0.04
2544227	0.060000000000000005
2545180	0.05
2546221	0.12999999999999998
2547385	0.11
2548754	0.05
2550095	0.04
2550928	0.01
2551501	0.01
2551925	0.01
2552786	0.02
2553674	0.05
2554656	0.07
2555478	0.03
2556070	0.05
2556853	0.04
2557998	0.4100000000000002
2560634	0.9100000000000006
2561492	1.5100000000000011
2561809	1.1200000000000008
2562319	1.400000000000001
2562820	1.390000000000001
2563780	1.0800000000000007
2564176	1.0600000000000007
2564927	0.8300000000000005
2566182	0.8700000000000006
2567494	0.12999999999999998
2568917	0.05
2569919	0.04
2571049	0.05
2571906	0.05
2572303	0.04
2572997	0.060000000000000005
2573903	0.060000000000000005
2574652	0.04
2575217	0.05
2575637	0.07
2577237	0.08
2579141	0.07
2580637	0.07
2582255	0.060000000000000005
2583190	0.05
2584535	0.07
2586581	0.12999999999999998
2589151	0.14
2591425	0.09
2592170	0.04
2592862	0.05
2593421	0.060000000000000005
2594851	0.12999999999999998
2596305	0.37000000000000016
2597261	0.4300000000000002
2597805	0.14
2598348	0.1
2599321	0.04
2600192	0.03
2600713	0.060000000000000005
2601509	0.12999999999999998
2602827	0.14
2604320	0.18000000000000002
2605530	0.15
2606587	0.15
2607707	0.1
2609320	0.11
2610436	0.09
2611085	0.09
2611663	0.09
2612906	0.09
2614358	0.1
2615350	0.07
2616825	0.04
2617757	0.04
2618448	0.03
2619515	0.03
2620559	0.03
2621715	0.03
2622553	0.04
2624077	0.04
2625885	0.060000000000000005
2627816	0.08
2629196	0.07
2629394	0.05
2630052	0.05
2630595	0.08
2631746	0.09
2633337	0.08
2634917	0.26000000000000006
2635706	0.2800000000000001
2636620	0.09
2638063	0.01
2638973	0
2639938	0
2641245	0
2642337	0
2643706	0
2644648	0.02
2646149	0.03
2649806	0.03
2652916	0.03
2654545	0.02
2655716	0
2656636	0
2656915	0
2658010	0
2659209	0
2659724	0
2660096	0
2660924	0
2661887	0
2662953	0.01
2663843	0.02
2664817	0.02
2666075	0.02
2667276	0.07
2668451	0.07
2669712	0.07
2670649	0.060000000000000005
2671068	0.05
2671631	0.07
2672648	0.09
2673557	0.18000000000000002
2674252	0.14
2675230	0.11
2676326	0.09
2677605	0.11999999999999998
2678875	0.12999999999999998
2681104	0.15
2683459	0.12999999999999998
2684880	0.07
2686430	0.060000000000000005
2687239	0.05
2688136	0.05
2689149	0.060000000000000005
2690362	0.03
2693599	0.04
2696579	0.03
2697605	0.01
2698232	0.01
2699183	0.11
2699793	0.17
2700808	0.09
2701363	0.03
2702105	0.03
2702933	0.03
2703723	0.03
2704822	0.03
2706224	0.04
2707561	0.04
2708276	0.03
2709079	0.03
2709724	0.03
2711231	0.03
2712395	0.03
2713563	0.04
2714879	0.05
2715716	0.05
2716257	0.04
2717098	0.04
2718009	0.07
2718944	0.060000000000000005
2719572	0.09
2721283	0.08
2723404	0.07
2724315	0.060000000000000005
2725097	0.21000000000000005
2732886	0.24000000000000007
2734668	0.15
2735521	0.11999999999999998
2736514	0.11999999999999998
2737324	0.17
2738325	0.20000000000000004
2739508	0.20000000000000004
2740615	0.22000000000000008
2741544	0.2300000000000001
2742134	0.2300000000000001
2742996	0.3300000000000001
2743866	0.7200000000000004
2744356	0.7800000000000005
2744955	0.6600000000000004
2745644	0.6200000000000003
2746061	0.6200000000000003
2747114	0.6200000000000003
2748320	0.6500000000000004
2749439	0.6700000000000004
2750411	0.6800000000000004
2751270	0.6500000000000004
2752625	0.6200000000000003
2753775	0.6200000000000003
2754153	0.6200000000000003
2754512	0.6200000000000003
2755137	0.9300000000000006
2755616	1.6000000000000012
2758122	1.5600000000000012
2758750	2.2199999999999966
2759689	2.349999999999994
2762445	2.2699999999999956
2764345	2.0799999999999996
2766454	2.07
2767169	2.159999999999998
2770053	2.3599999999999937
2770563	1.9200000000000017
2771997	1.7800000000000014
2772463	1.7200000000000013
2772936	1.7200000000000013
2774169	1.750000000000001
2786563	1.8400000000000016
2789473	1.7800000000000014
2790616	0.4200000000000002
2791997	0.3900000000000002
2793375	0.4000000000000002
2794953	0.37000000000000016
2796005	0.34000000000000014
2796561	0.34000000000000014
2796949	0.3200000000000001
2797360	0.2700000000000001
2797782	0.2700000000000001
2798293	0.26000000000000006
2799388	0.26000000000000006
2799822	0.26000000000000006
2800310	0.2700000000000001
2800845	0.2700000000000001
2801170	0.2700000000000001
2802420	0.2800000000000001
2803981	0.2800000000000001
2805416	0.2700000000000001
2806542	0.2700000000000001
2807628	0.3000000000000001
2808449	0.2900000000000001
2809034	0.35000000000000014
2809985	0.3200000000000001
2810511	0.3300000000000001
2811035	0.34000000000000014
2812013	0.3000000000000001
2813385	0.38000000000000017
2814475	0.34000000000000014
2815661	0.20000000000000004
2816726	0.19000000000000003
2817220	0.09
2819053	0.08
2820696	0.07
2822389	0.09
2823238	0.08
2824097	0.1
2825086	0.09
2826113	0.08
2826871	0.060000000000000005
2827547	0.060000000000000005
2828126	0.060000000000000005
2828800	0.05
2829433	0.060000000000000005
2830295	0.07
2831532	0.04
2833195	0.05
2834478	0.1
2836299	0.12999999999999998
2837841	0.24000000000000007
2838760	0.18000000000000002
2840252	0.16
2841702	0.2300000000000001
2842808	0.22000000000000008
2843241	0.060000000000000005
2843826	0.02
2844481	0.02
2845616	0.02
2846950	0.02
2848328	0.03
2849543	0.03
2850204	0.02
2850822	0.02
2851437	0.02
2852000	0.02
2852696	0.02
2853759	0.07
2855377	0.11
2856629	0.21000000000000005
2856950	0.19000000000000003
2858373	0.24000000000000007
2860088	0.4200000000000002
2860850	0.34000000000000014
2861884	0.3000000000000001
2862918	0.3100000000000001
2863912	0.3000000000000001
2864624	0.4000000000000002
2865783	0.8300000000000005
2867055	0.8200000000000005
2868183	0.47000000000000025
2869206	0.01
2869893	0
2870779	0
2871540	0.01
2872135	0.01
2872664	0
2873175	0
2873689	0
2874705	0
2875875	0.01
2877099	0.11
2878711	0.11999999999999998
2879313	0.16
2880087	0.15
2880711	0.22000000000000008
2881596	0.2800000000000001
2882396	0.2300000000000001
2883384	0.24000000000000007
2885886	0.3000000000000001
2887945	0.21000000000000005
2889243	0.060000000000000005
2890998	0.02
2892396	0.07
2893292	0.08
2894049	0.08
2894483	0.09
2895349	0.11
2896165	0.1
2897237	0.09
2898691	0.09
2899880	0.11
2901230	0.21000000000000005
2902635	0.36000000000000015
2905082	0.5300000000000002
2905627	0.36000000000000015
2906147	0.46000000000000024
2907292	0.4200000000000002
2908847	0.26000000000000006
2910289	0.2800000000000001
2910923	0.2900000000000001
2911215	0.3100000000000001
2912534	0.37000000000000016
2914349	0.35000000000000014
2916435	0.3300000000000001
2918715	0.3000000000000001
2920076	0.3200000000000001
2921424	0.2900000000000001
2922759	0.24000000000000007
2923393	0.25000000000000006
2923948	0.25000000000000006
2925007	0.24000000000000007
2925772	0.24000000000000007
2926990	0.25000000000000006
2928873	0.25000000000000006
2930259	0.26000000000000006
2931432	0.26000000000000006
2932439	0.25000000000000006
2933364	0.36000000000000015
2934893	0.2700000000000001
2936471	0.2700000000000001
2938177	0.02
2939099	0.02
2939733	0.03
2940693	0.03
2941433	0.02
2942108	0.02
2943031	0.04
2943939	0.04
2944763	0.02
2945439	0.04
2946629	0.6100000000000003
2948383	0.7100000000000004
2949907	0.22000000000000008
2951548	0.01
2954232	0.02
2957440	0.02
2960744	0.01
2962602	0.01
2962952	0.02
2963434	0.02
2963942	0.02
2964758	0.02
2965599	0.02
2967311	0.01
2968712	0.01
2969403	0.01
2970006	0.01
2970776	0.01
2971380	0.02
2972117	0.02
2973265	0.07
2974934	0.08
2977114	0.08
2978268	0.1
2979488	0.1
2980289	0.02
2981473	0.03
2982877	0.03
2983706	0.02
2985001	0.04
2986461	0.11999999999999998
2987852	0.5900000000000003
2988315	0.8400000000000005
2988906	1.6000000000000012
2989545	2.2299999999999964
2989889	2.209999999999997
2990147	2.2799999999999954
2990777	2.289999999999995
2991513	2.299999999999995
2992782	2.4999999999999907
2993747	3.3999999999999715
2994228	3.769999999999963
2994681	4.039999999999958
2995014	4.299999999999953
2995529	5.629999999999924
2995884	5.869999999999919
2998431	6.119999999999914
2999513	4.119999999999957
3001454	0.11
3003053	0.07
3003728	0.01
3004897	0.03
3006858	0.03
3008108	0.04
3009369	0.03
3010720	0.02
3011927	0.03
3013426	0.04
3014672	0.02
3015449	0.02
3017609	0.04
3019825	0.03
3020929	0.03
3022751	0.03
3025051	0.04
3026427	0.04
3027804	0.03
3028768	0.02
3029971	0.04
3032091	0.05
3032879	0.04
3033339	0.02
3034415	0.01
3035624	0.01
3037239	0.01
3038467	0.01
3039295	0
3040115	0
3040619	0
3040937	0
3041803	0
3042818	0
3043467	0
3044384	0.02
3045529	0.03
3047604	0.03
3049354	0.01
3050120	0.01
3051716	0.01
3052929	0.01
3054177	0
3055155	0
3055776	0.02
3056488	0.02
3057794	0.01
3058995	0.05
3059496	0.16
3060199	0.3300000000000001
3061922	0.25000000000000006
3063484	0.15
3064385	0.14
3065541	0.15
3066725	0.12999999999999998
3067710	0.05
3068490	0.07
3069377	0.060000000000000005
3070704	0
3072040	0.04
3073181	0.15
3074332	0.22000000000000008
3074940	0.12999999999999998
3075699	0.03
3076817	0.14
3078165	0.18000000000000002
3079108	0.17
3080639	0.18000000000000002
3082292	0.3200000000000001
3083337	0.3300000000000001
3084923	0.19000000000000003
3086524	0.16
3087283	0.20000000000000004
3088981	0.19000000000000003
3090024	0.18000000000000002
3090700	0.11
3091499	0.11
3092353	0.11
3093182	0.11
3093708	0.11999999999999998
3094590	0.11999999999999998
3095450	0.11999999999999998
3096103	0.11
3096528	0.11
3096977	0.11
3097835	0.18000000000000002
3099061	0.2700000000000001
3100205	0.22000000000000008
3101263	0.21000000000000005
3101970	0.20000000000000004
3102492	0.20000000000000004
3103539	0.20000000000000004
3104230	0.20000000000000004
3104972	0.21000000000000005
3106342	0.25000000000000006
3108087	0.3200000000000001
3109906	0.6300000000000003
3110858	1.0000000000000009
3111549	1.0300000000000007
3112481	1.1100000000000008
3113272	0.8600000000000005
3113947	0.8500000000000005
3116831	0.8500000000000005
3120438	0.6400000000000003
3122719	0.4200000000000002
3124029	0.35000000000000014
3124847	0.25000000000000006
3125996	0.26000000000000006
3127271	0.26000000000000006
3128654	1.350000000000001
3129611	2.6099999999999883
3131874	2.6999999999999864
3132833	0.8800000000000006
3133593	0.8200000000000005
3134477	0.7700000000000005
3135621	0.7200000000000004
3137592	0.7000000000000004
3139160	0.09
3139840	0.09
3140147	0.09
3140555	0.1
3141039	0.11999999999999998
3142137	0.11999999999999998
3143575	0.11
3144647	0.11
3145702	0.11999999999999998
3146593	0.17
3147668	0.18000000000000002
3148417	0.21000000000000005
3149224	0.15
3150104	0.1
3151030	0.08
3151617	0.060000000000000005
3152829	0.07
3153892	0.07
3154740	0.07
3155936	0.09
3157036	0.11999999999999998
3158113	0.11
3158755	0.12999999999999998
3160036	0.38000000000000017
3161963	0.4900000000000002
3163112	0.19000000000000003
3164844	0.12999999999999998
3166914	0.18000000000000002
3168048	0.17
3168396	0.19000000000000003
3168990	0.2700000000000001
3169480	0.11999999999999998
3170157	0.1
3171158	0.25000000000000006
3172820	0.38000000000000017
3173299	0.5600000000000003
3174450	0.5300000000000002
3175715	0.19000000000000003
3176419	0.09
3177069	0.08
3177595	0.09
3178855	0.08
3180079	0.18000000000000002
3181001	0.3100000000000001
3182026	0.2300000000000001
3182936	0.11999999999999998
3183466	0.20000000000000004
3184139	0.25000000000000006
3184985	0.38000000000000017
3190255	0.4000000000000002
3191164	0.19000000000000003
3191839	0.16
3192522	0.1
3193694	0.11
3196036	0.1
3198221	0.09
3200314	0.09
3201517	0.07
3202510	0.07
3203720	0.07
3204405	0.07
3205002	0.09
3205790	0.1
3206918	0.1
3207673	0.11
3208755	0.1
3210036	0.09
3210888	0.08
3211979	0.08
3213967	0.08
3215220	0.12999999999999998
3216109	0.15
3217090	0.1
3218316	0.07
3220128	0.060000000000000005
3221081	0.05
3221957	0.05
3224179	0.07
3225946	0.07
3226950	0.060000000000000005
3228336	0.07
3230063	0.08
3232674	0.12999999999999998
3233936	0.08
3234298	0.09
3235307	0.08
3236211	0.05
3236886	0.04
3237804	0.03
3239062	0.04
3240566	0.04
3241468	0.03
3242570	0.02
3244035	0.04
3245873	0.5100000000000002
3247040	0.6200000000000003
3248104	0.15
3248630	0.01
3249153	0.01
3249527	0.01
3249885	0.01
3250226	0.01
3250713	0.01
3251517	0.03
3252486	0.07
3253089	0.060000000000000005
3253766	0.07
3254669	0.05
3255125	0.05
3255996	0.060000000000000005
3257344	0.1
3258967	0.1
3259915	0.05
3261271	0.05
3263056	0.05
3264351	0.03
3265533	0.1
3266596	0.15
3268123	0.17
3269008	0.21000000000000005
3271197	0.19000000000000003
3272312	0.060000000000000005
3273172	0.07
3274240	0.09
3276067	0.20000000000000004
3277169	0.3000000000000001
3277569	0.2700000000000001
3278260	0.2900000000000001
3279554	0.26000000000000006
3280453	0.3100000000000001
3280901	0.5600000000000003
3281397	0.4900000000000002
3282553	0.3300000000000001
3283573	0.2900000000000001
3284408	0.20000000000000004
3285086	0.21000000000000005
3285873	0.18000000000000002
3286674	0.24000000000000007
3287718	0.26000000000000006
3288437	0.2700000000000001
3290072	0.25000000000000006
3291886	0.21000000000000005
3292905	0.17
3294418	0.03
3295591	0.03
3296104	0.02
3296696	0.03
3297618	0.04
3298528	0.05
3299233	0.04
3299693	0.04
3300117	0.02
3300506	0.02
3301014	0.02
3301982	0.02
3302928	0.02
3303951	0.04
3305195	0.03
3306915	0
3308482	0
3310100	0
3311549	0
3312305	0
3312977	0.01
3314678	0.01
3316782	0.01
3317780	0.02
3319308	0.05
3320746	0.05
3322339	0.04
3323401	0
3324487	0.01
3325972	0.02
3327349	0.01
3327936	0
3328477	0.01
3329679	0.01
3331168	0
3332252	0
3332990	0
3333295	0
3334195	0
3335048	0
3335864	0.01
3336683	0.01
3337109	0
3337573	0
3338185	0
3338857	0
3339660	0
3340763	0
3341759	0
3342556	0
3343123	0
3343658	0
3344306	0
3345433	0
3346316	0
3346823	0
3347542	0
3348102	0
3348768	0.02
3349445	0.02
3350132	0.04
3351857	0.04
3353585	0.05
3356908	0.04
3359907	0.07
3361558	0.08
3362449	0.11
3363997	0.11999999999999998
3367284	0.12999999999999998
3368390	0.1
3369246	0.04
3369912	0
3370691	0
3371829	0.05
3373129	0.05
3374093	0.060000000000000005
3375552	0.04
3376527	0.03
3377101	0.01
3378011	0.01
3378437	0
3379433	0
3380390	0.01
3381426	0.02
3382733	0.02
3383799	0.01
3384938	0
3385669	0
3385993	0
3387204	0
3388660	0
3389235	0.03
3389984	0.04
3391305	0.03
3394358	0.01
3397060	0.02
3398081	0.01
3398631	0
3399426	0
3400565	0
3402362	0.02
3403971	0.060000000000000005
3405671	0.3000000000000001
3406591	0.5600000000000003
3407496	0.46000000000000024
3408332	0.05
3409510	0.01
3410762	0.02
3411419	0.04
3412095	0.07
3412710	0.04
3413134	0.08
3414442	0.2300000000000001
3418139	0.20000000000000004
3418500	0.16
3419160	0.07
3419670	0.09
3420724	0.05
3421876	0.03
3422815	0.11
3429513	0.18000000000000002
3429894	0.11
3430429	0.09
3431129	0.1
3431691	0.07
3432227	0.1
3432998	0.11
3433944	0.09
3434687	0.09
3435851	0.11
3437206	0.1
3438229	0.05
3438540	0.02
3438917	0.02
3439325	0.01
3439807	0.01
3440534	0
3441365	0
3441903	0
3442293	0.01
3442676	0.01
3443431	0.01
3444322	0
3444632	0
3444977	0
3445420	0
3445873	0
3446349	0
3446731	0
3447168	0.01
3447610	0.01
3447963	0
3448441	0
3448663	0
3448964	0
3449532	0
3450067	0
3450387	0
3450953	0
3451533	0
3451983	0
3452611	0
3453114	0.03
3453717	0.08
3454663	0.11
3455985	0.16
3457353	0.14
3459079	0.17
3460415	0.19000000000000003
3461241	0.20000000000000004
3461722	0.12999999999999998
3462162	0.05
3462637	0.060000000000000005
3463415	0.07
3464503	0.07
3465312	0.07
3465881	0.05
3466487	0.02
3466894	0.07
3468506	0.12999999999999998
3472457	0.12999999999999998
3473811	0
3474365	0
3474821	0
3475152	0
3475525	0
3476079	0.01
3477013	0.01
3477749	0.01
3478202	0
3478692	0.02
3479704	0.03
3480882	0.03
3482245	0.03
3483713	0.01
3484327	0
3484924	0
3485616	0
3486436	0
3487848	0.01
3489570	0.02
3490547	0.01
3491162	0.02
3491536	0.01
3492011	0.01
3493158	0
3495282	0
3496714	0
3497406	0
3498514	0.01
3499531	0.05
3500578	0.05
3501779	0.05
3502755	0.060000000000000005
3503559	0.05
3504417	0.07
3505477	0.060000000000000005
3506684	0.05
3507524	0.060000000000000005
3508151	0.05
3509200	0.05
3510394	0.04
3511241	0.03
3511891	0.02
3513136	0.02
3514010	0.01
3514720	0.03
3515495	0.03
3516663	0.060000000000000005
3517942	0.03
3518803	0.01
3520069	0
3520817	0.01
3521229	0.02
3521702	0.04
3522361	0.03
3524147	0.02
3525869	0.01
3527536	0.01
3529003	0.01
3529548	0
3530213	0
3531577	0.02
3533629	0.08
3535192	0.07
3536224	0.01
3537050	0.01
3538545	0.02
3540276	0.02
3541567	0.03
3542846	0.05
3544459	0.05
3545223	0.01
3545911	0.01
3547217	0.01
3549028	0
3551276	0.02
3554437	0.09
3556341	0.12999999999999998
3557466	0.15
3559067	0.11999999999999998
3560101	0.1
3561037	0.09
3561660	0.11
3562765	0.3100000000000001
3563864	0.5400000000000003
3565357	0.45000000000000023
3567316	0.17
3568680	0.08
3570332	0.09
3572409	0.09
3574326	0.1
3575367	0.19000000000000003
3576391	0.21000000000000005
3577328	0.12999999999999998
3578228	0.1
3579297	0.11
3580286	0.12999999999999998
3581382	0.20000000000000004
3582452	0.22000000000000008
3583246	0.2300000000000001
3584481	0.21000000000000005
3584901	0.19000000000000003
3585952	0.17
3587163	0.11
3587741	0.11
3588645	0.11999999999999998
3589604	0.11
3590467	0.11
3591667	0.20000000000000004
3593080	0.24000000000000007
3593822	0.14
3594841	0.11999999999999998
3595940	0.11999999999999998
3597005	0.12999999999999998
3598175	0.2900000000000001
3599106	0.4000000000000002
3600356	0.24000000000000007
3601557	0.11
3602413	0.03
3603496	0.03
3604691	0.03
3605113	0.03
3605430	0.03
3606064	0.04
3607550	0.05
3608873	0.05
3609549	0.04
3610233	0.07
3611141	0.07
3612389	0.1
3613262	0.09
3614454	0.2900000000000001
3615713	0.2800000000000001
3616598	0.2700000000000001
3617397	0.2700000000000001
3618179	0.37000000000000016
3618788	0.9000000000000006
3623590	0.7900000000000005
3626241	0.8800000000000006
3628170	0.26000000000000006
3630068	0.24000000000000007
3631779	0.24000000000000007
3633037	0.26000000000000006
3633839	0.2700000000000001
3635367	0.7300000000000004
3636809	0.7600000000000005
3638391	0.22000000000000008
3639552	0.03
3640328	0.04
3641596	0.060000000000000005
3642756	0.05
3644161	0.03
3645806	0.04
3646975	0.04
3647902	0.08
3648704	0.08
3649579	0.1
3650449	0.16
3651682	0.21000000000000005
3654244	0.2900000000000001
3654948	0.3200000000000001
3655542	0.21000000000000005
3656135	0.05
3656574	0
3657281	0.01
3658629	0.03
3659033	0.03
3659810	0.04
3661970	0.05
3664254	0.07
3665398	0.07
3668489	0.09
3670416	0.08
3671593	0.04
3672827	0.01
3673868	0
3675447	0.01
3677320	0.01
3678803	0.01
3679883	0.05
3681192	0.05
3682804	0.01
3684604	0.03
3687436	0.07
3689708	0.07
3691419	0.07
3693927	0.12999999999999998
3695597	0.22000000000000008
3696091	0.22000000000000008
3697249	0.21000000000000005
3698121	0.18000000000000002
3699053	0.19000000000000003
3700033	0.12999999999999998
3701198	0.14
3702366	0.04
3703356	0
3704310	0.01
3705280	0.05
3706901	0.20000000000000004
3709629	0.22000000000000008
3711403	0.15
3712585	0.05
3713373	0.01
3713872	0.01
3715227	0.01
3716876	0.02
3717797	0.02
3718689	0.01
3719623	0
3720155	0.02
3720524	0.08
3720940	0.11999999999999998
3723362	0.11
3724862	0.07
3725562	0.07
3726384	0.09
3727142	0.11
3727577	0.12999999999999998
3728644	0.14
3730104	0.18000000000000002
3731627	0.12999999999999998
3732971	0.1
3734310	0.09
3735568	0.08
3736765	0.08
3738512	0.060000000000000005
3740331	0.05
3741345	0.21000000000000005
3742108	0.22000000000000008
3743232	0.26000000000000006
3743976	0.34000000000000014
3744564	0.45000000000000023
3745442	0.4100000000000002
3746587	0.4000000000000002
3747832	0.38000000000000017
3748908	0.35000000000000014
3749662	0.34000000000000014
3750433	0.5600000000000003
3751498	0.6800000000000004
3752479	0.5800000000000003
3754266	0.5100000000000002
3754648	0.5800000000000003
3755742	0.8100000000000005
3757251	0.34000000000000014
3758939	0.26000000000000006
3760553	0.21000000000000005
3761651	0.7100000000000004
3768407	0.9400000000000006
3771563	0.9200000000000006
3773237	0.19000000000000003
3774998	0.01
3775865	0.01
3776275	0.2300000000000001
3776846	0.8000000000000005
3778226	0.8100000000000005
3779442	0.17
3780422	0
3781451	0
3782151	0.01
3783151	0.01
3783894	0
3784316	0
3784799	0
3786032	0
3787467	0
3788580	0.01
3789564	0.01
3790832	0
3791953	0.03
3793262	0.03
3794453	0.02
3795452	0.02
3796458	0.12999999999999998
3797577	0.24000000000000007
3798775	0.22000000000000008
3799770	0.2700000000000001
3800616	0.4200000000000002
3801491	0.5400000000000003
3802548	0.47000000000000025
3803597	0.5600000000000003
3804648	0.3100000000000001
3805551	0.15
3806505	0.060000000000000005
3807599	0.060000000000000005
3809178	0.060000000000000005
3810064	0.05
3810747	0.060000000000000005
3811333	0.060000000000000005
3811556	0.05
3812225	0.060000000000000005
3813341	0.07
3814158	0.060000000000000005
3814792	0.11999999999999998
3815447	0.11
3816206	0.11
3817107	0.4100000000000002
3818172	0.4900000000000002
3819182	0.37000000000000016
3820329	0.22000000000000008
3821739	0.21000000000000005
3822243	0.18000000000000002
3823454	0.18000000000000002
3824859	0.19000000000000003
3826250	0.21000000000000005
3828062	0.2300000000000001
3829640	0.2700000000000001
3831311	0.35000000000000014
3833378	0.3000000000000001
3835238	0.5100000000000002
3837545	0.6400000000000003
3838709	0.4400000000000002
3839584	0.20000000000000004
3840361	0.3200000000000001
3841168	0.3200000000000001
3842176	0.3300000000000001
3843122	0.2700000000000001
3844847	0.17
3846471	0.14
3847964	0.11999999999999998
3849385	0.14
3850431	0.4200000000000002
3850947	0.4300000000000002
3851940	0.21000000000000005
3853597	0.22000000000000008
3854514	0.22000000000000008
3855362	0.15
3855789	0.16
3856133	0.2700000000000001
3856639	0.2800000000000001
3857657	0.36000000000000015
3859258	0.3000000000000001
3860729	0.3100000000000001
3861261	0.2800000000000001
3861668	0.3100000000000001
3865442	0.2800000000000001
3866683	0.11999999999999998
3867215	0.1
3867930	0.1
3868669	0.11
3869909	0.14
3871084	0.2900000000000001
3872424	0.25000000000000006
3873303	0.20000000000000004
3874035	0.18000000000000002
3874815	0.19000000000000003
3875766	0.12999999999999998
3876546	0.1
3877266	0.1
3878912	0.11
3880684	0.1
3881771	0.1
3883027	0.09
3884406	0.09
3884689	0.08
3885899	0.08
3887510	0.11999999999999998
3889437	0.14
3890859	0.11
3892202	0.1
3893244	0.09
3894255	0.07
3894935	0.07
3895940	0.09
3897106	0.46000000000000024
3897739	0.5100000000000002
3898315	0.5000000000000002
3899032	0.5200000000000002
3899992	0.6300000000000003
3901412	0.7600000000000005
3902995	0.6200000000000003
3904658	0.5200000000000002
3906149	0.5100000000000002
3907215	0.4900000000000002
3907979	0.03
3908994	0.03
3909918	0.08
3911005	0.6100000000000003
3912753	0.6100000000000003
3914515	0.12999999999999998
3915762	0.060000000000000005
3916684	0.05
3917833	0.01
3919086	0.01
3920136	0
3920653	0
3921069	0
3921643	0.01
3922250	0.02
3923368	0.01
3924688	0
3926233	0
3926774	0.01
3927651	0.03
3928877	0.03
3930345	0.060000000000000005
3932250	0.1
3933560	0.08
3934530	0.07
3935770	0.1
3936723	0.15
3937758	0.17
3938723	0.16
3939898	0.060000000000000005
3940981	0.04
3947547	0.060000000000000005
3948255	0.1
3949209	0.18000000000000002
3951051	0.14
3951936	0.08
3952332	0.07
3952948	0.01
3954403	0.01
3956103	0
3957373	0
3958707	0
3959672	0.02
3960351	0.03
3961687	0.04
3963487	0.01
3964997	0
3965925	0
3967046	0.02
3967795	0.02
3968467	0.03
3969554	0.01
3970698	0.01
3971891	0.03
3973055	0.04
3974804	0.04
3975711	0.02
3976903	0.02
3978064	0.01
3979277	0
3980326	0.01
3981579	0.02
3983575	0.05
3985179	0.09
3987284	0.08
3988475	0.03
3989458	0.01
3990306	0.02
3992426	0.17
3993899	0.8600000000000005
3994623	0.7800000000000005
3995174	0.09
3995936	0.03
3996735	0.03
3997541	0.02
3999064	0.07
4000674	0.5400000000000003
4001901	1.380000000000001
4002609	1.5200000000000011
4003003	1.2200000000000009
4003733	1.410000000000001
4004463	0.26000000000000006
4005296	0
4006775	0.02
4008067	0.04
4008749	0.05
4009681	0.04
4010600	0.03
4011525	0.03
4012339	0.09
4014183	0.5600000000000003
4015761	0.7900000000000005
4016811	0.8400000000000005
4018046	0.6500000000000004
4019232	0.11999999999999998
4019926	0.01
4021046	0.01
4022079	0
4022475	0.01
4023124	0.05
4023945	0.05
4024577	0.03
4025734	0.01
4026877	0.01
4028190	0.02
4029876	0.03
4031826	0.03
4032799	0.04
4033870	0.03
4034880	0.05
4041169	0.02
4041707	0.02
4042203	0.02
4042908	0.02
4043731	0.060000000000000005
4044914	0.08
4046136	0.07
4046814	0.05
4048359	0.04
4050449	0.03
4051601	0.02
4052731	0.02
4053702	0.01
4054573	0.08
4055814	0.11999999999999998
4057329	0.09
4059318	0.11999999999999998
4060802	0.11999999999999998
4061655	0.25000000000000006
4062879	0.9600000000000006
4063949	0.8900000000000006
4068258	0.7900000000000005
4069938	0.6900000000000004
4071135	0.7100000000000004
4072212	0.8500000000000005
4073123	0.7200000000000004
4074187	0.6600000000000004
4075061	0.6200000000000003
4075852	0.5700000000000003
4076582	0.21000000000000005
4077233	0.19000000000000003
4077967	1.260000000000001
4078902	1.5700000000000012
4079400	2.109999999999999
4079848	0.9400000000000006
4080060	0.5900000000000003
4080763	0.5900000000000003
4081542	0.15
4082308	0.14
4083979	0.14
4085528	0.15
4086432	0.4100000000000002
4087529	0.5800000000000003
4088981	0.5300000000000002
4090390	0.5400000000000003
4091640	0.6700000000000004
4092600	0.7700000000000005
4093281	0.5600000000000003
4093860	0.2900000000000001
4095352	0.26000000000000006
4096713	0.26000000000000006
4098154	0.21000000000000005
4099025	0.20000000000000004
4100008	0.22000000000000008
4101120	0.18000000000000002
4102181	0.14
4103159	0.14
4104288	0.12999999999999998
4105321	0.1
4106070	0.2800000000000001
4106920	0.2800000000000001
4107369	0.060000000000000005
4108033	0.060000000000000005
4109328	0.05
4110307	0.05
4111123	0.04
4111914	0.04
4112535	0.04
4113116	0.04
4113507	0.04
4114099	0.04
4115074	0.04
4116468	0.05
4117667	0.11999999999999998
4118640	0.19000000000000003
4119087	0.14
4119886	0.07
4121081	0.060000000000000005
4122022	0.05
4122807	0.04
4123943	0.07
4125711	0.09
4127119	0.34000000000000014
4127590	0.4300000000000002
4128236	0.26000000000000006
4129252	0.17
4131051	0.9400000000000006
4133061	1.0900000000000007
4134925	0.2900000000000001
4136560	0.16
4137348	0.05
4138483	0.060000000000000005
4139377	0.07
4140970	0.09
4143069	0.07
4143784	0.08
4145143	0.11999999999999998
4146697	0.1
4147308	0.05
4147891	0.04
4149398	0.04
4151772	0.03
4154271	0.04
4155503	0.04
4156401	0.03
4157536	0.05
4158948	0.08
4160090	0.12999999999999998
4161419	0.11999999999999998
4161950	0.05
4162720	0.060000000000000005
4164561	0.060000000000000005
4165856	0.11999999999999998
4172571	0.14
4173564	0.07
4174539	0.1
4177549	0.1
4178015	0.07
4178661	0.07
4179231	0.07
4180244	0.07
4180742	0.08
4183259	0.08
4187461	0.11
4190055	0.1
4191301	0.1
4192250	0.09
4192737	0.09
4193198	0.08
4193886	0.07
4195151	0.07
4196570	0.07
4197289	0.08
4198248	0.08
4199125	0.1
4199799	0.09
4200417	0.08
4200943	0.08
4201475	0.11999999999999998
4202624	0.21000000000000005
4203982	0.20000000000000004
4205286	0.1
4206737	0.21000000000000005
4213425	0.19000000000000003
4213901	0.19000000000000003
4214744	0.09
4216278	0.04
4217761	0.02
4219464	0.04
4221394	0.03
4223216	0.11
4225669	0.14
4228546	0.3000000000000001
4229797	0.8500000000000005
4230790	0.8400000000000005
4231495	1.1300000000000008
4232558	0.8500000000000005
4234582	0.25000000000000006
4236027	0.03
4236581	0.03
4237265	0.03
4238682	0.07
4240530	0.09
4241516	0.05
4243071	0.05
4244303	0.01
4245824	0.03
4246559	0.05
4247341	0.05
4248641	0
4250014	0.04
4250525	0.060000000000000005
4250800	0.07
4251619	0.060000000000000005
4252754	0.04
4253452	0.01
4255254	0.01
4256821	0.01
4257419	0
4258458	0
4259341	0
4259745	0.060000000000000005
4260448	0.08
4260952	0.11999999999999998
4262187	0.11999999999999998
4262961	0.08
4263739	0.4000000000000002
4265021	0.5900000000000003
4266321	0.4900000000000002
4267710	0.6900000000000004
4268910	0.6600000000000004
4269770	0.8000000000000005
4270446	0.26000000000000006
4270836	0.14
4272460	0.02
4274393	0.060000000000000005
4274900	0.05
4276264	0.03
4277221	0.05
4277701	0.05
4279153	0.05
4280804	0.11
4282429	0.1
4284077	0.11
4285056	0.05
4286392	0.03
4288482	0.03
4289528	0.02
4290143	0
4290954	0.01
4292359	0.01
4293354	0
4293841	0
4295137	0.01
4296780	0.08
4298058	0.11999999999999998
4299156	0.060000000000000005
4300297	0.060000000000000005
4302052	0.08
4303593	0.07
4304265	0.07
4305604	0.2300000000000001
4307334	0.22000000000000008
4308130	0.22000000000000008
4308979	0.2800000000000001
4310214	0.3000000000000001
4311574	0.3000000000000001
4312546	0.3900000000000002
4313574	0.36000000000000015
4314032	0.3300000000000001
4314723	0.15
4315321	0.14
4315803	0.14
4316650	0.16
4317555	0.15
4318385	0.14
4319183	0.17
4320131	0.17
4320955	0.16
4321470	0.14
4322059	0.15
4322627	0.15
4323844	0.16
4324771	0.16
4325519	0.12999999999999998
4326566	0.14
4328249	0.16
4329799	0.16
4331253	0.15
4332160	0.11
4332731	0.11
4333616	0.11
4334768	0.11999999999999998
4336362	0.12999999999999998
4337548	0.16
4339389	0.24000000000000007
4341174	0.24000000000000007
4342588	0.3000000000000001
4344085	0.2800000000000001
4345243	0.2800000000000001
4346503	0.21000000000000005
4348074	0.21000000000000005
4349674	0.20000000000000004
4350846	0.22000000000000008
4351958	0.4100000000000002
4352221	0.5000000000000002
4352732	0.4200000000000002
4352994	0.3200000000000001
4353958	0.38000000000000017
4355682	0.38000000000000017
4357543	0.3900000000000002
4359364	0.46000000000000024
4361165	0.6100000000000003
4363020	0.6300000000000003
4364193	0.08
4365187	0.01
4366122	0.01
4367609	0.01
4368902	0.02
4369784	0.02
4370834	0.01
4371848	0.01
4372985	0.01
4373799	0.02
4375143	0.02
4375982	0.03
4376379	0.03
4376626	0.03
4377033	0.01
4377455	0.02
4378377	0.07
4379186	0.07
4379574	0.05
4380150	0.05
4381414	0.08
4383131	0.11
4384612	0.09
4385550	0.08
4385867	0.060000000000000005
4387708	0.05
4389876	0.01
4390983	0.01
4391876	0.01
4393497	0.02
4394847	0.03
4395815	0.04
4396733	0.03
4398335	0.04
4399727	0.04
4400442	0.04
4401312	0.04
4402667	0.04
4403802	0.03
4404484	0.04
4405336	0.04
4406402	0.03
4407874	0.03
4409640	0.08
4410333	0.09
4410902	0.07
4411631	0.05
4412178	0.08
4412706	0.08
4413609	0.08
4415087	0.05
4416154	0.04
4416605	0.04
4417326	0.04
4418075	0.05
4419093	0.060000000000000005
4420678	0.060000000000000005
4421545	0.05
4421940	0.05
4422511	0.07
4423273	0.060000000000000005
4424043	0.04
4424653	0.05
4425315	0.05
4425677	0.04
4425952	0.07
4426332	0.9900000000000008
4427025	1.420000000000001
4427932	1.480000000000001
4428398	0.4100000000000002
4429245	0.2700000000000001
4430570	0.3100000000000001
4431652	0.3300000000000001
4432573	0.2900000000000001
4433594	0.26000000000000006
4434303	0.2800000000000001
4435593	0.1
4437125	0.11
4438176	0.05
4438985	0.05
4439690	0.04
4440543	0.04
4441857	0.03
4443248	0.04
4446001	0.04
4448064	0.08
4448572	0.11999999999999998
4448885	0.19000000000000003
4449387	0.22000000000000008
4450440	0.20000000000000004
4451809	0.2300000000000001
4453085	0.22000000000000008
4454080	0.18000000000000002
4455110	0.17
4456471	0.17
4457589	0.17
4458635	0.17
4459704	0.17
4460132	0.18000000000000002
4461591	0.22000000000000008
4463881	0.24000000000000007
4465469	0.21000000000000005
4466772	0.19000000000000003
4468973	0.25000000000000006
4470720	0.26000000000000006
4471216	0.26000000000000006
4471927	0.5800000000000003
4473011	0.5600000000000003
4473696	0.48000000000000026
4474420	0.6200000000000003
4475088	1.1000000000000008
4476344	0.7800000000000005
4478681	0.47000000000000025
4479285	0.2700000000000001
4480328	0.2700000000000001
4482409	0.5600000000000003
4484058	0.5400000000000003
4485195	0.5300000000000002
4486778	0.5400000000000003
4487859	0.5500000000000003
4489312	0.8500000000000005
4490640	0.8400000000000005
4491865	0.9300000000000006
4492969	1.370000000000001
4493890	1.290000000000001
4494904	1.1500000000000008
4495699	1.8700000000000017
4496624	1.8300000000000016
4499798	2.1699999999999977
4500258	2.5499999999999896
4500611	2.6099999999999883
4502767	2.439999999999992
4504666	2.709999999999986
4505846	2.669999999999987
4506510	2.5599999999999894
4506801	3.1599999999999766
4510004	3.659999999999966
4511936	3.3099999999999734
4512910	3.039999999999979
4513857	2.9199999999999817
4515515	2.839999999999983
4517240	2.859999999999983
4517974	3.329999999999973
4519831	3.429999999999971
4521345	3.4899999999999696
4525409	3.4099999999999713
4526497	3.349999999999973
4527221	3.319999999999973
4527764	3.5399999999999685
4528514	3.379999999999972
4531090	3.319999999999973
4532810	3.329999999999973
4533511	3.319999999999973
4533924	3.659999999999966
4535523	4.159999999999956
4537104	4.120309278350472
4538212	4.270309278350469
4539143	3.600309278350483
4541258	3.5603092783504837
4542335	3.5518035312240475
4543389	3.201803531224055
4544018	3.3218035312240524
4544666	3.201803531224055
4548536	3.2118035312240547
4549259	2.8332977840976263
4550624	2.7536070624481437
4552228	2.353607062448152
4553631	2.083607062448158
4554480	2.073607062448158
4554986	2.1536070624481565
4555905	2.1636070624481563
4556624	2.123607062448157
4557189	2.3036070624481533
4557833	2.335101315321716
4558940	2.0251013153217223
4559769	1.9351013153217225
4560338	1.9851013153217223
4561207	2.105101315321721
4562086	2.115101315321721
4563228	2.0251013153217223
4563796	1.9751013153217225
4564305	1.9351013153217225
4565274	1.9651013153217225
4566606	2.1351013153217204
4567903	2.5151013153217123
4571833	3.025739613194042
4573172	2.9057396131940445
4575495	2.9157396131940443
4577435	2.8157396131940464
4578656	3.1376374756786896
4579669	2.6676374756786996
4580765	2.7469383506678695
4582253	2.8425719074111298
4585005	2.4640661602847014
4587406	2.344066160284703
4588387	1.954066160284703
4588977	0.8542681804867216
4590204	0.7961976795590779
4592484	1.145238856635969
4594041	1.0665353025807944
4595394	1.109911485121092
4596501	0.8072004665031194
4598295	0.552223715900545
4599942	0.3975064706597838
4600606	0.408376035877175
4601247	0.408376035877175
4601860	0.3975064706597838
4602473	0.4087424257159635
4603839	0.42010606207959983
4604498	0.4203643598969833
4605269	0.3634278191510648
4605922	0.3756030340646164
4607184	0.3995526138965491
4608009	0.36425523913269015
4608408	0.3285409534184044
4608984	0.34088663243075007
4610208	0.29503125324203755
4611698	0.23268557422969188
4612208	0.23268557422969188
4612947	0.23268557422969188
4613870	0.23268557422969188
4615111	0.2860189075630252
4616290	0.2860189075630252
4617712	0.28674950117033116
4618890	0.2600828345036645
4620214	0.2606699186523925
4621242	0.2902485994397759
4622434	0.2908758068444769
4623609	0.32070773961758614
4624467	0.24803111543124712
4625379	0.2333252330783059
4626603	0.20437271062271065
4627931	0.3455017428807751
4628664	0.28398617511520735
4629688	0.14187307987711212
4631701	0
4632938	0
4633489	0
4634120	0.017241379310344827
4634875	0.017241379310344827
4635757	0.017241379310344827
4636351	0.01818181818181818
4637408	0.055218855218855216
4638854	0.0747728860936408
4639948	0.05625436757512228
4641285	0
