organism=Escherichia_coli_300_genomes	genome=GCF_000005845.2_ASM584v2	contig=NC_000913.3	method=probabilistic complexity
position	complexity
1568	0
3267	0
4377	0.2
5382	0.4
6071	0.6
7244	0.30000000000000004
8714	0.1
9599	0
10211	0
10999	0
11584	0.2
13121	2.0000000000000004
14733	10.29999999999998
18072	9.099999999999984
19170	6.999999999999991
20946	6.8999999999999915
21877	0.7
23799	0.1
25454	0
26050	0
26752	0.4
27750	0.6
28784	0.4
30225	0.4
32427	1.3
34497	1.2
35076	0.30000000000000004
35769	0.30000000000000004
37047	0.4
38506	0.5
39815	0.4
41174	0.2
42788	0.30000000000000004
43658	0.2
44823	0
45606	0
46472	0.2
47511	0.30000000000000004
48700	1.0999999999999999
50007	3.4000000000000017
50801	3.700000000000002
51417	1.2
52019	0
52921	0.1
54059	0.2
55932	0.1
57771	0.2
58799	0.30000000000000004
59200	0.30000000000000004
60016	0.4
61811	0.2
64604	0.2
66202	0.1
67586	0.1
69198	0.6
70826	2.2000000000000006
71733	2.1000000000000005
72578	0.5
73716	0.5
74988	0.6
76471	0.5
77453	0.30000000000000004
78210	0.30000000000000004
79150	0.4
80164	0.2
81412	0.2
82743	0.4
84840	0.5
86492	0.30000000000000004
87602	0.2
88530	0.2
89863	0.1
90564	0.1
91214	0.30000000000000004
92296	0.2
93909	0.2
95329	0.1
96543	0.1
97745	0.1
99025	0
100177	0
101502	0
102693	0
103570	0
104613	0
105880	0
107015	0.1
107923	0.30000000000000004
109631	0.7
111238	0.5
111747	0.30000000000000004
112227	0
112909	0.2
113965	0.30000000000000004
115123	0.30000000000000004
116406	0.4
117329	0.30000000000000004
118198	0.2
119008	0.1
119708	0.2
120863	0.2
122474	0
124348	0.1
126641	0.1
128624	0.1
130333	0.30000000000000004
132913	0.2
134569	0.2
135185	0.1
136031	0
136724	0.1
137858	0.2
140030	0.30000000000000004
141699	0.30000000000000004
142339	0
143242	0
144087	0
144797	0
145695	0.1
146504	0.4
147419	0.7999999999999999
148369	0.5
149204	0.6
150334	0.7999999999999999
151301	0.9999999999999999
151928	0.6
152527	0.6
154127	0.8999999999999999
155831	0.8999999999999999
156591	0.5
157492	0.30000000000000004
158411	0
159649	0.1
160376	0.1
161134	0.2
161766	0.2
163319	0.2
165997	0.7
168605	0.5
170176	0.2
171020	0.2
172453	0.2
174242	0.1
175817	0
176782	0
177312	0.1
178062	0.1
178804	0.30000000000000004
179995	0.2
181596	0.1
183041	0.4
183902	0.6
184628	0.2
185535	0.30000000000000004
187314	0.1
189109	0.1
190236	0
191282	0
192217	0
193150	0.1
194119	0.1
195285	0.1
195740	0.1
196159	0.1
197222	0.2
199144	0.2
200724	0.1
201483	0
202328	0
202954	0
203922	0
204791	0.1
206867	0.1
209100	0.30000000000000004
210749	0.30000000000000004
212071	0.30000000000000004
212980	0.1
213808	0.1
214025	0.2
214563	0.2
215044	0
215624	0.1
216591	0.1
217916	0.2
219240	0.1
219793	0.1
220520	0.1
221294	0.4
222129	0.5
223120	0.6
229568	0.5
230424	0.2
231532	0.1
232237	0.1
233207	0.1
234404	0.1
235177	0
235768	0
236428	1.9000000000000006
237727	5.399999999999997
238496	6.499999999999993
238915	9.799999999999981
239804	9.599999999999982
240593	0.7
242081	0.2
243832	0.2
244710	0
245435	0.2
246100	0.2
246372	0.7999999999999999
247148	2.500000000000001
247885	2.800000000000001
249227	3.3000000000000016
250509	2.1000000000000005
251425	0.6
252151	0.5
252500	0.5
252974	0.6
253600	0.4
253952	0.6
254987	0.5
256206	0.2
257149	0.1
258870	0.2
259572	0.4
260939	0.4
262129	0.4
263160	1.8000000000000005
265423	3.0000000000000013
269735	2.2000000000000006
273419	2.3000000000000007
275203	0.8999999999999999
276014	0.7
277181	0.7
278279	0.8999999999999999
278995	1.6000000000000003
281400	1.9000000000000006
286086	1.4000000000000001
287594	1.2
288783	1.3
291865	1.0999999999999999
293569	1.4000000000000001
294372	1.4000000000000001
295030	0.9999999999999999
295359	0.7999999999999999
296358	0.8999999999999999
297586	1.5000000000000002
298248	0.7
299835	0.30000000000000004
301409	0.2
302228	0.7
303298	0.7
304850	0.7
305995	0.30000000000000004
308069	0.1
309692	0.30000000000000004
310377	0.4
311017	0.7
312444	1.6000000000000003
312647	1.7000000000000004
313191	3.700000000000002
314800	4.899999999999999
316793	5.999999999999995
318022	3.800000000000002
319338	2.3000000000000007
320654	0.9999999999999999
321967	0.8999999999999999
323051	0.8999999999999999
324105	0.30000000000000004
325030	2.0000000000000004
326412	4.000000000000002
327997	2.400000000000001
329040	1.3
330479	0.7999999999999999
332915	0.8999999999999999
333967	0.7
334773	0.5
335582	0.4
336356	0.4
337551	1.4000000000000001
339034	3.4000000000000017
339929	2.500000000000001
340640	2.600000000000001
341816	2.3000000000000007
343408	2.500000000000001
344583	1.0999999999999999
345982	0.5
346621	0.30000000000000004
347650	0.2
349127	0.4
349741	0.30000000000000004
350596	0.30000000000000004
351940	0.30000000000000004
353649	0.5
355551	0.4
356812	0.30000000000000004
358240	0.2
359128	0.1
359724	0.30000000000000004
360555	0.5
361554	0.6
362552	0.6
364768	1.7000000000000004
366973	2.700000000000001
368003	2.500000000000001
369443	0.8999999999999999
370749	0.7999999999999999
371672	0.4
372519	0.4
373396	0.2
374374	0.1
376064	0.2
377041	0.30000000000000004
377951	0.2
379016	0.2
379743	0.30000000000000004
380455	1.6000000000000003
381065	1.8000000000000005
383337	1.5000000000000002
383994	1.0999999999999999
384337	1.8000000000000005
385713	1.5000000000000002
386590	0.4
387384	0
388220	0.2
389240	1.3
394817	1.3
395708	1.0999999999999999
396383	0.30000000000000004
397249	0.30000000000000004
398419	0.30000000000000004
399179	0.1
399699	0
400376	0
401516	0.2
402454	0.2
403441	0.2
404260	0.2
405239	0.2
405993	0.2
406667	0
407074	0
407766	0.30000000000000004
408319	1.2
408687	1.0999999999999999
409596	0.9999999999999999
410598	0.5
411931	0.4
414180	0.2
416351	0.1
417486	0
418536	0.2
420250	0.30000000000000004
421672	0.4
423423	0.8999999999999999
424627	1.6000000000000003
425546	0.9999999999999999
426700	0.1
427453	0.2
428587	0.2
429990	0.2
430778	0.1
431571	0.30000000000000004
432581	0.5
433226	0.4
434006	0.1
434882	0
435346	0
436122	0.30000000000000004
436848	0.7
437648	0.5
439246	0.2
440651	0.1
441222	0
442273	0.1
443346	0.2
444059	0.2
444928	1.0999999999999999
445984	3.3000000000000016
447260	3.3000000000000016
447881	0.8999999999999999
448353	0.30000000000000004
449645	0.1
451136	0.1
452807	0.1
453878	0
454632	0
455782	0
456988	0.1
458063	0.2
460065	0.1
461587	0
462850	0.1
464122	0.2
464601	0.1
465199	0.1
466462	0.4
467821	0.6
468612	0.30000000000000004
469757	0.30000000000000004
471526	0.1
472767	0.2
473609	0.1
474731	0.1
475665	0.2
476137	0.4
476848	0.4
477842	0.30000000000000004
479016	0.30000000000000004
479642	0.1
480199	0.1
480521	0.4
485022	0.6
486084	0.30000000000000004
488217	0.2
490190	0.1
490548	0
491070	0
491687	0
493057	0.1
494240	0.1
494707	0
496057	0
497497	0
498536	0
499493	0.1
500777	0.1
502400	0.1
504086	0.5
505740	0.5
506842	0.4
507683	0.30000000000000004
508388	0.4
510127	0.30000000000000004
512107	0.6
513222	2.600000000000001
514196	4.5
514630	2.9000000000000012
515314	0.5
516257	0.2
516972	0.2
517852	0.1
518725	0.2
519435	0.4
520076	0.5
521623	1.2
527765	1.2
528770	1.6000000000000003
529830	1.9000000000000006
530679	1.3
531758	0.7
532692	0.7
533418	0.30000000000000004
534806	0.6
536098	0.6
537025	0.7
538360	0.7
539827	0.6
541215	0.5
542460	0.4
543653	0.4
544674	0.5
545838	0.5
547513	0.5
548986	0.2
550034	0
550885	0
552060	0
552845	0.1
553579	0.1
554190	0
555303	0
556292	0
556767	0.1
557308	0.4
558483	0.5
559320	0.6
560998	0.9999999999999999
562830	0.7999999999999999
563587	0.4
564164	1.0999999999999999
565396	2.1000000000000005
566229	4.200000000000001
566731	10.999999999999977
568481	10.399999999999979
569665	11.999999999999973
571168	11.799999999999974
571852	11.399999999999975
572693	15.79999999999996
573006	8.499999999999986
573229	9.89999999999998
573552	10.19999999999998
573801	11.299999999999976
574147	12.499999999999972
574590	10.09999999999998
576291	12.89999999999997
577861	13.999999999999966
578746	14.499999999999964
579983	11.499999999999975
582367	9.099999999999984
584055	3.800000000000002
585156	2.800000000000001
586527	1.8000000000000005
587536	1.4000000000000001
589468	5.599999999999996
592059	11.599999999999975
594049	11.699999999999974
595101	1.5000000000000002
596286	2.800000000000001
597297	2.2000000000000006
598090	2.0000000000000004
600285	0.2
602647	0.30000000000000004
604039	0.2
605097	0.1
605702	0.2
606075	0.1
606824	2.3000000000000007
607862	2.500000000000001
609830	2.2000000000000006
611374	0.2
613338	0.1
614051	0
616097	0.5
618820	0.9999999999999999
620692	0.9999999999999999
621687	0.6
622925	0.4
624032	0.2
625472	0.1
626875	0
628122	0
628924	0
629506	0.2
630946	0.30000000000000004
632280	0.2
632933	0.1
634166	0.6
635061	0.7999999999999999
635959	0.9999999999999999
637167	0.7999999999999999
638200	0.30000000000000004
639226	0.1
640520	0
641653	0.30000000000000004
642707	0.4
643374	0.30000000000000004
643762	0.30000000000000004
644600	0
645848	0
647070	0
647759	0
648805	0
650036	0.1
650635	0.1
651327	0.2
653064	0.30000000000000004
654202	0.4
655275	0.30000000000000004
656837	0.30000000000000004
657396	0
657746	0.1
658144	0.1
658536	0.1
659048	0
659733	0.1
660901	0.1
661957	0.1
662510	0.1
663393	0.2
664646	0.1
665757	0.1
667266	0
668481	0
668877	0
669601	0
670251	0
671089	0
671895	0.1
673492	0.1
675259	0.30000000000000004
677064	0.5
678128	0.8999999999999999
679861	1.0999999999999999
680937	0.8999999999999999
682558	0.6
683944	0.5
684892	0.2
685592	0.2
686299	0.1
687293	0.2
690112	0.30000000000000004
691345	0.2
692107	0.1
692877	0
694243	0
695688	0.1
698345	0.2
699950	0.1
700984	0
702177	0
703211	0
704917	0.8999999999999999
705921	0.8999999999999999
706925	1.2
709037	0.30000000000000004
709953	0.1
710423	0.2
711200	0.2
711786	0
712420	0
713259	0
714378	0.2
715659	0.4
716492	0.6
717605	1.0999999999999999
719361	2.1000000000000005
720711	2.0000000000000004
721394	1.5000000000000002
723072	0.30000000000000004
724693	0.4
726012	0.5
727895	0.4
729237	4.799999999999999
733939	4.699999999999999
735934	4.5
736572	4.899999999999999
739255	3.900000000000002
740216	0.8999999999999999
741815	0.1
743198	0.2
743921	0.1
744709	0.2
745532	0.1
746330	0.1
747246	1.2
748451	1.4000000000000001
749343	2.400000000000001
753826	2.400000000000001
754727	0.1
755364	0.1
755733	0.2
756790	0.2
758047	0.30000000000000004
760106	0.2
762130	0
763597	0.1
764614	9.699999999999982
767002	10.29999999999998
769294	16.29999999999996
772242	16.19999999999996
773611	0
774252	0
774455	0
774954	0
775499	0.1
776063	0.1
776974	0
778386	0
779327	0
779993	0.1
782606	0.1
783525	0.1
784352	0.1
785127	0.1
786159	0
787219	0
788317	0.1
789405	0.2
790506	0.2
791547	0.1
793052	0
794250	0
794847	0
795475	0
796206	0
797083	0
798022	0
799083	0.1
800098	0.6
801285	0.8999999999999999
802603	1.2
804633	0.9999999999999999
806639	0.7
807671	1.0999999999999999
808612	0.5
809864	0.1
810958	0.2
811899	0.2
812608	0.2
814536	0.1
816193	0.2
817538	0.2
818311	0.1
818812	0
819170	0
819521	0.30000000000000004
820236	2.0000000000000004
821149	2.2000000000000006
822020	0.8999999999999999
823118	0.1
824116	0.1
824835	0.1
825555	0.2
826685	0.2
828113	0.30000000000000004
829471	0.1
830307	0.4
831554	1.3
832692	1.5000000000000002
834077	1.5000000000000002
835729	0.7999999999999999
836893	0.4
837795	0.30000000000000004
838323	0.1
838867	0.30000000000000004
840390	0.30000000000000004
841926	0.2
842795	0.1
844367	0.2
846102	0.1
846789	0
847631	0.1
848659	0.2
849653	0.2
850707	0.30000000000000004
851805	0.1
852933	0.2
853416	0.2
854206	0.1
855284	0.1
856759	0.7
858428	0.8999999999999999
859620	0.5
861390	0.2
863061	0.2
863973	0.1
864754	0
865746	0.30000000000000004
867050	0.6
868455	0.8999999999999999
870180	0.7
871427	0.30000000000000004
872345	0.1
874153	0.2
875999	0.6
877372	0.4
878439	0.1
879299	0.2
880167	0.2
881328	0.2
882355	0.2
883090	0.30000000000000004
884289	0.2
885085	0
885723	0.2
886694	0.2
887691	0.5
888976	0.5
890277	0.2
890624	0.1
891056	0.1
891545	0.1
892418	0.2
893195	0.2
894340	0.1
895557	0.30000000000000004
896610	0.30000000000000004
897506	0.2
898233	0.2
899081	0.2
900209	0.4
901200	0.2
901892	0
902622	0
903370	0.2
904209	0.6
904754	0.6
905328	0.30000000000000004
906246	0.30000000000000004
907567	0.30000000000000004
908793	0.2
910190	0.30000000000000004
911666	0.30000000000000004
912988	0.1
914407	0.2
915699	0.4
917302	0.4
918624	0.30000000000000004
919792	0.2
921320	0.30000000000000004
922478	2.9000000000000012
923073	3.0000000000000013
924402	1.6000000000000003
926334	1.5000000000000002
927080	0.30000000000000004
928334	0.4
930079	0.30000000000000004
931567	0.2
932842	0.30000000000000004
935218	0.2
937677	0.2
938665	0.1
940074	0.1
942181	0.30000000000000004
943722	0.30000000000000004
944464	0.2
945244	0.1
946445	0.2
947944	0.7999999999999999
949114	0.7999999999999999
949963	0.7
950710	1.2
952413	1.3
954037	0.7
955752	0.4
957108	0.2
958197	0.30000000000000004
959453	2.800000000000001
960646	2.800000000000001
961542	0.4
962831	0.1
963970	0.2
965452	0.30000000000000004
967495	0.7
968859	0.6
970005	0.4
970764	0.30000000000000004
971225	0.1
972198	0
973011	0
973929	0
974980	0
975974	0.2
978556	0.4
981970	0.30000000000000004
983349	0.1
983973	0.1
985114	0.2
986438	0.6
988285	0.6
989755	0.30000000000000004
991928	0.4
993660	0.6
994436	0.4
995415	0.4
996464	0.2
997224	2.2000000000000006
998137	5.699999999999996
998840	4.5
1002342	2.500000000000001
1003160	2.2000000000000006
1004312	1.8000000000000005
1005273	0.30000000000000004
1006223	0
1007045	0.1
1008898	0.1
1010917	0
1012627	0.1
1014079	0.1
1015177	0.1
1015798	0
1016265	0.1
1017419	0.1
1018711	0.2
1019533	0.1
1020664	0.1
1021452	0.2
1022811	0.1
1024125	0
1025498	0
1026786	0.2
1027442	0.2
1028152	0.1
1028562	0.1
1029366	0.1
1030203	0
1030503	0
1031088	0.2
1032698	0.6
1034150	0.5
1035419	0.4
1036063	0.1
1036553	0.2
1037177	0.2
1038512	0.30000000000000004
1039864	0.30000000000000004
1040491	0.30000000000000004
1041266	0.30000000000000004
1043120	0.2
1044453	1.0999999999999999
1046897	0.9999999999999999
1048318	0.4
1049010	0.2
1049591	0.2
1051567	0.4
1052153	0.4
1052825	0.7999999999999999
1054783	0.9999999999999999
1056775	0.9999999999999999
1057608	0.7
1058670	0.7999999999999999
1060529	0.4
1062098	0.1
1062702	0
1063315	0.4
1064664	0.4
1066205	0.4
1066977	0.2
1067410	0.7999999999999999
1068167	1.6000000000000003
1069175	1.7000000000000004
1070107	0.8999999999999999
1070660	0.5
1071365	0.2
1071966	0
1072518	0.1
1073408	0.1
1074561	0.30000000000000004
1076901	0.6
1079041	0.7999999999999999
1080059	1.5000000000000002
1081411	0.7999999999999999
1081825	0.7999999999999999
1082806	0.4
1084011	0.7
1085524	0.8999999999999999
1086312	0.6
1087183	0.6
1088848	0.8999999999999999
1091077	1.5000000000000002
1093555	3.2000000000000015
1095684	3.2000000000000015
1096336	3.3000000000000016
1098355	3.0000000000000013
1099247	0.5
1099917	0
1100526	0.1
1101267	0.30000000000000004
1101919	0.2
1102346	0.2
1102871	0.4
1104178	0.5
1104674	0.30000000000000004
1105127	0.30000000000000004
1105569	0.2
1106086	0.2
1107035	0.2
1108362	0.4
1110119	0.7999999999999999
1112149	0.5
1113692	0.2
1113994	2.600000000000001
1114877	2.600000000000001
1116122	2.600000000000001
1117333	0.2
1118188	0.2
1118763	0.2
1119363	0.1
1120027	0.1
1120828	0.2
1121364	0.2
1122084	0.30000000000000004
1122993	0.1
1123730	0
1124722	0.1
1125854	0.1
1126480	0.2
1127267	0.1
1128606	0
1129622	0.1
1129981	0.1
1130533	0
1131226	0
1131640	0
1132201	0.1
1133178	0.2
1134179	0.30000000000000004
1135120	0.2
1135913	0.2
1136822	0.2
1137841	0.2
1139199	0.30000000000000004
1140509	0.7
1142774	0.8999999999999999
1145419	0.5
1146322	0
1147054	0
1147453	0
1148171	0
1149235	0.2
1150192	0.2
1151037	0
1151733	0
1152559	0
1153704	0
1154623	0.1
1155444	0.2
1156264	0.2
1157175	0.4
1158585	0.7
1160456	0.7
1162064	0.5
1162435	0
1162958	0
1163672	0
1164607	0
1165414	0.1
1166737	0.4
1167868	0.4
1168547	0.1
1169201	0.2
1169891	0.2
1172265	0.2
1174628	0.2
1176026	0.30000000000000004
1176969	0.2
1177945	0.2
1179048	0.30000000000000004
1179939	0.7999999999999999
1180873	0.5
1181494	0.4
1182306	0.2
1183223	0.5
1184045	1.2
1185026	0.7999999999999999
1186457	0.6
1187679	2.600000000000001
1189046	3.1000000000000014
1190111	1.2
1191301	0.5
1192310	0.1
1193220	0
1194057	0.2
1194624	0.9999999999999999
1195748	2.400000000000001
1197199	2.2000000000000006
1197880	2.3000000000000007
1199141	2.9000000000000012
1200242	4.999999999999998
1200909	5.899999999999995
1201667	5.399999999999997
1201930	7.099999999999991
1202596	10.899999999999977
1203124	11.199999999999976
1203546	7.39999999999999
1203991	5.799999999999995
1204853	10.29999999999998
1205640	12.599999999999971
1205967	10.499999999999979
1206547	4.5
1207205	5.099999999999998
1210762	2.2000000000000006
1211495	3.2000000000000015
1213693	1.6000000000000003
1214869	0.4
1215907	0.7
1216502	0.6
1216872	1.0999999999999999
1218089	2.3000000000000007
1219092	3.800000000000002
1220361	4.200000000000001
1222469	4.200000000000001
1222786	3.4000000000000017
1224412	2.9000000000000012
1224955	0.6
1225732	0.1
1226784	0.2
1227271	0.30000000000000004
1227860	0.30000000000000004
1228408	0.1
1229053	0.2
1229938	0.30000000000000004
1230976	0.6
1231820	0.5
1232765	0.30000000000000004
1233946	0
1235297	0.1
1236475	0.30000000000000004
1238220	0.6
1239414	3.800000000000002
1241203	5.699999999999996
1242623	2.3000000000000007
1243485	1.2
1244160	1.5000000000000002
1244855	5.999999999999995
1245380	6.699999999999992
1246527	5.4999999999999964
1248405	1.4000000000000001
1249441	0.5
1250303	0.7999999999999999
1252025	1.7000000000000004
1254518	1.7000000000000004
1256386	1.6000000000000003
1257266	1.8000000000000005
1258221	0.4
1258930	0.30000000000000004
1259950	0.4
1261434	0.4
1262451	0
1263188	0
1264342	0
1265553	0
1266510	0
1267120	0
1267724	0.1
1268592	1.3
1271299	1.9000000000000006
1272234	0.7
1272844	0
1273422	0
1274481	0.1
1275504	0.1
1276720	0.1
1277753	0
1278652	0.2
1281735	0.30000000000000004
1284373	0.30000000000000004
1285494	0.9999999999999999
1286187	6.099999999999994
1288203	6.8999999999999915
1288903	1.8000000000000005
1289678	0.9999999999999999
1290748	0.2
1291911	0.1
1292715	0
1293835	0.7
1294721	1.9000000000000006
1295229	1.6000000000000003
1296783	0.7
1298921	0.7999999999999999
1299349	1.2
1301975	1.8000000000000005
1303359	1.0999999999999999
1304288	0.6
1305260	0.30000000000000004
1306266	0
1306985	0.1
1307915	0.7999999999999999
1309642	1.5000000000000002
1310717	2.700000000000001
1311441	2.2000000000000006
1312047	0.8999999999999999
1312620	0.7999999999999999
1313291	0.8999999999999999
1314339	1.2
1314971	2.9000000000000012
1315520	2.800000000000001
1315945	3.2000000000000015
1316819	1.3
1317818	0.2
1319106	0.1
1320586	0
1322165	0.1
1323660	0.1
1324408	0.4
1325693	0.7
1327289	1.0999999999999999
1328062	0.6
1328733	0.2
1329856	0.1
1330542	0.1
1332346	0.4
1334342	0.5
1335224	0.2
1335374	0.6
1335619	0.5
1337168	0.4
1338865	0.1
1339712	0
1340397	0
1341142	0
1342259	0
1342821	0.1
1343219	0.30000000000000004
1343971	0.30000000000000004
1344522	0.7
1345749	1.4000000000000001
1347945	1.3
1349543	1.5000000000000002
1350645	5.1999999999999975
1352231	5.599999999999996
1353132	1.6000000000000003
1354073	0.1
1354987	0.1
1356288	0.1
1357545	0.2
1358494	0.30000000000000004
1360199	0.4
1361508	0.4
1362189	0.30000000000000004
1363486	0.30000000000000004
1364872	0.2
1366182	0
1367423	0.1
1368413	0.1
1368913	0
1369204	0.2
1369503	0.30000000000000004
1369846	0.7
1371055	0.7999999999999999
1372555	0.8999999999999999
1373662	0.6
1374511	0.6
1375489	0.8999999999999999
1376428	0.9999999999999999
1377359	0.8999999999999999
1379017	0.5
1380477	0.7999999999999999
1381305	0.7999999999999999
1382399	0.4
1383462	0.1
1384815	0.1
1386041	0.1
1387490	0.30000000000000004
1388558	0.2
1389412	0.1
1390234	0.2
1390771	0.9999999999999999
1391393	1.6000000000000003
1392440	2.0000000000000004
1394033	1.3
1395406	0.30000000000000004
1397493	0.2
1398147	0.2
1399150	0.8999999999999999
1399978	2.500000000000001
1401010	2.600000000000001
1402532	2.700000000000001
1403910	2.800000000000001
1405195	4.000000000000002
1406260	4.4
1407179	2.1000000000000005
1408541	0.9999999999999999
1409394	0.1
1410197	0.4
1411480	1.3
1413344	2.500000000000001
1413635	4.200000000000001
1414388	6.199999999999994
1417625	5.999999999999995
1417923	5.399999999999997
1418118	8.699999999999985
1418853	7.899999999999988
1419389	8.599999999999985
1420003	9.799999999999981
1420513	11.199999999999976
1420895	10.699999999999978
1421547	8.599999999999985
1422356	6.699999999999992
1423032	4.5
1424527	4.6
1425508	6.199999999999994
1425800	9.299999999999983
1426968	11.299999999999976
1429914	11.499999999999975
1435402	8.899999999999984
1436326	0.9999999999999999
1439022	0.7
1441191	0.1
1441532	0.2
1442348	0.7
1444370	0.9999999999999999
1445779	0.7999999999999999
1446043	1.6000000000000003
1446830	2.600000000000001
1448268	2.1000000000000005
1450212	1.5000000000000002
1452619	0.8999999999999999
1454391	0.5
1455011	0.4
1455537	0
1456173	0.1
1456965	0.6
1457880	1.2
1458658	1.6000000000000003
1459790	2.0000000000000004
1460682	1.4000000000000001
1461495	0.6
1462781	0.6
1464014	0.4
1464766	2.400000000000001
1474651	3.5000000000000018
1476297	2.500000000000001
1477923	2.500000000000001
1478674	2.2000000000000006
1480016	1.8000000000000005
1481543	0.5
1482557	0.7999999999999999
1485012	2.500000000000001
1487635	3.5000000000000018
1488951	2.400000000000001
1489838	1.6000000000000003
1490149	1.5000000000000002
1490655	0.6
1491167	1.7000000000000004
1491763	2.3000000000000007
1492045	2.600000000000001
1493290	2.500000000000001
1494609	0.9999999999999999
1495959	0.5
1497701	0.30000000000000004
1498763	0.4
1499207	0.5
1499959	0.7999999999999999
1501069	0.6
1501858	0.7999999999999999
1502791	1.3
1503505	1.2
1504291	1.2
1505492	0.9999999999999999
1506440	0.2
1507761	0.4
1508919	1.7000000000000004
1509374	1.5000000000000002
1509705	2.500000000000001
1512226	2.1000000000000005
1513323	0.5
1514301	0.1
1515159	0.30000000000000004
1516290	1.0999999999999999
1517475	1.2
1517764	0.7999999999999999
1518106	0
1518587	0.30000000000000004
1519545	0.5
1520594	0.6
1522014	0.4
1523837	0.7999999999999999
1525230	8.199999999999987
1526555	17.099999999999973
1527046	27.50000000000012
1530163	29.200000000000145
1533168	29.100000000000144
1533566	16.79999999999997
1534446	6.5999999999999925
1535411	3.1000000000000014
1536277	0.30000000000000004
1536961	0.4
1538081	0.7999999999999999
1540720	1.3
1543366	6.299999999999994
1546700	6.499999999999993
1547694	1.0999999999999999
1549242	0.1
1550903	0
1551664	0.2
1552540	1.4000000000000001
1553333	1.7000000000000004
1554820	0.8999999999999999
1555894	0.4
1556172	0.5
1556840	0.9999999999999999
1557575	1.5000000000000002
1558524	1.6000000000000003
1559462	3.900000000000002
1560418	2.700000000000001
1561706	2.2000000000000006
1562785	1.7000000000000004
1564533	1.2
1566449	1.0999999999999999
1568163	0.8999999999999999
1569721	0.8999999999999999
1573798	1.3
1576433	1.4000000000000001
1578499	1.0999999999999999
1580211	1.6000000000000003
1581683	1.5000000000000002
1583306	1.4000000000000001
1583860	3.2000000000000015
1585346	3.900000000000002
1587277	6.8999999999999915
1588044	9.699999999999982
1588574	19.60000000000001
1591515	23.400000000000063
1592309	8.899999999999984
1599413	8.999999999999984
1600764	4.200000000000001
1602257	1.9000000000000006
1603533	0.8999999999999999
1604543	0.7999999999999999
1605562	0.5
1606537	0.4
1607144	0.2
1607725	0.4
1608565	0.4
1609954	1.6000000000000003
1611380	1.9000000000000006
1612145	1.3
1612788	0.2
1614009	0.2
1615244	0.30000000000000004
1616320	0.30000000000000004
1617623	0.30000000000000004
1618575	0.30000000000000004
1619337	0.4
1619765	0.5
1620098	2.9000000000000012
1620687	3.900000000000002
1621925	2.3000000000000007
1622693	2.600000000000001
1623405	1.7000000000000004
1624301	1.9000000000000006
1625032	1.4000000000000001
1626357	1.3
1627890	0.30000000000000004
1628695	0.1
1629316	0.30000000000000004
1630183	1.7000000000000004
1631643	4.5
1637695	5.299999999999997
1638561	5.099999999999998
1639278	6.199999999999994
1639790	10.09999999999998
1640209	12.499999999999972
1640677	9.099999999999984
1641446	10.799999999999978
1641961	9.599999999999982
1642865	13.699999999999967
1643779	11.199999999999976
1644776	9.499999999999982
1645489	4.899999999999999
1645752	4.100000000000001
1646571	4.899999999999999
1647235	3.0000000000000013
1647491	10.19999999999998
1647735	10.499999999999979
1648137	15.199999999999962
1648729	16.99999999999997
1648932	19.400000000000006
1649127	20.900000000000027
1649703	15.299999999999962
1649889	12.599999999999971
1653405	10.29999999999998
1654534	6.8999999999999915
1655510	3.2000000000000015
1655978	0.30000000000000004
1656464	0.1
1657120	0.4
1657717	4.899999999999999
1663298	5.899999999999995
1664036	1.9000000000000006
1664813	0.4
1665943	0.1
1666871	0.30000000000000004
1667954	0.30000000000000004
1669145	0.30000000000000004
1670325	0.2
1671530	0.1
1672370	0.1
1672984	0.30000000000000004
1673318	0.6
1674430	1.4000000000000001
1675666	0.9999999999999999
1677137	0.6
1678899	0
1680248	0.1
1681337	0.1
1681862	0.1
1682518	0.5
1683532	0.6
1684723	0.30000000000000004
1685886	0.30000000000000004
1687554	0.4
1689163	0.2
1690606	0.6
1691477	0.7
1692218	0.8999999999999999
1693576	0.8999999999999999
1695165	0.6
1696751	0.4
1697656	0.4
1698666	0.7
1700151	0.5
1701543	0.4
1702733	0.30000000000000004
1703788	0.4
1705056	0.30000000000000004
1705470	0.1
1706057	0
1706637	0.1
1708030	0.6
1709671	0.7
1710514	0.30000000000000004
1711175	0
1711840	0.30000000000000004
1712386	0.30000000000000004
1713520	0.30000000000000004
1714679	0.1
1715456	0.1
1716585	0.1
1717679	0
1718227	0
1719047	0
1720109	0.1
1720607	0.1
1721143	0
1721692	0.30000000000000004
1723127	0.7
1724394	0.7
1725184	0.6
1725800	0.2
1726322	0.2
1727207	0.1
1728040	0
1728670	0.2
1731395	0.2
1733927	0.2
1734842	0
1735668	0
1736705	0.1
1737500	0.2
1738356	0.30000000000000004
1739332	0.30000000000000004
1740516	0.1
1741987	0
1742921	0
1744143	0.1
1745499	0.2
1746852	0.6
1747933	0.7999999999999999
1749129	0.6
1749955	0.2
1750679	0.1
1751396	0.30000000000000004
1752779	0.5
1754164	0.4
1755036	0.1
1756404	0
1757539	0
1758223	0
1759082	0.2
1759913	0.4
1761155	0.5
1762139	0.4
1763265	0.2
1764202	0.1
1765028	0.1
1765427	0
1767157	0.2
1769630	1.0999999999999999
1770793	0.9999999999999999
1771678	0.7999999999999999
1773144	0.9999999999999999
1774222	0.8999999999999999
1775065	0.6
1776384	0.6
1777771	1.0999999999999999
1778845	1.5000000000000002
1779492	0.9999999999999999
1779999	1.2
1780870	0.5
1782039	0.2
1782827	0.4
1783854	0.7
1785923	0.5
1787861	0.1
1788958	0.1
1789708	0.1
1790526	0.30000000000000004
1791663	0.6
1792499	0.5
1793183	0.2
1793833	0.6
1794662	0.7999999999999999
1795402	0.5
1796750	0.30000000000000004
1798450	0.1
1799571	0
1799900	0.2
1800313	0.30000000000000004
1801606	0.7999999999999999
1805218	0.7999999999999999
1805704	0.6
1806834	0.2
1807545	0.1
1808226	0.2
1808965	0.30000000000000004
1809714	0.1
1810506	0
1811629	0.5
1812730	0.5
1813552	0.5
1814997	0.4
1816760	0.1
1817824	0.1
1819024	0.1
1819630	0.30000000000000004
1820535	0.4
1821459	0.30000000000000004
1822087	0.2
1822871	0.1
1823958	0
1824649	0.1
1825382	0.30000000000000004
1826439	0.30000000000000004
1827587	0.5
1828995	0.4
1830248	0.2
1831372	0.1
1832831	0.30000000000000004
1833756	0.7
1834454	0.8999999999999999
1835161	0.7999999999999999
1835789	0.5
1836656	0.6
1837979	0.5
1839073	0.30000000000000004
1840120	0.30000000000000004
1841093	0.2
1841693	0.30000000000000004
1841999	0.2
1843042	1.0999999999999999
1844351	1.4000000000000001
1845979	2.1000000000000005
1847486	0.8999999999999999
1848400	0.30000000000000004
1849765	0.9999999999999999
1851368	0.8999999999999999
1852207	0.30000000000000004
1853300	0.30000000000000004
1854475	0.4
1855481	0.4
1856454	0.6
1857351	0.5
1858311	0.6
1859539	0.4
1860794	0.4
1861838	0.30000000000000004
1862222	0
1863268	0.1
1864292	0.6
1865209	0.6
1866099	0.5
1867875	0.2
1869596	0.30000000000000004
1871122	0.7
1872786	0.7
1873825	0.5
1874575	0.4
1875164	0.6
1876263	0.30000000000000004
1877082	0.2
1877405	0.30000000000000004
1878227	0.5
1879131	0.4
1879494	0.2
1879768	0.5
1880440	0.5
1881347	0.1
1882454	0.30000000000000004
1883918	0.4
1885227	0.2
1886327	0.1
1887421	0
1888936	0
1890241	0
1890919	0.1
1892280	0.1
1893537	0.1
1894282	0
1894641	0
1895485	0
1896459	0
1897614	0.1
1899226	0.5
1900807	1.2
1902533	1.6000000000000003
1903482	0.8999999999999999
1904320	0.2
1905030	0.4
1905971	0.5
1906655	0.6
1907330	0.30000000000000004
1908404	0.2
1909044	0
1909703	0.2
1910962	0.4
1912135	0.30000000000000004
1913792	0
1915185	0
1915906	0.1
1916899	0.5
1918826	0.7
1920939	0.4
1921898	0.1
1922174	0.1
1922641	0.2
1923535	0.2
1924155	0.1
1924782	0.1
1925223	0.2
1925768	0.2
1926451	0.2
1927809	0.7999999999999999
1929377	1.2
1929822	0.7999999999999999
1930212	0.7
1930602	0.2
1931470	0.1
1932435	0.2
1933698	0.2
1935576	0.30000000000000004
1936554	1.9000000000000006
1937086	2.800000000000001
1938370	4.4
1939707	4.699999999999999
1940974	1.8000000000000005
1942144	0.1
1943039	0
1943806	0.30000000000000004
1944851	0.5
1945670	0.2
1946552	0.2
1947115	0.2
1947781	0.2
1948434	0.1
1949636	0.2
1951115	0.4
1951804	0.6
1952463	0.5
1953073	0.1
1953927	0.2
1955792	0.4
1957582	0.4
1958893	0.2
1959563	0.1
1960928	0.2
1962216	0.2
1962776	0.30000000000000004
1964011	0.8999999999999999
1965617	1.2
1966715	0.7999999999999999
1967242	0.4
1967976	0.2
1968934	0.7999999999999999
1970183	0.7999999999999999
1971860	0.7
1973087	0.2
1974342	0.2
1975792	0.4
1976695	0.30000000000000004
1977555	0.2
1978022	0.30000000000000004
1979967	0.30000000000000004
1980900	0.2
1981987	0.4
1983047	2.2000000000000006
1984312	2.1000000000000005
1985633	0.1
1987176	0
1987632	0.1
1988383	0.1
1988964	0.1
1989370	0.1
1990286	0.4
1991286	2.400000000000001
1992543	3.1000000000000014
1993790	0.9999999999999999
1995031	0
1995930	0
1996471	0
1997438	0
1998145	0.1
1998987	0.30000000000000004
2000013	0.4
2000748	0.2
2001429	0.4
2002858	0.5
2004575	0.5
2005508	0.30000000000000004
2005895	0.1
2006899	0.1
2007883	0.5
2008879	0.5
2009595	0.7
2010155	0.7999999999999999
2010839	1.2
2011443	1.2
2012176	0.9999999999999999
2012857	1.3
2014058	0.9999999999999999
2015377	2.3000000000000007
2016211	1.9000000000000006
2017240	3.1000000000000014
2018167	1.9000000000000006
2018949	1.3
2019850	1.3
2020589	1.6000000000000003
2021294	2.1000000000000005
2021686	1.0999999999999999
2022237	0.8999999999999999
2022750	0.8999999999999999
2023285	0.6
2024279	0.30000000000000004
2024729	0.2
2025099	0.30000000000000004
2025918	0.5
2027170	0.5
2028279	0.4
2028907	0.1
2029999	0.1
2030683	0.4
2031608	0.4
2032731	5.699999999999996
2033270	10.19999999999998
2034802	8.399999999999986
2035048	10.09999999999998
2036260	8.599999999999985
2037473	1.5000000000000002
2038543	0.4
2039162	0.2
2039980	0.30000000000000004
2040800	0.4
2041700	1.4000000000000001
2042633	2.500000000000001
2044049	6.699999999999992
2044822	6.799999999999992
2048462	7.799999999999988
2052976	8.599999999999985
2054301	6.199999999999994
2055788	3.2000000000000015
2057216	4.000000000000002
2058930	4.5
2060439	2.400000000000001
2061474	3.2000000000000015
2062858	2.9000000000000012
2063927	0.7999999999999999
2064850	3.5000000000000018
2065490	10.29999999999998
2068831	13.199999999999969
2073098	16.499999999999964
2075545	15.99999999999996
2078037	16.89999999999997
2079196	8.199999999999987
2080062	1.5000000000000002
2081025	1.4000000000000001
2081964	0.5
2083469	0.7999999999999999
2084339	0.6
2084969	0.5
2086383	0.5
2087804	0.1
2088716	0.4
2089338	0.30000000000000004
2089587	0.2
2090641	0.2
2091749	0
2092933	0
2094001	0
2094830	0
2095493	0
2096232	1.4000000000000001
2096919	3.1000000000000014
2097811	4.300000000000001
2099030	4.6
2100565	7.19999999999999
2103950	10.09999999999998
2104789	13.399999999999968
2105561	11.299999999999976
2106643	17.099999999999973
2107777	25.900000000000098
2108960	36.300000000000246
2109859	35.30000000000023
2111526	25.100000000000087
2112518	16.599999999999966
2113880	19.500000000000007
2115199	10.599999999999978
2116517	7.699999999999989
2117764	5.099999999999998
2119419	5.1999999999999975
2120857	3.900000000000002
2122294	1.2
2123802	0.9999999999999999
2125134	0.9999999999999999
2125984	0.6
2126707	0.5
2127753	0.30000000000000004
2128614	0.30000000000000004
2129277	0.1
2130269	0.30000000000000004
2131461	0.2
2132311	1.0999999999999999
2132977	1.3
2134571	1.2
2135876	3.600000000000002
2138693	4.4
2140685	1.9000000000000006
2141924	0.4
2142627	0.5
2144924	0.6
2147116	0.5
2148350	0.30000000000000004
2150012	0.6
2151415	0.5
2152051	0.5
2152798	0.4
2153773	0.4
2154639	0.7999999999999999
2156824	0.7999999999999999
2159924	1.2
2162171	0.7999999999999999
2163577	0.30000000000000004
2164637	1.9000000000000006
2165355	4.6
2166348	7.999999999999988
2167411	5.799999999999995
2168147	4.100000000000001
2169161	4.899999999999999
2172353	7.19999999999999
2174823	6.799999999999992
2175690	4.799999999999999
2176777	3.1000000000000014
2178038	1.0999999999999999
2179459	0
2180597	0.1
2181578	0.1
2182408	0.2
2183242	0.2
2184116	0.4
2184907	1.9000000000000006
2185660	2.1000000000000005
2186329	0.4
2187129	0.6
2187897	1.4000000000000001
2189670	1.8000000000000005
2191263	1.9000000000000006
2191951	1.2
2192655	0.4
2193613	0.30000000000000004
2195316	0.9999999999999999
2202095	1.9000000000000006
2204130	12.89999999999997
2205140	12.599999999999971
2206834	1.2
2208535	0.8999999999999999
2210022	0.7
2211455	0.6
2211961	0.2
2212602	0
2213801	0.8999999999999999
2215231	0.9999999999999999
2215710	0.2
2216110	0.2
2216944	0.2
2217978	0.1
2219022	0.2
2220825	0.2
2223042	0.1
2224404	0
2225337	0
2226090	0.2
2226889	0.5
2227918	0.8999999999999999
2229911	1.4000000000000001
2230823	0.7999999999999999
2231366	0
2232286	0
2233237	0.2
2233719	0.2
2234652	0.4
2235882	0.5
2237248	0.6
2238529	0.4
2239849	0.5
2241148	0.30000000000000004
2242388	0.1
2243318	0.1
2244328	0.5
2245773	0.5
2247797	0.4
2249177	0.1
2250241	0
2251268	0.2
2252244	1.0999999999999999
2254715	1.5000000000000002
2255665	2.2000000000000006
2257898	2.2000000000000006
2258825	1.0999999999999999
2260564	0.8999999999999999
2261896	0.30000000000000004
2262930	0.4
2264453	0.30000000000000004
2265168	1.3
2265736	1.5000000000000002
2266978	0.4
2268322	0.4
2269210	0.2
2270262	0.2
2271504	0.2
2273271	0.2
2274726	0.30000000000000004
2275785	0.1
2277094	0.2
2278065	0.1
2279165	0.1
2280135	0
2281512	0
2282659	0
2283443	0
2284242	0.2
2285256	2.9000000000000012
2290823	3.5000000000000018
2291884	0.7999999999999999
2292685	0
2293932	0.1
2295140	0.1
2295481	0.1
2295951	0.1
2296693	0
2297329	0
2297958	0
2298493	0.1
2299146	0.1
2299912	0.2
2301510	0.1
2302881	0.1
2303250	0.1
2303688	0.1
2304149	0.2
2305931	0.6
2307793	0.5
2309016	0.7
2309873	0.7999999999999999
2311006	0.9999999999999999
2312197	0.7
2314824	0.6
2316502	0.6
2318451	1.0999999999999999
2320956	0.8999999999999999
2322558	0.7999999999999999
2323778	0.8999999999999999
2324434	1.2
2325417	0.7999999999999999
2326701	0.5
2327755	0.5
2328972	0.7
2330040	0.6
2332245	0.7
2334647	0.4
2335800	0.2
2338106	0.30000000000000004
2339928	0.2
2342269	0.2
2346007	0.2
2347949	0
2348641	0.2
2349147	3.2000000000000015
2349790	5.699999999999996
2350473	5.299999999999997
2351695	1.4000000000000001
2353461	0.6
2354894	0
2356116	0.4
2357908	0.4
2358443	2.1000000000000005
2359507	5.999999999999995
2360811	4.699999999999999
2361820	3.5000000000000018
2363032	1.8000000000000005
2364004	0
2364766	0.1
2365319	0.30000000000000004
2366488	0.30000000000000004
2367555	0.30000000000000004
2369030	0.1
2370463	0.1
2371734	0.1
2372724	0.1
2373085	0.1
2373405	0
2374325	0
2375481	0.1
2376390	0.1
2377213	0.1
2378424	0.2
2379995	0.2
2380874	0.1
2381312	0.1
2382066	0.5
2383320	0.8999999999999999
2384858	0.9999999999999999
2386345	0.7999999999999999
2387185	0.8999999999999999
2388068	0.4
2388846	0.4
2389540	0.5
2390776	0.5
2392276	0.2
2394125	0.1
2395194	0
2395619	0
2396179	0
2396953	0
2398802	0
2400886	0.1
2401802	0.1
2402956	0
2404282	0
2404850	0.1
2405417	0.2
2406172	0.30000000000000004
2408169	0.2
2409161	0
2410436	0
2411764	0
2412347	0
2412904	0
2414071	0.1
2415819	0.2
2417862	0.2
2418905	0.1
2419509	0.1
2420163	0.1
2420944	0
2421506	0.1
2422154	0.30000000000000004
2424122	0.30000000000000004
2424875	0.1
2425573	0
2426397	0.30000000000000004
2427400	0.5
2428341	0.4
2429479	0.1
2430519	0
2431353	0
2432308	0
2433469	0
2434411	0
2435230	0
2436142	0
2437283	0.30000000000000004
2438447	0.5
2439531	0.4
2440995	0.2
2442767	0.2
2444030	0.2
2444477	0.1
2445155	0
2445972	0.1
2446930	0.1
2447974	0.1
2448881	0.6
2449638	0.7
2450320	0.4
2450831	0.2
2451328	0.30000000000000004
2451960	0.9999999999999999
2455364	1.0999999999999999
2456569	0.4
2458087	0.1
2459814	0.2
2460792	0.1
2461976	0.30000000000000004
2463541	0.30000000000000004
2464629	0.30000000000000004
2465767	1.0999999999999999
2468674	1.3
2469796	1.0999999999999999
2472249	2.9000000000000012
2472634	3.5000000000000018
2473062	4.799999999999999
2473785	7.699999999999989
2474444	7.699999999999989
2475252	8.999999999999984
2475692	13.699999999999967
2476025	13.399999999999968
2476410	9.699999999999982
2477161	5.799999999999995
2478515	5.899999999999995
2479866	3.700000000000002
2481407	3.4000000000000017
2482757	0.30000000000000004
2484062	0.4
2486170	0.7
2488595	0.7
2489714	0.5
2491103	0.4
2492629	0.4
2494084	0.30000000000000004
2494835	0.1
2495171	0.1
2496105	0
2497676	0
2499519	0.1
2500750	0.1
2501558	0.5
2503237	0.5
2505028	0.30000000000000004
2506089	0.4
2507270	0.4
2508079	0.2
2508943	0.2
2510258	0.1
2511164	0
2512087	0.30000000000000004
2513643	0.5
2516737	0.4
2518631	0.4
2519019	0.30000000000000004
2519964	0.9999999999999999
2522035	1.2
2523357	0.9999999999999999
2524461	1.0999999999999999
2525509	1.3
2526393	1.4000000000000001
2527445	0.4
2528050	0.2
2529168	0.2
2530740	0.1
2531843	0
2532894	0
2533892	0
2534929	0
2536088	0.1
2536811	0.2
2537529	0.4
2538116	0.2
2539127	0.2
2540265	0
2541241	0
2542095	0.1
2543020	0.2
2544227	0.4
2545180	0.30000000000000004
2546221	1.0999999999999999
2547385	1.0999999999999999
2548754	0.4
2550095	0.30000000000000004
2550928	0
2551501	0
2551925	0
2552786	0.1
2553674	0.4
2554656	0.6
2555478	0.2
2556070	0.2
2556853	0.1
2557998	2.2000000000000006
2560634	5.4999999999999964
2561492	9.399999999999983
2561809	5.1999999999999975
2562319	8.799999999999985
2562820	7.699999999999989
2563780	4.699999999999999
2564176	4.5
2564927	2.700000000000001
2566182	3.3000000000000016
2567494	0.7
2568917	0.1
2569919	0
2571049	0.1
2571906	0.1
2572303	0
2572997	0.2
2573903	0.2
2574652	0
2575217	0.1
2575637	0.30000000000000004
2577237	0.4
2579141	0.30000000000000004
2580637	0.30000000000000004
2582255	0.2
2583190	0.1
2584535	0.30000000000000004
2586581	1.3
2589151	1.3
2591425	0.4
2592170	0
2592862	0.1
2593421	0.2
2594851	1.2
2596305	3.5000000000000018
2597261	3.4000000000000017
2597805	0.8999999999999999
2598348	0.6
2599321	0.1
2600192	0
2600713	0.1
2601509	0.7
2602827	0.7999999999999999
2604320	1.2
2605530	0.8999999999999999
2606587	0.8999999999999999
2607707	0.4
2609320	0.5
2610436	0.30000000000000004
2611085	0.30000000000000004
2611663	0.30000000000000004
2612906	0.30000000000000004
2614358	0.5
2615350	0.2
2616825	0.1
2617757	0.1
2618448	0
2619515	0
2620559	0
2621715	0
2622553	0.1
2624077	0.1
2625885	0.30000000000000004
2627816	0.9999999999999999
2629196	0.8999999999999999
2629394	0.6
2630052	0.7
2630595	1.4000000000000001
2631746	1.6000000000000003
2633337	0.7999999999999999
2634917	2.600000000000001
2635706	3.2000000000000015
2636620	1.3
2638063	0.1
2638973	0
2639938	0
2641245	0
2642337	0
2643706	0
2644648	0.2
2646149	0.30000000000000004
2649806	0.30000000000000004
2652916	0.30000000000000004
2654545	0.2
2655716	0
2656636	0
2656915	0
2658010	0
2659209	0
2659724	0
2660096	0
2660924	0
2661887	0
2662953	0.1
2663843	0.2
2664817	0.2
2666075	0.2
2667276	0.2
2668451	0.2
2669712	0.2
2670649	0.1
2671068	0
2671631	0.1
2672648	0.30000000000000004
2673557	0.6
2674252	0.6
2675230	0.4
2676326	0.2
2677605	0.4
2678875	0.5
2681104	0.6
2683459	0.4
2684880	0.2
2686430	0.1
2687239	0
2688136	0
2689149	0.1
2690362	0.2
2693599	0.30000000000000004
2696579	0.2
2697605	0
2698232	0.2
2699183	1.2
2699793	1.4000000000000001
2700808	0.4
2701363	0
2702105	0
2702933	0
2703723	0
2704822	0
2706224	0.1
2707561	0.1
2708276	0
2709079	0
2709724	0
2711231	0
2712395	0
2713563	0.1
2714879	0.2
2715716	0.2
2716257	0.1
2717098	0.1
2718009	0.4
2718944	0.30000000000000004
2719572	0.6
2721283	0.5
2723404	0.4
2724315	0.30000000000000004
2725097	1.3
2732886	1.4000000000000001
2734668	0.4
2735521	0.1
2736514	0.1
2737324	0
2738325	0
2739508	0
2740615	0.2
2741544	0.30000000000000004
2742134	0.30000000000000004
2742996	0.6
2743866	0.7
2744356	0.7
2744955	0.2
2745644	0
2746061	0
2747114	0
2748320	0.30000000000000004
2749439	0.5
2750411	0.6
2751270	0.30000000000000004
2752625	0
2753775	0
2754153	0
2754512	0
2755137	1.5000000000000002
2755616	2.600000000000001
2758122	2.400000000000001
2758750	4.899999999999999
2759689	5.799999999999995
2762445	4.699999999999999
2764345	3.0000000000000013
2766454	2.700000000000001
2767169	2.700000000000001
2770053	4.300000000000001
2770563	2.400000000000001
2771997	0.8999999999999999
2772463	0.2
2772936	0.2
2774169	0.7
2786563	1.8000000000000005
2789473	1.7000000000000004
2790616	0.5
2791997	0.1
2793375	0.30000000000000004
2794953	0.2
2796005	0
2796561	0
2796949	0.1
2797360	0.1
2797782	0.1
2798293	0
2799388	0
2799822	0
2800310	0.1
2800845	0.1
2801170	0.1
2802420	0.2
2803981	0.2
2805416	0.1
2806542	0.1
2807628	0.4
2808449	0.30000000000000004
2809034	0.7
2809985	0.4
2810511	0.5
2811035	0.5
2812013	0.6
2813385	1.4000000000000001
2814475	1.2
2815661	0.2
2816726	0.1
2817220	0.30000000000000004
2819053	0.30000000000000004
2820696	0.2
2822389	0.30000000000000004
2823238	0.4
2824097	0.6
2825086	0.4
2826113	0.30000000000000004
2826871	0.1
2827547	0.1
2828126	0.1
2828800	0
2829433	0.1
2830295	0.30000000000000004
2831532	0.2
2833195	0.30000000000000004
2834478	0.7999999999999999
2836299	1.0999999999999999
2837841	2.2000000000000006
2838760	1.6000000000000003
2840252	1.4000000000000001
2841702	2.3000000000000007
2842808	2.400000000000001
2843241	0.6
2843826	0
2844481	0
2845616	0
2846950	0
2848328	0.1
2849543	0.1
2850204	0
2850822	0
2851437	0
2852000	0
2852696	0
2853759	0.5
2855377	0.9999999999999999
2856629	1.8000000000000005
2856950	1.8000000000000005
2858373	3.1000000000000014
2860088	2.1000000000000005
2860850	0.8999999999999999
2861884	0.2
2862918	0.30000000000000004
2863912	0.2
2864624	1.2
2865783	6.099999999999994
2867055	7.19999999999999
2868183	4.5
2869206	0.1
2869893	0
2870779	0
2871540	0.1
2872135	0.1
2872664	0
2873175	0
2873689	0
2874705	0
2875875	0.1
2877099	0.6
2878711	0.6
2879313	0.6
2880087	0.4
2880711	1.0999999999999999
2881596	1.7000000000000004
2882396	1.2
2883384	1.3
2885886	1.9000000000000006
2887945	1.0999999999999999
2889243	0.4
2890998	0
2892396	0
2893292	0.1
2894049	0.1
2894483	0.2
2895349	0.4
2896165	0.30000000000000004
2897237	0.2
2898691	0.2
2899880	0.4
2901230	1.2
2902635	2.0000000000000004
2905082	3.1000000000000014
2905627	2.0000000000000004
2906147	2.600000000000001
2907292	1.9000000000000006
2908847	0.2
2910289	0.4
2910923	0.5
2911215	0.7
2912534	1.3
2914349	0.8999999999999999
2916435	0.7
2918715	0.6
2920076	0.7999999999999999
2921424	0.5
2922759	0
2923393	0.1
2923948	0.1
2925007	0
2925772	0
2926990	0.1
2928873	0.1
2930259	0.2
2931432	0.2
2932439	0.1
2933364	0.8999999999999999
2934893	0.8999999999999999
2936471	0.8999999999999999
2938177	0
2939099	0
2939733	0.1
2940693	0.1
2941433	0
2942108	0
2943031	0.2
2943939	0.2
2944763	0
2945439	0.2
2946629	6.099999999999994
2948383	7.29999999999999
2949907	1.9000000000000006
2951548	0
2954232	0.1
2957440	0.1
2960744	0
2962602	0
2962952	0.1
2963434	0.1
2963942	0.1
2964758	0.1
2965599	0.1
2967311	0
2968712	0
2969403	0
2970006	0
2970776	0
2971380	0.1
2972117	0.1
2973265	0.30000000000000004
2974934	0.4
2977114	0.4
2978268	0.4
2979488	0.4
2980289	0
2981473	0.1
2982877	0.1
2983706	0
2985001	0.2
2986461	0.30000000000000004
2987852	0.30000000000000004
2988315	0.30000000000000004
2988906	0.30000000000000004
2989545	0.2
2989889	0.1
2990147	0.1
2990777	0.2
2991513	0.30000000000000004
2992782	0.4
2993747	1.7000000000000004
2994228	4.300000000000001
2994681	6.099999999999994
2995014	8.699999999999985
2995529	21.00000000000003
2995884	22.700000000000053
2998431	25.500000000000092
2999513	18.699999999999996
3001454	1.3
3003053	0.8999999999999999
3003728	0.1
3004897	0.2
3006858	0.2
3008108	0.30000000000000004
3009369	0.2
3010720	0.1
3011927	0.2
3013426	0.30000000000000004
3014672	0.1
3015449	0.1
3017609	0.30000000000000004
3019825	0.2
3020929	0.2
3022751	0.2
3025051	0.30000000000000004
3026427	0.30000000000000004
3027804	0.2
3028768	0.1
3029971	0.30000000000000004
3032091	0.4
3032879	0.4
3033339	0.2
3034415	0.1
3035624	0.1
3037239	0.1
3038467	0.1
3039295	0
3040115	0
3040619	0
3040937	0
3041803	0
3042818	0
3043467	0
3044384	0.2
3045529	0.30000000000000004
3047604	0.30000000000000004
3049354	0.1
3050120	0.1
3051716	0.1
3052929	0.1
3054177	0
3055155	0
3055776	0.2
3056488	0.2
3057794	0.1
3058995	0.5
3059496	1.6000000000000003
3060199	3.3000000000000016
3061922	2.500000000000001
3063484	1.3
3064385	1.3
3065541	1.4000000000000001
3066725	1.2
3067710	0.4
3068490	0.6
3069377	0.5
3070704	0
3072040	0.4
3073181	1.5000000000000002
3074332	2.0000000000000004
3074940	1.0999999999999999
3075699	0.30000000000000004
3076817	0.6
3078165	0.7999999999999999
3079108	0.7
3080639	0.7999999999999999
3082292	2.400000000000001
3083337	2.500000000000001
3084923	0.8999999999999999
3086524	0.6
3087283	0.9999999999999999
3088981	0.8999999999999999
3090024	0.7999999999999999
3090700	0.1
3091499	0.1
3092353	0.1
3093182	0.1
3093708	0.2
3094590	0.2
3095450	0.2
3096103	0.1
3096528	0.1
3096977	0.1
3097835	0.6
3099061	0.7999999999999999
3100205	0.30000000000000004
3101263	0.2
3101970	0
3102492	0
3103539	0
3104230	0
3104972	0.1
3106342	0.30000000000000004
3108087	0.7999999999999999
3109906	1.7000000000000004
3110858	4.300000000000001
3111549	6.099999999999994
3112481	6.699999999999992
3113272	4.100000000000001
3113947	3.900000000000002
3116831	4.000000000000002
3120438	1.5000000000000002
3122719	0.7
3124029	0.30000000000000004
3124847	0.2
3125996	0.30000000000000004
3127271	0.30000000000000004
3128654	8.099999999999987
3129611	15.499999999999961
3131874	15.59999999999996
3132833	1.8000000000000005
3133593	1.4000000000000001
3134477	1.0999999999999999
3135621	0.7999999999999999
3137592	0.6
3139160	0.1
3139840	0
3140147	0
3140555	0.1
3141039	0.2
3142137	0.2
3143575	0.1
3144647	0.1
3145702	0.2
3146593	0.6
3147668	0.7
3148417	1.0999999999999999
3149224	0.6
3150104	0.1
3151030	0
3151617	0
3152829	0.1
3153892	0.1
3154740	0.1
3155936	0.30000000000000004
3157036	0.6
3158113	0.5
3158755	0.7999999999999999
3160036	3.1000000000000014
3161963	4.300000000000001
3163112	1.7000000000000004
3164844	0.9999999999999999
3166914	1.4000000000000001
3168048	1.3
3168396	1.5000000000000002
3168990	2.400000000000001
3169480	0.8999999999999999
3170157	0.7
3171158	2.0000000000000004
3172820	3.3000000000000016
3173299	5.1999999999999975
3174450	4.200000000000001
3175715	0.9999999999999999
3176419	0.2
3177069	0.1
3177595	0.2
3178855	0.1
3180079	0.9999999999999999
3181001	2.3000000000000007
3182026	1.6000000000000003
3182936	0.5
3183466	1.0999999999999999
3184139	1.5000000000000002
3184985	2.700000000000001
3190255	3.0000000000000013
3191164	0.9999999999999999
3191839	0.7999999999999999
3192522	0.30000000000000004
3193694	0.4
3196036	0.30000000000000004
3198221	0.2
3200314	0.2
3201517	0
3202510	0
3203720	0
3204405	0
3205002	0.2
3205790	0.30000000000000004
3206918	0.30000000000000004
3207673	0.4
3208755	0.30000000000000004
3210036	0.2
3210888	0.1
3211979	0.1
3213967	0.1
3215220	0.4
3216109	0.6
3217090	0.30000000000000004
3218316	0.1
3220128	0.1
3221081	0
3221957	0
3224179	0.2
3225946	0.30000000000000004
3226950	0.30000000000000004
3228336	0.4
3230063	0.5
3232674	0.9999999999999999
3233936	0.7
3234298	0.7999999999999999
3235307	0.7
3236211	0.4
3236886	0.30000000000000004
3237804	0.2
3239062	0.30000000000000004
3240566	0.30000000000000004
3241468	0.2
3242570	0.1
3244035	0.6
3245873	4.999999999999998
3247040	5.799999999999995
3248104	1.4000000000000001
3248630	0
3249153	0
3249527	0
3249885	0
3250226	0
3250713	0
3251517	0.2
3252486	0.4
3253089	0.2
3253766	0.30000000000000004
3254669	0.1
3255125	0.1
3255996	0.2
3257344	0.6
3258967	0.6
3259915	0.1
3261271	0.1
3263056	0.1
3264351	0
3265533	0.7
3266596	1.2
3268123	1.4000000000000001
3269008	1.7000000000000004
3271197	1.4000000000000001
3272312	0
3273172	0.1
3274240	0.30000000000000004
3276067	0.9999999999999999
3277169	1.6000000000000003
3277569	1.3
3278260	0.6
3279554	0.30000000000000004
3280453	0.7999999999999999
3280901	2.9000000000000012
3281397	2.3000000000000007
3282553	0.7999999999999999
3283573	0.2
3284408	0.4
3285086	0.6
3285873	0.5
3286674	1.0999999999999999
3287718	1.3
3288437	1.4000000000000001
3290072	1.2
3291886	0.8999999999999999
3292905	0.5
3294418	0.1
3295591	0.1
3296104	0
3296696	0.1
3297618	0.2
3298528	0.30000000000000004
3299233	0.2
3299693	0.2
3300117	0
3300506	0
3301014	0
3301982	0
3302928	0
3303951	0.2
3305195	0.2
3306915	0
3308482	0
3310100	0
3311549	0
3312305	0
3312977	0.1
3314678	0.1
3316782	0.1
3317780	0.2
3319308	0.5
3320746	0.5
3322339	0.4
3323401	0
3324487	0.1
3325972	0.2
3327349	0.1
3327936	0
3328477	0.1
3329679	0.1
3331168	0
3332252	0
3332990	0
3333295	0
3334195	0
3335048	0
3335864	0.1
3336683	0.1
3337109	0
3337573	0
3338185	0
3338857	0
3339660	0
3340763	0
3341759	0
3342556	0
3343123	0
3343658	0
3344306	0
3345433	0
3346316	0
3346823	0
3347542	0
3348102	0
3348768	0
3349445	0
3350132	0.2
3351857	0.2
3353585	0.30000000000000004
3356908	0.2
3359907	0.30000000000000004
3361558	0.4
3362449	0.7
3363997	0.7999999999999999
3367284	0.8999999999999999
3368390	0.7
3369246	0.2
3369912	0
3370691	0
3371829	0.5
3373129	0.5
3374093	0.5
3375552	0.30000000000000004
3376527	0.2
3377101	0.1
3378011	0.1
3378437	0
3379433	0
3380390	0.1
3381426	0.2
3382733	0.2
3383799	0.1
3384938	0
3385669	0
3385993	0
3387204	0
3388660	0
3389235	0.4
3389984	0.5
3391305	0.30000000000000004
3394358	0.1
3397060	0.2
3398081	0.1
3398631	0
3399426	0
3400565	0
3402362	0.2
3403971	0.6
3405671	3.2000000000000015
3406591	5.799999999999995
3407496	4.6
3408332	0.5
3409510	0.1
3410762	0.2
3411419	0.30000000000000004
3412095	0.5
3412710	0.30000000000000004
3413134	0.6
3414442	2.3000000000000007
3418139	2.1000000000000005
3418500	1.4000000000000001
3419160	0.6
3419670	0.7999999999999999
3420724	0.5
3421876	0.30000000000000004
3422815	0.9999999999999999
3429513	1.0999999999999999
3429894	0.5
3430429	0.4
3431129	0.30000000000000004
3431691	0
3432227	0.30000000000000004
3432998	0.4
3433944	0.2
3434687	0.2
3435851	0.4
3437206	0.5
3438229	0.4
3438540	0.2
3438917	0.2
3439325	0.1
3439807	0.1
3440534	0
3441365	0
3441903	0
3442293	0.1
3442676	0.1
3443431	0.1
3444322	0
3444632	0
3444977	0
3445420	0
3445873	0
3446349	0
3446731	0
3447168	0.1
3447610	0.1
3447963	0
3448441	0
3448663	0
3448964	0
3449532	0
3450067	0
3450387	0
3450953	0
3451533	0
3451983	0
3452611	0
3453114	0
3453717	0.30000000000000004
3454663	0.5
3455985	0.9999999999999999
3457353	0.7
3459079	0.8999999999999999
3460415	1.2
3461241	1.2
3461722	0.6
3462162	0
3462637	0.1
3463415	0.2
3464503	0.2
3465312	0.2
3465881	0.1
3466487	0.1
3466894	0.6
3468506	1.2
3472457	1.2
3473811	0
3474365	0
3474821	0
3475152	0
3475525	0
3476079	0.1
3477013	0.1
3477749	0.1
3478202	0
3478692	0.2
3479704	0.30000000000000004
3480882	0.30000000000000004
3482245	0.30000000000000004
3483713	0.1
3484327	0
3484924	0
3485616	0
3486436	0
3487848	0.1
3489570	0.2
3490547	0.1
3491162	0.2
3491536	0.1
3492011	0.1
3493158	0
3495282	0
3496714	0
3497406	0
3498514	0.1
3499531	0.2
3500578	0.2
3501779	0.2
3502755	0.30000000000000004
3503559	0.2
3504417	0.30000000000000004
3505477	0.2
3506684	0.30000000000000004
3507524	0.5
3508151	0.4
3509200	0.4
3510394	0.30000000000000004
3511241	0.2
3511891	0.1
3513136	0.1
3514010	0.1
3514720	0.4
3515495	0.4
3516663	0.7
3517942	0.30000000000000004
3518803	0.1
3520069	0
3520817	0.1
3521229	0.2
3521702	0.4
3522361	0.30000000000000004
3524147	0.2
3525869	0.1
3527536	0.1
3529003	0.1
3529548	0
3530213	0
3531577	0.2
3533629	1.3
3535192	1.2
3536224	0.1
3537050	0.1
3538545	0.2
3540276	0.2
3541567	0.30000000000000004
3542846	0.5
3544459	0.5
3545223	0.1
3545911	0.1
3547217	0.1
3549028	0
3551276	0.2
3554437	0.7999999999999999
3556341	0.8999999999999999
3557466	0.7
3559067	0.4
3560101	0.2
3561037	0.1
3561660	0.30000000000000004
3562765	2.2000000000000006
3563864	4.200000000000001
3565357	3.800000000000002
3567316	1.3
3568680	0
3570332	0.1
3572409	0.1
3574326	0.2
3575367	0.8999999999999999
3576391	0.9999999999999999
3577328	0.30000000000000004
3578228	0
3579297	0.1
3580286	0.2
3581382	0.8999999999999999
3582452	0.9999999999999999
3583246	1.0999999999999999
3584481	0.8999999999999999
3584901	0.7999999999999999
3585952	0.6
3587163	0.1
3587741	0.1
3588645	0.2
3589604	0.1
3590467	0.1
3591667	1.2
3593080	1.4000000000000001
3593822	0.30000000000000004
3594841	0.1
3595940	0.1
3597005	0.2
3598175	2.1000000000000005
3599106	3.700000000000002
3600356	2.1000000000000005
3601557	0.7
3602413	0
3603496	0
3604691	0
3605113	0
3605430	0
3606064	0.1
3607550	0.2
3608873	0.2
3609549	0.1
3610233	0.4
3611141	0.4
3612389	0.30000000000000004
3613262	0.2
3614454	0.7999999999999999
3615713	0.7
3616598	0.6
3617397	0.6
3618179	1.5000000000000002
3618788	6.299999999999994
3623590	6.199999999999994
3626241	7.499999999999989
3628170	2.500000000000001
3630068	2.3000000000000007
3631779	2.0000000000000004
3633037	2.2000000000000006
3633839	2.3000000000000007
3635367	7.099999999999991
3636809	7.39999999999999
3638391	1.8000000000000005
3639552	0
3640328	0.1
3641596	0.5
3642756	0.4
3644161	0
3645806	0.1
3646975	0.1
3647902	0.6
3648704	0.6
3649579	0.8999999999999999
3650449	1.7000000000000004
3651682	2.0000000000000004
3654244	2.700000000000001
3654948	3.1000000000000014
3655542	1.9000000000000006
3656135	0.4
3656574	0
3657281	0.1
3658629	0.30000000000000004
3659033	0.30000000000000004
3659810	0.4
3661970	0.5
3664254	0.7
3665398	0.7
3668489	0.8999999999999999
3670416	0.7999999999999999
3671593	0.4
3672827	0.1
3673868	0
3675447	0.1
3677320	0.1
3678803	0.1
3679883	0.5
3681192	0.5
3682804	0.1
3684604	0.30000000000000004
3687436	0.6
3689708	0.6
3691419	0.6
3693927	1.2
3695597	2.1000000000000005
3696091	2.1000000000000005
3697249	2.0000000000000004
3698121	1.7000000000000004
3699053	1.8000000000000005
3700033	1.3
3701198	1.4000000000000001
3702366	0.4
3703356	0
3704310	0.1
3705280	0.4
3706901	2.0000000000000004
3709629	2.3000000000000007
3711403	1.4000000000000001
3712585	0.5
3713373	0.1
3713872	0.1
3715227	0.1
3716876	0.2
3717797	0.2
3718689	0.1
3719623	0
3720155	0.2
3720524	0.6
3720940	0.7999999999999999
3723362	0.7
3724862	0.2
3725562	0.2
3726384	0.4
3727142	0.6
3727577	0.7999999999999999
3728644	0.8999999999999999
3730104	1.3
3731627	0.7999999999999999
3732971	0.5
3734310	0.4
3735568	0.30000000000000004
3736765	0.30000000000000004
3738512	0.1
3740331	0
3741345	0
3742108	0.1
3743232	0.4
3743976	0.8999999999999999
3744564	1.9000000000000006
3745442	1.5000000000000002
3746587	1.4000000000000001
3747832	1.2
3748908	0.7999999999999999
3749662	0.6
3750433	3.1000000000000014
3751498	4.699999999999999
3752479	4.200000000000001
3754266	4.100000000000001
3754648	4.4
3755742	6.999999999999991
3757251	3.0000000000000013
3758939	2.1000000000000005
3760553	1.5000000000000002
3761651	5.999999999999995
3768407	8.799999999999985
3771563	8.499999999999986
3773237	1.6000000000000003
3774998	0.1
3775865	0.1
3776275	2.500000000000001
3776846	7.899999999999988
3778226	7.39999999999999
3779442	0.9999999999999999
3780422	0
3781451	0
3782151	0.1
3783151	0.1
3783894	0
3784316	0
3784799	0
3786032	0
3787467	0
3788580	0.1
3789564	0.1
3790832	0
3791953	0.30000000000000004
3793262	0.30000000000000004
3794453	0.2
3795452	0.2
3796458	1.3
3797577	2.2000000000000006
3798775	1.9000000000000006
3799770	2.400000000000001
3800616	3.5000000000000018
3801491	4.000000000000002
3802548	3.600000000000002
3803597	4.200000000000001
3804648	1.9000000000000006
3805551	0.7999999999999999
3806505	0.1
3807599	0.1
3809178	0.1
3810064	0
3810747	0.1
3811333	0.1
3811556	0
3812225	0.1
3813341	0.2
3814158	0.1
3814792	0.2
3815447	0.2
3816206	0.2
3817107	2.2000000000000006
3818172	2.500000000000001
3819182	1.7000000000000004
3820329	0.5
3821739	0.30000000000000004
3822243	0
3823454	0
3824859	0.1
3826250	0.30000000000000004
3828062	0.5
3829640	0.7999999999999999
3831311	1.5000000000000002
3833378	1.0999999999999999
3835238	3.900000000000002
3837545	4.999999999999998
3838709	3.3000000000000016
3839584	1.0999999999999999
3840361	1.9000000000000006
3841168	2.2000000000000006
3842176	2.500000000000001
3843122	2.0000000000000004
3844847	0.5
3846471	0.2
3847964	0
3849385	0.2
3850431	3.4000000000000017
3850947	3.5000000000000018
3851940	0.8999999999999999
3853597	0.9999999999999999
3854514	0.9999999999999999
3855362	0.30000000000000004
3855789	0.4
3856133	1.0999999999999999
3856639	1.3
3857657	2.3000000000000007
3859258	1.6000000000000003
3860729	1.4000000000000001
3861261	1.0999999999999999
3861668	1.5000000000000002
3865442	1.3
3866683	0.2
3867215	0
3867930	0
3868669	0.1
3869909	0.30000000000000004
3871084	1.7000000000000004
3872424	1.5000000000000002
3873303	0.9999999999999999
3874035	0.7999999999999999
3874815	0.7999999999999999
3875766	0.4
3876546	0.2
3877266	0.2
3878912	0.30000000000000004
3880684	0.2
3881771	0.2
3883027	0.1
3884406	0.1
3884689	0
3885899	0
3887510	0.4
3889437	0.6
3890859	0.30000000000000004
3892202	0.2
3893244	0.1
3894255	0
3894935	0
3895940	0.2
3897106	0.2
3897739	0.7
3898315	0.5
3899032	0.5
3899992	2.0000000000000004
3901412	3.4000000000000017
3902995	2.3000000000000007
3904658	1.2
3906149	1.0999999999999999
3907215	0.8999999999999999
3907979	0
3908994	0
3909918	0.30000000000000004
3911005	5.099999999999998
3912753	5.299999999999997
3914515	0.9999999999999999
3915762	0.5
3916684	0.4
3917833	0.1
3919086	0.1
3920136	0
3920653	0
3921069	0
3921643	0.1
3922250	0.2
3923368	0.1
3924688	0
3926233	0
3926774	0.1
3927651	0.1
3928877	0.1
3930345	0.30000000000000004
3932250	0.7
3933560	0.5
3934530	0.4
3935770	0.7
3936723	1.2
3937758	1.4000000000000001
3938723	1.3
3939898	0.5
3940981	0.30000000000000004
3947547	0.5
3948255	0.9999999999999999
3949209	1.8000000000000005
3951051	1.4000000000000001
3951936	0.7999999999999999
3952332	0.7
3952948	0.1
3954403	0.1
3956103	0
3957373	0
3958707	0
3959672	0.2
3960351	0.30000000000000004
3961687	0.4
3963487	0.1
3964997	0
3965925	0
3967046	0.2
3967795	0.2
3968467	0.30000000000000004
3969554	0.1
3970698	0.1
3971891	0.30000000000000004
3973055	0.4
3974804	0.4
3975711	0.2
3976903	0.2
3978064	0.1
3979277	0
3980326	0.1
3981579	0.2
3983575	0.5
3985179	0.8999999999999999
3987284	0.7999999999999999
3988475	0.30000000000000004
3989458	0.1
3990306	0.2
3992426	2.2000000000000006
3993899	9.199999999999983
3994623	7.799999999999988
3995174	0.7999999999999999
3995936	0.30000000000000004
3996735	0.30000000000000004
3997541	0.2
3999064	0.7
4000674	6.099999999999994
4001901	15.59999999999996
4002609	15.79999999999996
4003003	12.99999999999997
4003733	14.899999999999963
4004463	2.600000000000001
4005296	0
4006775	0.2
4008067	0.4
4008749	0.5
4009681	0.4
4010600	0.30000000000000004
4011525	0.30000000000000004
4012339	0.7
4014183	4.899999999999999
4015761	7.19999999999999
4016811	9.799999999999981
4018046	8.099999999999987
4019232	1.2
4019926	0.1
4021046	0.1
4022079	0
4022475	0.1
4023124	0.5
4023945	0.5
4024577	0.30000000000000004
4025734	0.1
4026877	0.1
4028190	0.2
4029876	0.30000000000000004
4031826	0.30000000000000004
4032799	0.4
4033870	0.30000000000000004
4034880	0.4
4041169	0.1
4041707	0.1
4042203	0.1
4042908	0.1
4043731	0.5
4044914	0.7
4046136	0.6
4046814	0.4
4048359	0.30000000000000004
4050449	0.2
4051601	0.1
4052731	0.1
4053702	0
4054573	0.2
4055814	0.4
4057329	0.30000000000000004
4059318	0.30000000000000004
4060802	0.30000000000000004
4061655	1.3
4062879	4.100000000000001
4063949	3.3000000000000016
4068258	2.500000000000001
4069938	1.6000000000000003
4071135	1.8000000000000005
4072212	3.0000000000000013
4073123	1.5000000000000002
4074187	0.6
4075061	1.2
4075852	2.500000000000001
4076582	1.3
4077233	0.4
4077967	11.399999999999975
4078902	14.399999999999965
4079400	19.70000000000001
4079848	7.899999999999988
4080060	3.900000000000002
4080763	3.800000000000002
4081542	0.1
4082308	0
4083979	0
4085528	0.1
4086432	1.7000000000000004
4087529	3.1000000000000014
4088981	2.700000000000001
4090390	3.0000000000000013
4091640	4.5
4092600	5.4999999999999964
4093281	3.700000000000002
4093860	1.5000000000000002
4095352	1.2
4096713	1.2
4098154	0.7999999999999999
4099025	0.9999999999999999
4100008	1.2
4101120	0.7
4102181	0.30000000000000004
4103159	0.2
4104288	0.2
4105321	0.2
4106070	1.5000000000000002
4106920	1.6000000000000003
4107369	0.2
4108033	0.2
4109328	0.1
4110307	0.1
4111123	0
4111914	0
4112535	0
4113116	0
4113507	0
4114099	0
4115074	0
4116468	0.1
4117667	0.9999999999999999
4118640	1.8000000000000005
4119087	1.0999999999999999
4119886	0.30000000000000004
4121081	0.2
4122022	0.1
4122807	0
4123943	0.30000000000000004
4125711	0.30000000000000004
4127119	2.800000000000001
4127590	4.5
4128236	2.500000000000001
4129252	1.7000000000000004
4131051	9.599999999999982
4133061	10.699999999999978
4134925	2.400000000000001
4136560	1.5000000000000002
4137348	0.30000000000000004
4138483	0.4
4139377	0.5
4140970	0.7
4143069	0.5
4143784	0.6
4145143	0.9999999999999999
4146697	0.7999999999999999
4147308	0.30000000000000004
4147891	0.2
4149398	0.2
4151772	0.1
4154271	0.2
4155503	0.2
4156401	0.1
4157536	0.30000000000000004
4158948	0.5
4160090	0.9999999999999999
4161419	0.9999999999999999
4161950	0.30000000000000004
4162720	0.4
4164561	0.4
4165856	0.6
4172571	0.5
4173564	0
4174539	0.30000000000000004
4177549	0.30000000000000004
4178015	0
4178661	0
4179231	0
4180244	0
4180742	0.1
4183259	0.1
4187461	0.4
4190055	0.30000000000000004
4191301	0.30000000000000004
4192250	0.2
4192737	0.2
4193198	0.1
4193886	0
4195151	0
4196570	0
4197289	0.1
4198248	0.1
4199125	0.30000000000000004
4199799	0.2
4200417	0.1
4200943	0.1
4201475	0.5
4202624	1.3
4203982	1.2
4205286	0.30000000000000004
4206737	1.3
4213425	1.4000000000000001
4213901	1.7000000000000004
4214744	0.7999999999999999
4216278	0.30000000000000004
4217761	0.1
4219464	0.30000000000000004
4221394	0.2
4223216	0.9999999999999999
4225669	1.4000000000000001
4228546	2.3000000000000007
4229797	7.099999999999991
4230790	7.599999999999989
4231495	10.499999999999979
4232558	8.699999999999985
4234582	2.600000000000001
4236027	0.2
4236581	0.2
4237265	0.2
4238682	0.6
4240530	0.7999999999999999
4241516	0.4
4243071	0.30000000000000004
4244303	0
4245824	0.2
4246559	0.6
4247341	0.6
4248641	0
4250014	0.4
4250525	0.6
4250800	0.7
4251619	0.6
4252754	0.4
4253452	0.1
4255254	0.1
4256821	0.1
4257419	0
4258458	0
4259341	0
4259745	0.5
4260448	0.7999999999999999
4260952	1.2
4262187	0.8999999999999999
4262961	0.7999999999999999
4263739	4.100000000000001
4265021	5.799999999999995
4266321	5.299999999999997
4267710	5.599999999999996
4268910	4.6
4269770	6.5999999999999925
4270446	2.600000000000001
4270836	1.7000000000000004
4272460	0.1
4274393	0.5
4274900	0.5
4276264	0.30000000000000004
4277221	0.5
4277701	0.5
4279153	0.4
4280804	1.0999999999999999
4282429	1.0999999999999999
4284077	1.0999999999999999
4285056	0.5
4286392	0.30000000000000004
4288482	0.30000000000000004
4289528	0.2
4290143	0
4290954	0.1
4292359	0.1
4293354	0
4293841	0
4295137	0.2
4296780	0.8999999999999999
4298058	1.2
4299156	0.6
4300297	0.30000000000000004
4302052	0.5
4303593	0.4
4304265	0.2
4305604	0.2
4307334	0.1
4308130	0.1
4308979	0.7
4310214	0.8999999999999999
4311574	0.7
4312546	0.8999999999999999
4313574	0.7999999999999999
4314032	0.7999999999999999
4314723	0.4
4315321	0.2
4315803	0.2
4316650	0.2
4317555	0.1
4318385	0
4319183	0.30000000000000004
4320131	0.30000000000000004
4320955	0.2
4321470	0
4322059	0.1
4322627	0.1
4323844	0.2
4324771	0.2
4325519	0.1
4326566	0.30000000000000004
4328249	0.5
4329799	0.5
4331253	0.4
4332160	0
4332731	0
4333616	0
4334768	0.1
4336362	0.2
4337548	0.5
4339389	1.0999999999999999
4341174	0.9999999999999999
4342588	1.3
4344085	0.9999999999999999
4345243	0.9999999999999999
4346503	0.30000000000000004
4348074	0.30000000000000004
4349674	0.2
4350846	0.2
4351958	1.7000000000000004
4352221	1.8000000000000005
4352732	0.7999999999999999
4352994	0.1
4353958	0.6
4355682	0.7
4357543	0.7999999999999999
4359364	1.4000000000000001
4361165	3.1000000000000014
4363020	3.2000000000000015
4364193	0.30000000000000004
4365187	0
4366122	0
4367609	0
4368902	0.1
4369784	0.1
4370834	0
4371848	0
4372985	0
4373799	0.1
4375143	0.1
4375982	0.2
4376379	0.2
4376626	0.2
4377033	0
4377455	0.1
4378377	0.6
4379186	0.6
4379574	0.4
4380150	0.4
4381414	0.7
4383131	0.9999999999999999
4384612	0.7999999999999999
4385550	0.7
4385867	0.5
4387708	0.4
4389876	0
4390983	0
4391876	0
4393497	0.1
4394847	0.2
4395815	0.2
4396733	0.1
4398335	0.1
4399727	0.1
4400442	0.1
4401312	0.1
4402667	0.1
4403802	0
4404484	0.1
4405336	0.1
4406402	0
4407874	0
4409640	0.5
4410333	0.6
4410902	0.30000000000000004
4411631	0.2
4412178	0.4
4412706	0.4
4413609	0.4
4415087	0.1
4416154	0
4416605	0
4417326	0
4418075	0.1
4419093	0.2
4420678	0.2
4421545	0.1
4421940	0.1
4422511	0.30000000000000004
4423273	0.2
4424043	0
4424653	0.1
4425315	0.1
4425677	0
4425952	0.4
4426332	9.699999999999982
4427025	13.09999999999997
4427932	14.299999999999965
4428398	2.0000000000000004
4429245	0.2
4430570	0.6
4431652	0.8999999999999999
4432573	0.5
4433594	0.2
4434303	0.4
4435593	0.30000000000000004
4437125	0.4
4438176	0.2
4438985	0.30000000000000004
4439690	0.2
4440543	0.2
4441857	0.1
4443248	0.2
4446001	0.2
4448064	0.5
4448572	0.5
4448885	0.5
4449387	0.6
4450440	0.30000000000000004
4451809	0.6
4453085	0.5
4454080	0.1
4455110	0
4456471	0
4457589	0
4458635	0
4459704	0
4460132	0.1
4461591	0.5
4463881	0.7
4465469	0.4
4466772	0.2
4468973	0.30000000000000004
4470720	0.30000000000000004
4471216	0.4
4471927	3.800000000000002
4473011	3.600000000000002
4473696	3.3000000000000016
4474420	4.300000000000001
4475088	9.299999999999983
4476344	5.599999999999996
4478681	2.700000000000001
4479285	0.30000000000000004
4480328	0.2
4482409	0.2
4484058	0.1
4485195	0
4486778	0.1
4487859	0.2
4489312	0.2
4490640	0.1
4491865	0.7999999999999999
4492969	1.7000000000000004
4493890	1.2
4494904	0.1
4495699	0.30000000000000004
4496624	0.7
4499798	2.0000000000000004
4500258	3.0000000000000013
4500611	2.800000000000001
4502767	1.3
4504666	2.3000000000000007
4505846	2.400000000000001
4506510	1.4000000000000001
4506801	2.700000000000001
4510004	4.000000000000002
4511936	3.900000000000002
4512910	2.2000000000000006
4513857	0.9999999999999999
4515515	0.2
4517240	0.8999999999999999
4517974	1.4000000000000001
4519831	2.3000000000000007
4521345	2.600000000000001
4525409	1.6000000000000003
4526497	0.9999999999999999
4527221	1.0999999999999999
4527764	1.7000000000000004
4528514	1.2
4531090	0.7
4532810	0.7
4533511	0.6
4533924	2.9000000000000012
4535523	4.6
4537104	5.999999999999995
4538212	6.199999999999994
4539143	4.300000000000001
4541258	3.600000000000002
4542335	4.100000000000001
4543389	2.3000000000000007
4544018	3.2000000000000015
4544666	2.9000000000000012
4548536	2.700000000000001
4549259	2.400000000000001
4550624	2.2000000000000006
4552228	0.8999999999999999
4553631	0.30000000000000004
4554480	0.2
4554986	0.9999999999999999
4555905	1.3
4556624	1.4000000000000001
4557189	2.3000000000000007
4557833	2.400000000000001
4558940	1.2
4559769	0.1
4560338	0.6
4561207	1.9000000000000006
4562086	2.0000000000000004
4563228	0.9999999999999999
4563796	0.5
4564305	0.1
4565274	0.4
4566606	1.3
4567903	1.9000000000000006
4571833	2.500000000000001
4573172	1.6000000000000003
4575495	1.8000000000000005
4577435	1.9000000000000006
4578656	4.300000000000001
4579669	7.099999999999991
4580765	10.09999999999998
4582253	10.499999999999979
4585005	8.599999999999985
4587406	9.599999999999982
4588387	7.699999999999989
4588977	2.0000000000000004
4590204	1.7000000000000004
4592484	5.699999999999996
4594041	4.699999999999999
4595394	5.399999999999997
4596501	2.500000000000001
4598295	1.2
4599942	0
4600606	0.1
4601247	0.1
4601860	0
4602473	0.1
4603839	0.2
4604498	0.2
4605269	0.30000000000000004
4605922	0.4
4607184	0.6
4608009	0.30000000000000004
4608408	0
4608984	0.2
4610208	0.2
4611698	0
4612208	0
4612947	0
4613870	0
4615111	0.4
4616290	0.4
4617712	0.4
4618890	0.2
4620214	0.2
4621242	0.4
4622434	0.5
4623609	0.7
4624467	0.4
4625379	0.30000000000000004
4626603	0.1
4627931	1.0999999999999999
4628664	1.4000000000000001
4629688	0.9999999999999999
4631701	0
4632938	0
4633489	0
4634120	0.1
4634875	0.1
4635757	0.1
4636351	0.1
4637408	0.30000000000000004
4638854	0.4
4639948	0.30000000000000004
4641285	0
