organism=Escherichia_coli_300_genomes	genome=GCF_000005845.2_ASM584v2	contig=NC_000913.3	method=probabilistic complexity
position	complexity
1568	0
3267	0
4377	0.0196078431372549
5382	0.03893196561671719
6071	0.05807115975591133
7244	0.028663003663003665
8714	0.009523809523809525
9599	0
10211	0
10999	0
11584	0.01818181818181818
13121	0.15211038961038956
14733	0.8384208711642339
18072	0.7660425954266202
19170	0.5897637393792297
20946	0.5886877519886674
21877	0.07818590704647677
23799	0.008620689655172414
25454	0
26050	0
26752	0.03326446280991736
27750	0.049725646931310125
28784	0.03299123876620151
30225	0.04052035099938519
32427	0.08851717807500659
34497	0.07219354838709677
35076	0.023936507936507936
35769	0.023623023684539432
37047	0.03125095373252762
38506	0.038820251937984496
39815	0.03864042933810376
41174	0.03301820317087493
42788	0.04047741063008238
43658	0.03284382284382285
44823	0.017692307692307695
45606	0.017692307692307695
46472	0.03239819004524887
47511	0.039697460118241566
48700	0.08275636337926447
50007	0.24729223023874264
50801	0.24688038580124913
51417	0.0676923076923077
52019	0.017692307692307695
52921	0.024685314685314687
54059	0.03162975912975913
55932	0.02463675213675214
57771	0.031253032156774
58799	0.03805575324520937
59200	0.03805575324520937
60016	0.04476716264118252
61811	0.03773705042161418
64604	0.03773705042161418
66202	0.030937921727395415
67586	0.030937921727395415
69198	0.06323787983380515
70826	0.16638097329947926
71733	0.1595533498759306
72578	0.0564102564102564
73716	0.05624797143784485
74988	0.06217443491147813
76471	0.055766207063376864
77453	0.04295512380835133
78210	0.04295512380835133
79150	0.0490900931335047
80164	0.03659150465973749
81412	0.03659150465973749
82743	0.05455292087675278
84840	0.06543140780533464
86492	0.047359118648708134
87602	0.04126415807438377
88530	0.04115848706346443
89863	0.02857466063348417
90564	0.02850626118067979
91214	0.04006695482229828
92296	0.03425300133392619
93909	0.03418694022740266
95329	0.02840659340659341
96543	0.02834202520643199
97745	0.02834202520643199
99025	0.022692307692307696
100177	0.022692307692307696
101502	0.022692307692307696
102693	0.022692307692307696
103570	0.022692307692307696
104613	0.022692307692307696
105880	0.022692307692307696
107015	0.0280686517783292
107923	0.03873539429738711
109631	0.05998384639690303
111238	0.04923176508282891
111747	0.03862161085565341
112227	0.022692307692307696
112909	0.03310897435897436
113965	0.03829032150923342
115123	0.03818293319308222
116406	0.04331113832128734
117329	0.03807719281209708
118198	0.03292255363683935
119008	0.027742812742812747
119708	0.03276793837095345
120863	0.03276793837095345
122474	0.022692307692307696
124348	0.027692307692307697
126641	0.027692307692307697
128624	0.027692307692307697
130333	0.03769230769230769
132913	0.032692307692307694
134569	0.032692307692307694
135185	0.027692307692307697
136031	0.022692307692307696
136724	0.027692307692307697
137858	0.032692307692307694
140030	0.06769230769230769
141699	0.05769230769230768
142339	0.015
143242	0.015
144087	0.015
144797	0.015
145695	0.02
146504	0.035
147419	0.05499999999999999
148369	0.04
149204	0.06499999999999999
150334	0.10500000000000002
151301	0.11000000000000004
151928	0.09000000000000001
152527	0.09000000000000001
154127	0.10500000000000002
155831	0.11000000000000004
156591	0.09000000000000001
157492	0.06499999999999999
158411	0.045
159649	0.05
160376	0.05
161134	0.05499999999999999
161766	0.05499999999999999
163319	0.05499999999999999
165997	0.10000000000000002
168605	0.10000000000000002
170176	0.085
171020	0.085
172453	0.085
174242	0.08
175817	0.075
176782	0.075
177312	0.08
178062	0.08
178804	0.13500000000000004
179995	0.13000000000000003
181596	0.12000000000000004
183041	0.13000000000000003
183902	0.13500000000000004
184628	0.11500000000000005
185535	0.12000000000000004
187314	0.11000000000000004
189109	0.11000000000000004
190236	0.10500000000000002
191282	0.10500000000000002
192217	0.10500000000000002
193150	0.11000000000000004
194119	0.11000000000000004
195285	0.11000000000000004
195740	0.11000000000000004
196159	0.11000000000000004
197222	0.11500000000000005
199144	0.11500000000000005
200724	0.11000000000000004
201483	0.10500000000000002
202328	0.10500000000000002
202954	0.10500000000000002
203922	0.10500000000000002
204791	0.11000000000000004
206867	0.11000000000000004
209100	0.12000000000000004
210749	0.12000000000000004
212071	0.12000000000000004
212980	0.11000000000000004
213808	0.11000000000000004
214025	0.11500000000000005
214563	0.11500000000000005
215044	0.10500000000000002
215624	0.12000000000000004
216591	0.12000000000000004
217916	0.12500000000000003
219240	0.12000000000000004
219793	0.12000000000000004
220520	0.12000000000000004
221294	0.13500000000000004
222129	0.14500000000000005
223120	0.18500000000000008
229568	0.18000000000000008
230424	0.23500000000000013
231532	0.22500000000000012
232237	0.22500000000000012
233207	0.22500000000000012
234404	0.22500000000000012
235177	0.2200000000000001
235768	0.2200000000000001
236428	0.41500000000000026
237727	0.6700000000000005
238496	0.7600000000000006
238915	0.9200000000000008
239804	0.9700000000000008
240593	0.4550000000000003
242081	0.42500000000000027
243832	0.42500000000000027
244710	0.41500000000000026
245435	0.42500000000000027
246100	0.42500000000000027
246372	0.4550000000000003
247148	0.5350000000000004
247885	0.5600000000000004
249227	0.6600000000000005
250509	0.6350000000000005
251425	0.5500000000000004
252151	0.6000000000000004
252500	0.6000000000000004
252974	0.6700000000000005
253600	0.6600000000000005
253952	0.6400000000000005
254987	0.6450000000000005
256206	0.6300000000000004
257149	0.6250000000000004
258870	0.6300000000000004
259572	0.6400000000000005
260939	0.6400000000000005
262129	0.8050000000000006
263160	0.9900000000000008
265423	1.3799999999999926
269735	1.264999999999995
273419	1.5199999999999896
275203	1.374999999999993
276014	1.3349999999999935
277181	1.3349999999999935
278279	1.374999999999993
278995	1.5349999999999893
281400	1.6149999999999876
286086	1.4699999999999906
287594	1.4749999999999903
288783	1.544999999999989
291865	1.4749999999999903
293569	1.5199999999999896
294372	1.3799999999999926
295030	1.3899999999999924
295359	1.3349999999999935
296358	1.3349999999999935
297586	1.4349999999999914
298248	1.1149999999999982
299835	1.0200000000000002
301409	1.0150000000000003
302228	1.0399999999999998
303298	1.0449999999999997
304850	0.8950000000000007
305995	0.8400000000000006
308069	0.8300000000000006
309692	0.8400000000000006
310377	0.8450000000000006
311017	0.8700000000000007
312444	0.9750000000000008
312647	0.9300000000000008
313191	1.0000000000000009
314800	1.0549999999999995
316793	1.0649999999999993
318022	0.9600000000000009
319338	0.8500000000000006
320654	0.7650000000000006
321967	0.7600000000000006
323051	0.7600000000000006
324105	0.7000000000000005
325030	0.8200000000000006
326412	0.8800000000000007
327997	0.7700000000000006
329040	0.7000000000000005
330479	0.6950000000000005
332915	0.7000000000000005
333967	0.6750000000000005
334773	0.6800000000000005
335582	0.6800000000000005
336356	0.6800000000000005
337551	0.7450000000000006
339034	0.7900000000000006
339929	0.7450000000000006
340640	0.8100000000000006
341816	0.8600000000000007
343408	0.8450000000000006
344583	0.7400000000000005
345982	0.7000000000000005
346621	0.6500000000000005
347650	0.6450000000000005
349127	0.6450000000000005
349741	0.6400000000000005
350596	0.6400000000000005
351940	0.6400000000000005
353649	0.6500000000000005
355551	0.5750000000000004
356812	0.5750000000000004
358240	0.5750000000000004
359128	0.5700000000000004
359724	0.5800000000000004
360555	0.5900000000000004
361554	0.6000000000000004
362552	0.6050000000000004
364768	0.6500000000000005
366973	0.7100000000000005
368003	0.6950000000000005
369443	0.6000000000000004
370749	0.5950000000000004
371672	0.5400000000000004
372519	0.5000000000000003
373396	0.4450000000000003
374374	0.42500000000000027
376064	0.39500000000000024
377041	0.39500000000000024
377951	0.3750000000000002
379016	0.3650000000000002
379743	0.40000000000000024
380455	0.4750000000000003
381065	0.4500000000000003
383337	0.3450000000000002
383994	0.31500000000000017
384337	0.3600000000000002
385713	0.31000000000000016
386590	0.17000000000000007
387384	0.15000000000000005
388220	0.16500000000000006
389240	0.2550000000000001
394817	0.2000000000000001
395708	0.18500000000000008
396383	0.12500000000000003
397249	0.12500000000000003
398419	0.12500000000000003
399179	0.11500000000000005
399699	0.11000000000000004
400376	0.11000000000000004
401516	0.11000000000000004
402454	0.11000000000000004
403441	0.10000000000000002
404260	0.10000000000000002
405239	0.10000000000000002
405993	0.05499999999999999
406667	0.04
407074	0.04
407766	0.05499999999999999
408319	0.10000000000000002
408687	0.095
409596	0.09000000000000001
410598	0.06499999999999999
411931	0.05999999999999999
414180	0.05
416351	0.045
417486	0.04
418536	0.045
420250	0.04
421672	0.05
423423	0.075
424627	0.11000000000000004
425546	0.08
426700	0.035
427453	0.04
428587	0.04
429990	0.04
430778	0.035
431571	0.05
432581	0.05999999999999999
433226	0.05
434006	0.035
434882	0.03
435346	0.03
436122	0.045
436848	0.06499999999999999
437648	0.05499999999999999
439246	0.04
440651	0.035
441222	0.03
442273	0.035
443346	0.04
444059	0.04
444928	0.085
445984	0.18000000000000008
447260	0.18500000000000008
447881	0.075
448353	0.04
449645	0.03
451136	0.03
452807	0.03
453878	0.025
454632	0.025
455782	0.025
456988	0.03
458063	0.035
460065	0.03
461587	0.025
462850	0.045
464122	0.075
464601	0.06999999999999999
465199	0.06999999999999999
466462	0.08
467821	0.09000000000000001
468612	0.08
469757	0.08
471526	0.06999999999999999
472767	0.075
473609	0.06999999999999999
474731	0.06999999999999999
475665	0.075
476137	0.12000000000000004
476848	0.13000000000000003
477842	0.14500000000000005
479016	0.14000000000000004
479642	0.13000000000000003
480199	0.13000000000000003
480521	0.15000000000000005
485022	0.16500000000000006
486084	0.14000000000000004
488217	0.13500000000000004
490190	0.13000000000000003
490548	0.12500000000000003
491070	0.12500000000000003
491687	0.12500000000000003
493057	0.13000000000000003
494240	0.13000000000000003
494707	0.12500000000000003
496057	0.12500000000000003
497497	0.12500000000000003
498536	0.12500000000000003
499493	0.13000000000000003
500777	0.13000000000000003
502400	0.13000000000000003
504086	0.15000000000000005
505740	0.15000000000000005
506842	0.14500000000000005
507683	0.15500000000000003
508388	0.15000000000000005
510127	0.15500000000000003
512107	0.17000000000000007
513222	0.31500000000000017
514196	0.5300000000000004
514630	0.4550000000000003
515314	0.3400000000000002
516257	0.3250000000000002
516972	0.3250000000000002
517852	0.3200000000000002
518725	0.3250000000000002
519435	0.3700000000000002
520076	0.3750000000000002
521623	0.39500000000000024
527765	0.39500000000000024
528770	0.41500000000000026
529830	0.4900000000000003
530679	0.38500000000000023
531758	0.3600000000000002
532692	0.3600000000000002
533418	0.3550000000000002
534806	0.40500000000000025
536098	0.40500000000000025
537025	0.41000000000000025
538360	0.42500000000000027
539827	0.4450000000000003
541215	0.39000000000000024
542460	0.3800000000000002
543653	0.3800000000000002
544674	0.3800000000000002
545838	0.3800000000000002
547513	0.3800000000000002
548986	0.3600000000000002
550034	0.3500000000000002
550885	0.3500000000000002
552060	0.3500000000000002
552845	0.3550000000000002
553579	0.3550000000000002
554190	0.3500000000000002
555303	0.3500000000000002
556292	0.3500000000000002
556767	0.3550000000000002
557308	0.4300000000000002
558483	0.4300000000000002
559320	0.4350000000000003
560998	0.4550000000000003
562830	0.4500000000000003
563587	0.4300000000000002
564164	0.6600000000000005
565396	0.8850000000000007
566229	1.169999999999997
566731	1.7649999999999844
568481	1.924999999999981
569665	2.124999999999977
571168	2.1799999999999757
571852	2.164999999999976
572693	2.5099999999999687
573006	1.96499999999998
573229	2.129999999999977
573552	2.1549999999999763
573801	2.1949999999999754
574147	2.204999999999975
574590	1.97499999999998
576291	2.159999999999976
577861	2.1899999999999755
578746	1.96499999999998
579983	1.399999999999992
582367	1.1849999999999967
584055	0.7450000000000006
585156	0.6600000000000005
586527	0.5650000000000004
587536	0.4650000000000003
589468	0.6050000000000004
592059	0.8950000000000007
594049	0.8950000000000007
595101	0.3350000000000002
596286	0.39000000000000024
597297	0.3350000000000002
598090	0.3400000000000002
600285	0.1950000000000001
602647	0.19000000000000009
604039	0.17500000000000007
605097	0.17000000000000007
605702	0.17500000000000007
606075	0.17000000000000007
606824	0.29000000000000015
607862	0.24000000000000013
609830	0.19000000000000009
611374	0.06499999999999999
613338	0.05999999999999999
614051	0.05499999999999999
616097	0.08
618820	0.10500000000000002
620692	0.10500000000000002
621687	0.085
622925	0.075
624032	0.06499999999999999
625472	0.05999999999999999
626875	0.05499999999999999
628122	0.05499999999999999
628924	0.05499999999999999
629506	0.06499999999999999
630946	0.06999999999999999
632280	0.06499999999999999
632933	0.05999999999999999
634166	0.085
635061	0.095
635959	0.10500000000000002
637167	0.10000000000000002
638200	0.075
639226	0.06499999999999999
640520	0.05999999999999999
641653	0.075
642707	0.08
643374	0.075
643762	0.075
644600	0.05999999999999999
645848	0.06499999999999999
647070	0.06499999999999999
647759	0.06499999999999999
648805	0.06499999999999999
650036	0.06999999999999999
650635	0.06999999999999999
651327	0.075
653064	0.08
654202	0.08
655275	0.075
656837	0.075
657396	0.05499999999999999
657746	0.05999999999999999
658144	0.05999999999999999
658536	0.05999999999999999
659048	0.05499999999999999
659733	0.05999999999999999
660901	0.05999999999999999
661957	0.05999999999999999
662510	0.05999999999999999
663393	0.06499999999999999
664646	0.05999999999999999
665757	0.05999999999999999
667266	0.05499999999999999
668481	0.05499999999999999
668877	0.05499999999999999
669601	0.05499999999999999
670251	0.05499999999999999
671089	0.05499999999999999
671895	0.05999999999999999
673492	0.05999999999999999
675259	0.075
677064	0.05
678128	0.05999999999999999
679861	0.06999999999999999
680937	0.05999999999999999
682558	0.045
683944	0.04
684892	0.02
685592	0.02
686299	0.015
687293	0.02
690112	0.025
691345	0.01
692107	0.005
692877	0
694243	0
695688	0.005
698345	0.01
699950	0.005
700984	0
702177	0
703211	0
704917	0.045
705921	0.045
706925	0.05999999999999999
709037	0.015
709953	0.005
710423	0.01
711200	0.01
711786	0
712420	0
713259	0
714378	0.015
715659	0.025
716492	0.035
717605	0.05999999999999999
719361	0.11000000000000004
720711	0.10500000000000002
721394	0.08
723072	0.015
724693	0.02
726012	0.025
727895	0.02
729237	0.18000000000000008
733939	0.18500000000000008
735934	0.17500000000000007
736572	0.18500000000000008
739255	0.14500000000000005
740216	0.045
741815	0.015
743198	0.02
743921	0.015
744709	0.02
745532	0.015
746330	0.015
747246	0.06999999999999999
748451	0.08
749343	0.13500000000000004
753826	0.13500000000000004
754727	0.005
755364	0.005
755733	0.01
756790	0.01
758047	0.015
760106	0.01
762130	0
763597	0.005
764614	0.4900000000000003
767002	0.5200000000000004
769294	0.7800000000000006
772242	0.7750000000000006
773611	0
774252	0
774455	0
774954	0
775499	0.005
776063	0.005
776974	0
778386	0
779327	0
779993	0.005
782606	0.005
783525	0.005
784352	0.005
785127	0.005
786159	0
787219	0
788317	0.01
789405	0.015
790506	0.015
791547	0.01
793052	0.005
794250	0.005
794847	0.005
795475	0.005
796206	0.005
797083	0.005
798022	0.005
799083	0.01
800098	0.03
801285	0.04
802603	0.05999999999999999
804633	0.05499999999999999
806639	0.05
807671	0.06999999999999999
808612	0.04
809864	0.03
810958	0.035
811899	0.035
812608	0.035
814536	0.025
816193	0.03
817538	0.03
818311	0.025
818812	0.02
819170	0.02
819521	0.035
820236	0.12000000000000004
821149	0.13000000000000003
822020	0.06499999999999999
823118	0.025
824116	0.025
824835	0.025
825555	0.03
826685	0.035
828113	0.04
829471	0.03
830307	0.045
831554	0.09000000000000001
832692	0.10000000000000002
834077	0.10500000000000002
835729	0.06999999999999999
836893	0.05499999999999999
837795	0.05499999999999999
838323	0.045
838867	0.05499999999999999
840390	0.05499999999999999
841926	0.05
842795	0.045
844367	0.05
846102	0.045
846789	0.04
847631	0.045
848659	0.05
849653	0.05
850707	0.05499999999999999
851805	0.045
852933	0.08
853416	0.09000000000000001
854206	0.085
855284	0.11000000000000004
856759	0.15000000000000005
858428	0.15000000000000005
859620	0.12000000000000004
861390	0.10500000000000002
863061	0.10500000000000002
863973	0.10000000000000002
864754	0.095
865746	0.11000000000000004
867050	0.12500000000000003
868455	0.14000000000000004
870180	0.13000000000000003
871427	0.11000000000000004
872345	0.10000000000000002
874153	0.10500000000000002
875999	0.13500000000000004
877372	0.12500000000000003
878439	0.10500000000000002
879299	0.11000000000000004
880167	0.11000000000000004
881328	0.11000000000000004
882355	0.11000000000000004
883090	0.12000000000000004
884289	0.11500000000000005
885085	0.10500000000000002
885723	0.11500000000000005
886694	0.11500000000000005
887691	0.22500000000000012
888976	0.28000000000000014
890277	0.22500000000000012
890624	0.2200000000000001
891056	0.2200000000000001
891545	0.2200000000000001
892418	0.22500000000000012
893195	0.22500000000000012
894340	0.2200000000000001
895557	0.23000000000000012
896610	0.23000000000000012
897506	0.22500000000000012
898233	0.22500000000000012
899081	0.22500000000000012
900209	0.23500000000000013
901200	0.2200000000000001
901892	0.2100000000000001
902622	0.2100000000000001
903370	0.2200000000000001
904209	0.24000000000000013
904754	0.24000000000000013
905328	0.22500000000000012
906246	0.22500000000000012
907567	0.22500000000000012
908793	0.2200000000000001
910190	0.22500000000000012
911666	0.22500000000000012
912988	0.2150000000000001
914407	0.2200000000000001
915699	0.23000000000000012
917302	0.23000000000000012
918624	0.22500000000000012
919792	0.2200000000000001
921320	0.22500000000000012
922478	0.28000000000000014
923073	0.30500000000000016
924402	0.30500000000000016
926334	0.31500000000000017
927080	0.2550000000000001
928334	0.2450000000000001
930079	0.23500000000000013
931567	0.23000000000000012
932842	0.23500000000000013
935218	0.23000000000000012
937677	0.23000000000000012
938665	0.22500000000000012
940074	0.2550000000000001
942181	0.3650000000000002
943722	0.31500000000000017
944464	0.31000000000000016
945244	0.30500000000000016
946445	0.31000000000000016
947944	0.3400000000000002
949114	0.3400000000000002
949963	0.3350000000000002
950710	0.3700000000000002
952413	0.2600000000000001
954037	0.2050000000000001
955752	0.18500000000000008
957108	0.16500000000000006
958197	0.17000000000000007
959453	0.3200000000000002
960646	0.30500000000000016
961542	0.13000000000000003
962831	0.12000000000000004
963970	0.12500000000000003
965452	0.13000000000000003
967495	0.15000000000000005
968859	0.14500000000000005
970005	0.13500000000000004
970764	0.13000000000000003
971225	0.12000000000000004
972198	0.11500000000000005
973011	0.11500000000000005
973929	0.11500000000000005
974980	0.11500000000000005
975974	0.12500000000000003
978556	0.13000000000000003
981970	0.12500000000000003
983349	0.11500000000000005
983973	0.11500000000000005
985114	0.12000000000000004
986438	0.14000000000000004
988285	0.14000000000000004
989755	0.12500000000000003
991928	0.15000000000000005
993660	0.17500000000000007
994436	0.15000000000000005
995415	0.15500000000000003
996464	0.14000000000000004
997224	0.2050000000000001
998137	0.5400000000000004
998840	0.5200000000000004
1002342	0.41000000000000025
1003160	0.39000000000000024
1004312	0.3750000000000002
1005273	0.29500000000000015
1006223	0.2650000000000001
1007045	0.27000000000000013
1008898	0.27000000000000013
1010917	0.2650000000000001
1012627	0.27000000000000013
1014079	0.27000000000000013
1015177	0.27000000000000013
1015798	0.2650000000000001
1016265	0.27000000000000013
1017419	0.27000000000000013
1018711	0.27500000000000013
1019533	0.27000000000000013
1020664	0.27000000000000013
1021452	0.27500000000000013
1022811	0.27000000000000013
1024125	0.2650000000000001
1025498	0.2650000000000001
1026786	0.27500000000000013
1027442	0.27500000000000013
1028152	0.27000000000000013
1028562	0.27000000000000013
1029366	0.27000000000000013
1030203	0.2650000000000001
1030503	0.2650000000000001
1031088	0.28000000000000014
1032698	0.3200000000000002
1034150	0.29000000000000015
1035419	0.28000000000000014
1036063	0.2650000000000001
1036553	0.27000000000000013
1037177	0.27000000000000013
1038512	0.27500000000000013
1039864	0.27500000000000013
1040491	0.27500000000000013
1041266	0.28500000000000014
1043120	0.28500000000000014
1044453	0.3400000000000002
1046897	0.3400000000000002
1048318	0.30500000000000016
1049010	0.29500000000000015
1049591	0.30000000000000016
1051567	0.3200000000000002
1052153	0.31000000000000016
1052825	0.3500000000000002
1054783	0.3750000000000002
1056775	0.3750000000000002
1057608	0.2650000000000001
1058670	0.27000000000000013
1060529	0.2500000000000001
1062098	0.23500000000000013
1062702	0.23000000000000012
1063315	0.2500000000000001
1064664	0.2450000000000001
1066205	0.2450000000000001
1066977	0.23000000000000012
1067410	0.29000000000000015
1068167	0.31500000000000017
1069175	0.30000000000000016
1070107	0.24000000000000013
1070660	0.22500000000000012
1071365	0.2100000000000001
1071966	0.1950000000000001
1072518	0.2000000000000001
1073408	0.2000000000000001
1074561	0.2100000000000001
1076901	0.2200000000000001
1079041	0.22500000000000012
1080059	0.2650000000000001
1081411	0.24000000000000013
1081825	0.2500000000000001
1082806	0.23500000000000013
1084011	0.28000000000000014
1085524	0.3400000000000002
1086312	0.31000000000000016
1087183	0.30500000000000016
1088848	0.3200000000000002
1091077	0.3750000000000002
1093555	0.4400000000000003
1095684	0.4550000000000003
1096336	0.4550000000000003
1098355	0.4450000000000003
1099247	0.2000000000000001
1099917	0.15500000000000003
1100526	0.16000000000000006
1101267	0.17000000000000007
1101919	0.16500000000000006
1102346	0.16500000000000006
1102871	0.17500000000000007
1104178	0.18000000000000008
1104674	0.16000000000000006
1105127	0.16000000000000006
1105569	0.15500000000000003
1106086	0.15000000000000005
1107035	0.15000000000000005
1108362	0.16000000000000006
1110119	0.18000000000000008
1112149	0.16500000000000006
1113692	0.15000000000000005
1113994	0.23500000000000013
1114877	0.2000000000000001
1116122	0.2000000000000001
1117333	0.11500000000000005
1118188	0.11500000000000005
1118763	0.11500000000000005
1119363	0.11000000000000004
1120027	0.11000000000000004
1120828	0.11500000000000005
1121364	0.13500000000000004
1122084	0.10500000000000002
1122993	0.095
1123730	0.09000000000000001
1124722	0.095
1125854	0.095
1126480	0.10000000000000002
1127267	0.095
1128606	0.095
1129622	0.10000000000000002
1129981	0.10000000000000002
1130533	0.15500000000000003
1131226	0.15000000000000005
1131640	0.15000000000000005
1132201	0.15500000000000003
1133178	0.16000000000000006
1134179	0.16500000000000006
1135120	0.16000000000000006
1135913	0.16000000000000006
1136822	0.16000000000000006
1137841	0.16000000000000006
1139199	0.16500000000000006
1140509	0.2000000000000001
1142774	0.2100000000000001
1145419	0.18500000000000008
1146322	0.16000000000000006
1147054	0.16000000000000006
1147453	0.16000000000000006
1148171	0.16000000000000006
1149235	0.17000000000000007
1150192	0.17000000000000007
1151037	0.16000000000000006
1151733	0.16000000000000006
1152559	0.16000000000000006
1153704	0.16000000000000006
1154623	0.15500000000000003
1155444	0.16000000000000006
1156264	0.16000000000000006
1157175	0.17000000000000007
1158585	0.1950000000000001
1160456	0.19000000000000009
1162064	0.2050000000000001
1162435	0.18000000000000008
1162958	0.18000000000000008
1163672	0.18000000000000008
1164607	0.18000000000000008
1165414	0.18500000000000008
1166737	0.2000000000000001
1167868	0.2000000000000001
1168547	0.18500000000000008
1169201	0.19000000000000009
1169891	0.19000000000000009
1172265	0.19000000000000009
1174628	0.19000000000000009
1176026	0.1950000000000001
1176969	0.19000000000000009
1177945	0.19000000000000009
1179048	0.1950000000000001
1179939	0.2200000000000001
1180873	0.2050000000000001
1181494	0.2000000000000001
1182306	0.19000000000000009
1183223	0.3300000000000002
1184045	0.6350000000000005
1185026	0.5650000000000004
1186457	0.5600000000000004
1187679	0.7950000000000006
1189046	0.9800000000000008
1190111	0.8750000000000007
1191301	0.8400000000000006
1192310	0.8200000000000006
1193220	0.8150000000000006
1194057	0.8250000000000006
1194624	0.8700000000000007
1195748	1.025
1197199	1.0499999999999996
1197880	1.079999999999999
1199141	1.1649999999999971
1200242	1.2449999999999954
1200909	1.219999999999996
1201667	1.2299999999999958
1201930	1.3349999999999935
1202596	1.5099999999999898
1203124	1.6349999999999871
1203546	1.4649999999999908
1203991	1.344999999999993
1204853	1.5649999999999886
1205640	1.6349999999999871
1205967	1.5149999999999897
1206547	1.1149999999999982
1207205	1.2299999999999958
1210762	0.9600000000000009
1211495	1.0699999999999992
1213693	0.8950000000000007
1214869	0.8200000000000006
1215907	0.8350000000000006
1216502	0.8350000000000006
1216872	0.8600000000000007
1218089	0.9600000000000009
1219092	1.0399999999999998
1220361	1.0599999999999994
1222469	1.0549999999999995
1222786	0.9800000000000008
1224412	0.9400000000000008
1224955	0.7400000000000005
1225732	0.7150000000000005
1226784	0.7200000000000005
1227271	0.7250000000000005
1227860	0.7250000000000005
1228408	0.7150000000000005
1229053	0.7200000000000005
1229938	0.7450000000000006
1230976	0.7700000000000006
1231820	0.7550000000000006
1232765	0.7300000000000005
1233946	0.6250000000000004
1235297	0.6300000000000004
1236475	0.6400000000000005
1238220	0.7600000000000006
1239414	0.9150000000000008
1241203	0.9700000000000008
1242623	0.8100000000000006
1243485	0.7700000000000006
1244160	0.7800000000000006
1244855	0.9950000000000008
1245380	1.0399999999999998
1246527	1.035
1248405	0.7750000000000006
1249441	0.7250000000000005
1250303	0.7350000000000005
1252025	0.7700000000000006
1254518	0.7500000000000006
1256386	0.7300000000000005
1257266	0.7600000000000006
1258221	0.6800000000000005
1258930	0.6750000000000005
1259950	0.6800000000000005
1261434	0.6800000000000005
1262451	0.6650000000000005
1263188	0.6650000000000005
1264342	0.6650000000000005
1265553	0.6650000000000005
1266510	0.6650000000000005
1267120	0.6650000000000005
1267724	0.7000000000000005
1268592	0.7450000000000006
1271299	0.8000000000000006
1272234	0.7250000000000005
1272844	0.6900000000000005
1273422	0.6900000000000005
1274481	0.6950000000000005
1275504	0.6950000000000005
1276720	0.6950000000000005
1277753	0.6900000000000005
1278652	0.7000000000000005
1281735	0.7050000000000005
1284373	0.7050000000000005
1285494	0.7800000000000006
1286187	1.0000000000000009
1288203	1.0100000000000005
1288903	0.6900000000000005
1289678	0.6600000000000005
1290748	0.6300000000000004
1291911	0.6350000000000005
1292715	0.6300000000000004
1293835	0.6600000000000005
1294721	0.7250000000000005
1295229	0.7000000000000005
1296783	0.6450000000000005
1298921	0.6500000000000005
1299349	0.6750000000000005
1301975	0.7150000000000005
1303359	0.6600000000000005
1304288	0.6250000000000004
1305260	0.6100000000000004
1306266	0.5950000000000004
1306985	0.6000000000000004
1307915	0.6400000000000005
1309642	0.7050000000000005
1310717	0.7800000000000006
1311441	0.6150000000000004
1312047	0.4900000000000003
1312620	0.4500000000000003
1313291	0.4750000000000003
1314339	0.6050000000000004
1314971	0.6950000000000005
1315520	0.5700000000000004
1315945	0.6700000000000005
1316819	0.6400000000000005
1317818	0.5350000000000004
1319106	0.5350000000000004
1320586	0.5250000000000004
1322165	0.5300000000000004
1323660	0.5300000000000004
1324408	0.5500000000000004
1325693	0.5600000000000004
1327289	0.6100000000000004
1328062	0.5700000000000004
1328733	0.5500000000000004
1329856	0.5450000000000004
1330542	0.5450000000000004
1332346	0.5600000000000004
1334342	0.5650000000000004
1335224	0.5500000000000004
1335374	0.5800000000000004
1335619	0.5750000000000004
1337168	0.5600000000000004
1338865	0.5450000000000004
1339712	0.5400000000000004
1340397	0.5400000000000004
1341142	0.5400000000000004
1342259	0.5400000000000004
1342821	0.5450000000000004
1343219	0.5550000000000004
1343971	0.5550000000000004
1344522	0.5750000000000004
1345749	0.6100000000000004
1347945	0.6050000000000004
1349543	0.5900000000000004
1350645	0.7950000000000006
1352231	0.8550000000000006
1353132	0.6200000000000004
1354073	0.6050000000000004
1354987	0.6500000000000005
1356288	0.6400000000000005
1357545	0.6600000000000005
1358494	0.6650000000000005
1360199	0.6700000000000005
1361508	0.6700000000000005
1362189	0.6750000000000005
1363486	0.6750000000000005
1364872	0.6650000000000005
1366182	0.6550000000000005
1367423	0.6600000000000005
1368413	0.6450000000000005
1368913	0.6400000000000005
1369204	0.6500000000000005
1369503	0.6550000000000005
1369846	0.6950000000000005
1371055	0.7050000000000005
1372555	0.7100000000000005
1373662	0.6950000000000005
1374511	0.6950000000000005
1375489	0.7100000000000005
1376428	0.7150000000000005
1377359	0.7100000000000005
1379017	0.6900000000000005
1380477	0.7250000000000005
1381305	0.7550000000000006
1382399	0.7250000000000005
1383462	0.7100000000000005
1384815	0.7000000000000005
1386041	0.6850000000000005
1387490	0.6950000000000005
1388558	0.6950000000000005
1389412	0.6900000000000005
1390234	0.6950000000000005
1390771	0.7350000000000005
1391393	0.7750000000000006
1392440	0.7950000000000006
1394033	0.7500000000000006
1395406	0.7100000000000005
1397493	0.7550000000000006
1398147	0.7550000000000006
1399150	0.8300000000000006
1399978	0.9700000000000008
1401010	0.9800000000000008
1402532	0.9900000000000008
1403910	0.9850000000000008
1405195	1.0899999999999987
1406260	1.0899999999999987
1407179	0.9700000000000008
1408541	0.9300000000000008
1409394	0.8450000000000006
1410197	0.8650000000000007
1411480	1.074999999999999
1413344	1.1549999999999974
1413635	1.314999999999994
1414388	1.5249999999999897
1417625	1.49499999999999
1417923	1.4699999999999906
1418118	1.8449999999999829
1418853	1.8349999999999829
1419389	1.8849999999999816
1420003	1.9399999999999809
1420513	2.0049999999999795
1420895	1.8949999999999816
1421547	1.694999999999986
1422356	1.49499999999999
1423032	1.2999999999999945
1424527	1.1499999999999977
1425508	1.1849999999999967
1425800	1.309999999999994
1426968	1.4149999999999918
1429914	1.3799999999999926
1435402	1.079999999999999
1436326	0.29000000000000015
1439022	0.27500000000000013
1441191	0.2550000000000001
1441532	0.2600000000000001
1442348	0.28500000000000014
1444370	0.30000000000000016
1445779	0.29000000000000015
1446043	0.4450000000000003
1446830	0.5900000000000004
1448268	0.5350000000000004
1450212	0.5550000000000004
1452619	0.5400000000000004
1454391	0.5150000000000003
1455011	0.5100000000000003
1455537	0.4900000000000003
1456173	0.49500000000000033
1456965	0.5200000000000004
1457880	0.5550000000000004
1458658	0.5800000000000004
1459790	0.6550000000000005
1460682	0.6050000000000004
1461495	0.5700000000000004
1462781	0.5700000000000004
1464014	0.5650000000000004
1464766	0.6250000000000004
1474651	0.6550000000000005
1476297	0.5100000000000003
1477923	0.5000000000000003
1478674	0.4700000000000003
1480016	0.42500000000000027
1481543	0.31500000000000017
1482557	0.30500000000000016
1485012	0.4600000000000003
1487635	0.5850000000000004
1488951	0.5500000000000004
1489838	0.5100000000000003
1490149	0.5100000000000003
1490655	0.4700000000000003
1491167	0.5250000000000004
1491763	0.5650000000000004
1492045	0.5600000000000004
1493290	0.5550000000000004
1494609	0.5000000000000003
1495959	0.4850000000000003
1497701	0.4500000000000003
1498763	0.4550000000000003
1499207	0.4600000000000003
1499959	0.4750000000000003
1501069	0.4650000000000003
1501858	0.4700000000000003
1502791	0.5000000000000003
1503505	0.49500000000000033
1504291	0.4900000000000003
1505492	0.4800000000000003
1506440	0.4400000000000003
1507761	0.4500000000000003
1508919	0.5150000000000003
1509374	0.5050000000000003
1509705	0.5550000000000004
1512226	0.5400000000000004
1513323	0.4600000000000003
1514301	0.4350000000000003
1515159	0.4450000000000003
1516290	0.49500000000000033
1517475	0.49500000000000033
1517764	0.4800000000000003
1518106	0.41500000000000026
1518587	0.4300000000000002
1519545	0.4400000000000003
1520594	0.5250000000000004
1522014	0.5100000000000003
1523837	0.5300000000000004
1525230	0.9100000000000008
1526555	1.3249999999999935
1527046	1.8199999999999832
1530163	1.8549999999999824
1533168	1.8499999999999823
1533566	1.129999999999998
1534446	0.5700000000000004
1535411	0.39000000000000024
1536277	0.27000000000000013
1536961	0.27500000000000013
1538081	0.29500000000000015
1540720	0.3300000000000002
1543366	0.6050000000000004
1546700	0.5900000000000004
1547694	0.30500000000000016
1549242	0.27000000000000013
1550903	0.2650000000000001
1551664	0.28000000000000014
1552540	0.3350000000000002
1553333	0.3450000000000002
1554820	0.31000000000000016
1555894	0.28500000000000014
1556172	0.28500000000000014
1556840	0.3450000000000002
1557575	0.3400000000000002
1558524	0.3250000000000002
1559462	0.41000000000000025
1560418	0.3600000000000002
1561706	0.3500000000000002
1562785	0.3300000000000002
1564533	0.31500000000000017
1566449	0.28500000000000014
1568163	0.29000000000000015
1569721	0.27000000000000013
1573798	0.29000000000000015
1576433	0.29500000000000015
1578499	0.28000000000000014
1580211	0.30500000000000016
1581683	0.29000000000000015
1583306	0.28500000000000014
1583860	0.3750000000000002
1585346	0.4400000000000003
1587277	0.6100000000000004
1588044	0.8100000000000006
1588574	1.6299999999999872
1591515	2.124999999999977
1592309	1.3199999999999938
1599413	1.3949999999999922
1600764	1.1899999999999966
1602257	1.079999999999999
1603533	1.0150000000000003
1604543	1.0100000000000005
1605562	0.9600000000000009
1606537	0.9550000000000008
1607144	0.9650000000000007
1607725	0.9300000000000008
1608565	0.8850000000000007
1609954	0.9400000000000008
1611380	0.9850000000000008
1612145	0.9550000000000008
1612788	0.9000000000000007
1614009	0.9000000000000007
1615244	0.9050000000000008
1616320	0.9050000000000008
1617623	0.9100000000000008
1618575	0.8400000000000006
1619337	0.8550000000000006
1619765	0.8350000000000006
1620098	0.9750000000000008
1620687	0.9550000000000008
1621925	0.8200000000000006
1622693	0.8050000000000006
1623405	0.7700000000000006
1624301	0.7800000000000006
1625032	0.7750000000000006
1626357	0.7800000000000006
1627890	0.7300000000000005
1628695	0.7200000000000005
1629316	0.7350000000000005
1630183	0.9500000000000008
1631643	1.6199999999999877
1637695	1.8199999999999832
1638561	1.779999999999984
1639278	1.97499999999998
1639790	2.2799999999999736
1640209	2.584999999999967
1640677	2.3899999999999713
1641446	2.5099999999999687
1641961	2.544999999999968
1642865	2.974999999999959
1643779	3.009999999999958
1644776	2.91999999999996
1645489	2.4699999999999696
1645752	2.4299999999999704
1646571	2.489999999999969
1647235	2.3399999999999723
1647491	2.954999999999959
1647735	2.92499999999996
1648137	2.9949999999999584
1648729	2.8899999999999606
1648932	2.8099999999999623
1649127	2.629999999999966
1649703	2.1949999999999754
1649889	1.9149999999999812
1653405	1.49999999999999
1654534	1.0599999999999994
1655510	0.7900000000000006
1655978	0.5750000000000004
1656464	0.5700000000000004
1657120	0.5950000000000004
1657717	0.7800000000000006
1663298	0.6900000000000005
1664036	0.2550000000000001
1664813	0.15500000000000003
1665943	0.13000000000000003
1666871	0.14000000000000004
1667954	0.14000000000000004
1669145	0.14000000000000004
1670325	0.13500000000000004
1671530	0.13000000000000003
1672370	0.11500000000000005
1672984	0.12000000000000004
1673318	0.14000000000000004
1674430	0.19000000000000009
1675666	0.075
1677137	0.05499999999999999
1678899	0.035
1680248	0.04
1681337	0.04
1681862	0.04
1682518	0.05499999999999999
1683532	0.05999999999999999
1684723	0.04
1685886	0.04
1687554	0.045
1689163	0.035
1690606	0.05499999999999999
1691477	0.05999999999999999
1692218	0.06999999999999999
1693576	0.06999999999999999
1695165	0.05499999999999999
1696751	0.05
1697656	0.05
1698666	0.06499999999999999
1700151	0.05499999999999999
1701543	0.05
1702733	0.045
1703788	0.05
1705056	0.04
1705470	0.03
1706057	0.025
1706637	0.03
1708030	0.05499999999999999
1709671	0.05999999999999999
1710514	0.04
1711175	0.025
1711840	0.04
1712386	0.04
1713520	0.04
1714679	0.03
1715456	0.03
1716585	0.03
1717679	0.025
1718227	0.025
1719047	0.025
1720109	0.03
1720607	0.03
1721143	0.025
1721692	0.04
1723127	0.05999999999999999
1724394	0.05999999999999999
1725184	0.05499999999999999
1725800	0.035
1726322	0.035
1727207	0.03
1728040	0.025
1728670	0.035
1731395	0.035
1733927	0.035
1734842	0.025
1735668	0.025
1736705	0.035
1737500	0.04
1738356	0.045
1739332	0.045
1740516	0.035
1741987	0.03
1742921	0.03
1744143	0.03
1745499	0.035
1746852	0.05999999999999999
1747933	0.09000000000000001
1749129	0.08
1749955	0.05999999999999999
1750679	0.05499999999999999
1751396	0.06499999999999999
1752779	0.075
1754164	0.06499999999999999
1755036	0.03
1756404	0.025
1757539	0.025
1758223	0.025
1759082	0.035
1759913	0.045
1761155	0.05
1762139	0.045
1763265	0.035
1764202	0.03
1765028	0.03
1765427	0.025
1767157	0.035
1769630	0.08
1770793	0.05999999999999999
1771678	0.05
1773144	0.05999999999999999
1774222	0.05499999999999999
1775065	0.04
1776384	0.04
1777771	0.075
1778845	0.10500000000000002
1779492	0.08
1779999	0.085
1780870	0.045
1782039	0.03
1782827	0.045
1783854	0.05999999999999999
1785923	0.05
1787861	0.02
1788958	0.015
1789708	0.015
1790526	0.025
1791663	0.04
1792499	0.04
1793183	0.025
1793833	0.04
1794662	0.045
1795402	0.035
1796750	0.02
1798450	0.015
1799571	0.01
1799900	0.02
1800313	0.025
1801606	0.05999999999999999
1805218	0.05999999999999999
1805704	0.05
1806834	0.03
1807545	0.025
1808226	0.03
1808965	0.035
1809714	0.025
1810506	0.02
1811629	0.045
1812730	0.045
1813552	0.045
1814997	0.04
1816760	0.025
1817824	0.025
1819024	0.025
1819630	0.035
1820535	0.04
1821459	0.025
1822087	0.02
1822871	0.015
1823958	0.01
1824649	0.015
1825382	0.025
1826439	0.025
1827587	0.035
1828995	0.03
1830248	0.02
1831372	0.015
1832831	0.025
1833756	0.045
1834454	0.05499999999999999
1835161	0.05
1835789	0.035
1836656	0.04
1837979	0.035
1839073	0.025
1840120	0.025
1841093	0.02
1841693	0.025
1841999	0.02
1843042	0.05999999999999999
1844351	0.075
1845979	0.10000000000000002
1847486	0.045
1848400	0.025
1849765	0.05999999999999999
1851368	0.05499999999999999
1852207	0.035
1853300	0.03
1854475	0.035
1855481	0.035
1856454	0.045
1857351	0.04
1858311	0.05
1859539	0.035
1860794	0.035
1861838	0.03
1862222	0.005
1863268	0.01
1864292	0.035
1865209	0.035
1866099	0.03
1867875	0.015
1869596	0.02
1871122	0.04
1872786	0.04
1873825	0.03
1874575	0.025
1875164	0.035
1876263	0.02
1877082	0.015
1877405	0.02
1878227	0.03
1879131	0.025
1879494	0.015
1879768	0.04
1880440	0.05499999999999999
1881347	0.035
1882454	0.045
1883918	0.05
1885227	0.04
1886327	0.035
1887421	0.03
1888936	0.005
1890241	0.005
1890919	0.01
1892280	0.01
1893537	0.01
1894282	0.005
1894641	0.005
1895485	0.005
1896459	0.005
1897614	0.01
1899226	0.03
1900807	0.06499999999999999
1902533	0.09000000000000001
1903482	0.05499999999999999
1904320	0.015
1905030	0.025
1905971	0.03
1906655	0.035
1907330	0.02
1908404	0.015
1909044	0.005
1909703	0.015
1910962	0.025
1912135	0.02
1913792	0.005
1915185	0.005
1915906	0.01
1916899	0.03
1918826	0.04
1920939	0.025
1921898	0.01
1922174	0.01
1922641	0.02
1923535	0.02
1924155	0.015
1924782	0.015
1925223	0.02
1925768	0.02
1926451	0.02
1927809	0.05499999999999999
1929377	0.075
1929822	0.05499999999999999
1930212	0.05
1930602	0.025
1931470	0.02
1932435	0.025
1933698	0.025
1935576	0.03
1936554	0.11000000000000004
1937086	0.15000000000000005
1938370	0.1950000000000001
1939707	0.2100000000000001
1940974	0.09000000000000001
1942144	0.015
1943039	0.01
1943806	0.03
1944851	0.045
1945670	0.025
1946552	0.025
1947115	0.025
1947781	0.025
1948434	0.02
1949636	0.03
1951115	0.075
1951804	0.14000000000000004
1952463	0.12500000000000003
1953073	0.10500000000000002
1953927	0.11000000000000004
1955792	0.12000000000000004
1957582	0.12000000000000004
1958893	0.11000000000000004
1959563	0.10500000000000002
1960928	0.11000000000000004
1962216	0.11500000000000005
1962776	0.12000000000000004
1964011	0.15500000000000003
1965617	0.2150000000000001
1966715	0.2150000000000001
1967242	0.19000000000000009
1967976	0.18000000000000008
1968934	0.2100000000000001
1970183	0.2100000000000001
1971860	0.2150000000000001
1973087	0.19000000000000009
1974342	0.19000000000000009
1975792	0.2000000000000001
1976695	0.1950000000000001
1977555	0.19000000000000009
1978022	0.2200000000000001
1979967	0.23000000000000012
1980900	0.2050000000000001
1981987	0.2150000000000001
1983047	0.3350000000000002
1984312	0.3300000000000002
1985633	0.2000000000000001
1987176	0.1950000000000001
1987632	0.1950000000000001
1988383	0.1950000000000001
1988964	0.1950000000000001
1989370	0.1950000000000001
1990286	0.2200000000000001
1991286	0.41500000000000026
1992543	0.6050000000000004
1993790	0.4650000000000003
1995031	0.41000000000000025
1995930	0.41000000000000025
1996471	0.41500000000000026
1997438	0.41500000000000026
1998145	0.42000000000000026
1998987	0.4300000000000002
2000013	0.4350000000000003
2000748	0.42500000000000027
2001429	0.4300000000000002
2002858	0.4350000000000003
2004575	0.4350000000000003
2005508	0.42500000000000027
2005895	0.41500000000000026
2006899	0.41500000000000026
2007883	0.4350000000000003
2008879	0.4350000000000003
2009595	0.4450000000000003
2010155	0.4550000000000003
2010839	0.4750000000000003
2011443	0.5400000000000004
2012176	0.5700000000000004
2012857	0.6250000000000004
2014058	0.5800000000000004
2015377	0.6850000000000005
2016211	0.6750000000000005
2017240	0.8600000000000007
2018167	0.8100000000000006
2018949	0.7800000000000006
2019850	0.7800000000000006
2020589	0.7950000000000006
2021294	0.8400000000000006
2021686	0.7600000000000006
2022237	0.7500000000000006
2022750	0.7500000000000006
2023285	0.7200000000000005
2024279	0.7050000000000005
2024729	0.6900000000000005
2025099	0.6900000000000005
2025918	0.7000000000000005
2027170	0.7000000000000005
2028279	0.6950000000000005
2028907	0.6800000000000005
2029999	0.6800000000000005
2030683	0.7000000000000005
2031608	0.7050000000000005
2032731	0.9350000000000008
2033270	1.169999999999997
2034802	1.0899999999999987
2035048	1.1999999999999964
2036260	1.1099999999999983
2037473	0.8250000000000006
2038543	0.7350000000000005
2039162	0.7250000000000005
2039980	0.7400000000000005
2040800	0.7850000000000006
2041700	0.9800000000000008
2042633	1.0899999999999987
2044049	1.4249999999999916
2044822	1.454999999999991
2048462	1.5199999999999896
2052976	1.644999999999987
2054301	1.4849999999999903
2055788	1.359999999999993
2057216	1.4199999999999915
2058930	1.5749999999999884
2060439	1.5349999999999893
2061474	1.6549999999999867
2062858	1.6299999999999872
2063927	1.4849999999999903
2064850	1.7099999999999855
2065490	2.1949999999999754
2068831	2.44999999999997
2073098	2.769999999999963
2075545	2.7149999999999643
2078037	2.91499999999996
2079196	2.2399999999999745
2080062	1.8499999999999823
2081025	1.8349999999999829
2081964	1.829999999999983
2083469	1.8549999999999824
2084339	1.7649999999999844
2084969	1.7599999999999845
2086383	1.7649999999999844
2087804	1.734999999999985
2088716	1.749999999999985
2089338	1.7449999999999848
2089587	1.739999999999985
2090641	1.739999999999985
2091749	1.729999999999985
2092933	1.729999999999985
2094001	1.729999999999985
2094830	1.729999999999985
2095493	1.729999999999985
2096232	1.9449999999999803
2096919	2.2449999999999743
2097811	2.45499999999997
2099030	2.6699999999999653
2100565	3.829999999999941
2103950	4.30499999999993
2104789	4.949999999999917
2105561	4.829999999999919
2106643	5.314999999999909
2107777	5.939999999999896
2108960	6.569999999999882
2109859	6.5549999999998825
2111526	5.599999999999903
2112518	4.824999999999919
2113880	5.024999999999915
2115199	3.799999999999941
2116517	3.454999999999949
2117764	3.1399999999999553
2119419	3.209999999999954
2120857	3.0849999999999564
2122294	2.5699999999999674
2123802	2.44999999999997
2125134	2.4249999999999705
2125984	2.364999999999972
2126707	2.354999999999972
2127753	2.3399999999999723
2128614	2.349999999999972
2129277	2.2749999999999737
2130269	2.2849999999999735
2131461	2.2799999999999736
2132311	2.309999999999973
2132977	2.114999999999977
2134571	1.5399999999999892
2135876	1.544999999999989
2138693	1.3899999999999924
2140685	1.129999999999998
2141924	1.0599999999999994
2142627	1.0649999999999993
2144924	1.0699999999999992
2147116	1.079999999999999
2148350	1.0499999999999996
2150012	1.074999999999999
2151415	1.0649999999999993
2152051	1.0649999999999993
2152798	1.1049999999999984
2153773	1.035
2154639	1.0599999999999994
2156824	1.0399999999999998
2159924	1.0599999999999994
2162171	1.0399999999999998
2163577	1.0150000000000003
2164637	1.0849999999999989
2165355	1.214999999999996
2166348	1.309999999999994
2167411	1.1549999999999974
2168147	1.0050000000000006
2169161	0.9550000000000008
2172353	1.0499999999999996
2174823	0.9500000000000008
2175690	0.8200000000000006
2176777	0.7050000000000005
2178038	0.6100000000000004
2179459	0.5150000000000003
2180597	0.5200000000000004
2181578	0.5200000000000004
2182408	0.5250000000000004
2183242	0.5250000000000004
2184116	0.5350000000000004
2184907	0.7250000000000005
2185660	0.7300000000000005
2186329	0.5850000000000004
2187129	0.5900000000000004
2187897	0.5850000000000004
2189670	0.6100000000000004
2191263	0.6100000000000004
2191951	0.5700000000000004
2192655	0.5300000000000004
2193613	0.5200000000000004
2195316	0.5200000000000004
2202095	0.5550000000000004
2204130	1.1099999999999983
2205140	1.0949999999999986
2206834	0.5200000000000004
2208535	0.5050000000000003
2210022	0.49500000000000033
2211455	0.4800000000000003
2211961	0.4500000000000003
2212602	0.42500000000000027
2213801	0.5150000000000003
2215231	0.5200000000000004
2215710	0.4350000000000003
2216110	0.4400000000000003
2216944	0.4400000000000003
2217978	0.4350000000000003
2219022	0.4400000000000003
2220825	0.4400000000000003
2223042	0.4350000000000003
2224404	0.4300000000000002
2225337	0.4300000000000002
2226090	0.4400000000000003
2226889	0.4600000000000003
2227918	0.4750000000000003
2229911	0.4800000000000003
2230823	0.3700000000000002
2231366	0.3300000000000002
2232286	0.3300000000000002
2233237	0.3500000000000002
2233719	0.3450000000000002
2234652	0.3450000000000002
2235882	0.3550000000000002
2237248	0.3600000000000002
2238529	0.3500000000000002
2239849	0.3550000000000002
2241148	0.3450000000000002
2242388	0.3350000000000002
2243318	0.3350000000000002
2244328	0.3550000000000002
2245773	0.3300000000000002
2247797	0.30500000000000016
2249177	0.29000000000000015
2250241	0.28500000000000014
2251268	0.29500000000000015
2252244	0.3450000000000002
2254715	0.3350000000000002
2255665	0.3700000000000002
2257898	0.3650000000000002
2258825	0.29500000000000015
2260564	0.28000000000000014
2261896	0.2500000000000001
2262930	0.2550000000000001
2264453	0.27500000000000013
2265168	0.3300000000000002
2265736	0.3350000000000002
2266978	0.24000000000000013
2268322	0.24000000000000013
2269210	0.23000000000000012
2270262	0.22500000000000012
2271504	0.22500000000000012
2273271	0.22500000000000012
2274726	0.23000000000000012
2275785	0.2200000000000001
2277094	0.22500000000000012
2278065	0.2200000000000001
2279165	0.2200000000000001
2280135	0.2150000000000001
2281512	0.2150000000000001
2282659	0.2150000000000001
2283443	0.2150000000000001
2284242	0.22500000000000012
2285256	0.39500000000000024
2290823	0.3350000000000002
2291884	0.075
2292685	0.05
2293932	0.05999999999999999
2295140	0.05999999999999999
2295481	0.05999999999999999
2295951	0.05999999999999999
2296693	0.05499999999999999
2297329	0.05499999999999999
2297958	0.05499999999999999
2298493	0.06499999999999999
2299146	0.05999999999999999
2299912	0.05999999999999999
2301510	0.05499999999999999
2302881	0.05499999999999999
2303250	0.05499999999999999
2303688	0.05499999999999999
2304149	0.05999999999999999
2305931	0.085
2307793	0.08
2309016	0.09000000000000001
2309873	0.10000000000000002
2311006	0.13000000000000003
2312197	0.11500000000000005
2314824	0.11000000000000004
2316502	0.11000000000000004
2318451	0.15500000000000003
2320956	0.14000000000000004
2322558	0.13500000000000004
2323778	0.13000000000000003
2324434	0.14500000000000005
2325417	0.12500000000000003
2326701	0.11000000000000004
2327755	0.11500000000000005
2328972	0.11000000000000004
2330040	0.11000000000000004
2332245	0.11500000000000005
2334647	0.08
2335800	0.02
2338106	0.025
2339928	0.015
2342269	0.015
2346007	0.015
2347949	0.005
2348641	0.02
2349147	0.14500000000000005
2349790	0.28000000000000014
2350473	0.28000000000000014
2351695	0.075
2353461	0.045
2354894	0.005
2356116	0.03
2357908	0.03
2358443	0.11000000000000004
2359507	0.3300000000000002
2360811	0.27000000000000013
2361820	0.18500000000000008
2363032	0.10000000000000002
2364004	0.01
2364766	0.015
2365319	0.025
2366488	0.03
2367555	0.03
2369030	0.015
2370463	0.015
2371734	0.015
2372724	0.015
2373085	0.015
2373405	0.01
2374325	0.01
2375481	0.015
2376390	0.015
2377213	0.015
2378424	0.02
2379995	0.02
2380874	0.015
2381312	0.02
2382066	0.04
2383320	0.06499999999999999
2384858	0.06999999999999999
2386345	0.05999999999999999
2387185	0.06499999999999999
2388068	0.04
2388846	0.04
2389540	0.045
2390776	0.045
2392276	0.025
2394125	0.02
2395194	0.015
2395619	0.015
2396179	0.015
2396953	0.015
2398802	0.015
2400886	0.02
2401802	0.02
2402956	0.015
2404282	0.015
2404850	0.02
2405417	0.025
2406172	0.03
2408169	0.025
2409161	0.01
2410436	0.01
2411764	0.01
2412347	0.01
2412904	0.01
2414071	0.015
2415819	0.02
2417862	0.02
2418905	0.015
2419509	0.015
2420163	0.015
2420944	0.01
2421506	0.015
2422154	0.03
2424122	0.03
2424875	0.02
2425573	0.015
2426397	0.03
2427400	0.04
2428341	0.035
2429479	0.02
2430519	0.015
2431353	0.015
2432308	0.015
2433469	0.015
2434411	0.015
2435230	0.015
2436142	0.015
2437283	0.04
2438447	0.075
2439531	0.085
2440995	0.06999999999999999
2442767	0.06999999999999999
2444030	0.06999999999999999
2444477	0.06499999999999999
2445155	0.05999999999999999
2445972	0.06499999999999999
2446930	0.06499999999999999
2447974	0.06499999999999999
2448881	0.10000000000000002
2449638	0.11000000000000004
2450320	0.095
2450831	0.085
2451328	0.085
2451960	0.13500000000000004
2455364	0.14500000000000005
2456569	0.10500000000000002
2458087	0.085
2459814	0.09000000000000001
2460792	0.085
2461976	0.095
2463541	0.095
2464629	0.12000000000000004
2465767	0.40500000000000025
2468674	0.4800000000000003
2469796	0.5900000000000004
2472249	0.7850000000000006
2472634	0.8850000000000007
2473062	0.9750000000000008
2473785	1.079999999999999
2474444	1.074999999999999
2475252	1.1799999999999968
2475692	1.4749999999999903
2476025	1.4599999999999909
2476410	1.3399999999999934
2477161	1.0699999999999992
2478515	0.9750000000000008
2479866	0.7950000000000006
2481407	0.8150000000000006
2482757	0.6650000000000005
2484062	0.6700000000000005
2486170	0.6850000000000005
2488595	0.6900000000000005
2489714	0.6700000000000005
2491103	0.6350000000000005
2492629	0.6050000000000004
2494084	0.5850000000000004
2494835	0.5750000000000004
2495171	0.5750000000000004
2496105	0.5700000000000004
2497676	0.5700000000000004
2499519	0.5750000000000004
2500750	0.5750000000000004
2501558	0.5950000000000004
2503237	0.5800000000000004
2505028	0.5700000000000004
2506089	0.5750000000000004
2507270	0.5750000000000004
2508079	0.5650000000000004
2508943	0.5700000000000004
2510258	0.5650000000000004
2511164	0.5600000000000004
2512087	0.5750000000000004
2513643	0.5850000000000004
2516737	0.5800000000000004
2518631	0.5800000000000004
2519019	0.5700000000000004
2519964	0.6000000000000004
2522035	0.6150000000000004
2523357	0.6050000000000004
2524461	0.6050000000000004
2525509	0.6150000000000004
2526393	0.6200000000000004
2527445	0.5750000000000004
2528050	0.5650000000000004
2529168	0.5650000000000004
2530740	0.5600000000000004
2531843	0.5550000000000004
2532894	0.5550000000000004
2533892	0.5550000000000004
2534929	0.5550000000000004
2536088	0.5600000000000004
2536811	0.5650000000000004
2537529	0.5750000000000004
2538116	0.5650000000000004
2539127	0.5650000000000004
2540265	0.5550000000000004
2541241	0.5550000000000004
2542095	0.5600000000000004
2543020	0.5650000000000004
2544227	0.5750000000000004
2545180	0.5700000000000004
2546221	0.6150000000000004
2547385	0.6100000000000004
2548754	0.5800000000000004
2550095	0.5600000000000004
2550928	0.5450000000000004
2551501	0.5450000000000004
2551925	0.5450000000000004
2552786	0.5500000000000004
2553674	0.5600000000000004
2554656	0.5700000000000004
2555478	0.5450000000000004
2556070	0.5500000000000004
2556853	0.5350000000000004
2557998	0.7450000000000006
2560634	1.0000000000000009
2561492	1.2549999999999952
2561809	1.0399999999999998
2562319	1.2099999999999962
2562820	1.0949999999999986
2563780	0.8800000000000007
2564176	0.8650000000000007
2564927	0.7500000000000006
2566182	0.6950000000000005
2567494	0.15500000000000003
2568917	0.11000000000000004
2569919	0.10500000000000002
2571049	0.11000000000000004
2571906	0.11000000000000004
2572303	0.10500000000000002
2572997	0.11500000000000005
2573903	0.11500000000000005
2574652	0.10500000000000002
2575217	0.11000000000000004
2575637	0.12500000000000003
2577237	0.12500000000000003
2579141	0.12000000000000004
2580637	0.12000000000000004
2582255	0.11500000000000005
2583190	0.11000000000000004
2584535	0.12000000000000004
2586581	0.17000000000000007
2589151	0.16500000000000006
2591425	0.09000000000000001
2592170	0.05999999999999999
2592862	0.06499999999999999
2593421	0.06999999999999999
2594851	0.12500000000000003
2596305	0.2500000000000001
2597261	0.2450000000000001
2597805	0.11500000000000005
2598348	0.10500000000000002
2599321	0.06999999999999999
2600192	0.06499999999999999
2600713	0.08
2601509	0.11500000000000005
2602827	0.12000000000000004
2604320	0.14000000000000004
2605530	0.12500000000000003
2606587	0.12500000000000003
2607707	0.10000000000000002
2609320	0.10500000000000002
2610436	0.095
2611085	0.095
2611663	0.095
2612906	0.095
2614358	0.10000000000000002
2615350	0.085
2616825	0.06999999999999999
2617757	0.06999999999999999
2618448	0.06499999999999999
2619515	0.06499999999999999
2620559	0.06499999999999999
2621715	0.06499999999999999
2622553	0.06999999999999999
2624077	0.06999999999999999
2625885	0.08
2627816	0.085
2629196	0.08
2629394	0.075
2630052	0.075
2630595	0.11000000000000004
2631746	0.11500000000000005
2633337	0.06499999999999999
2634917	0.16000000000000006
2635706	0.16000000000000006
2636620	0.06499999999999999
2638063	0.02
2638973	0.015
2639938	0.015
2641245	0.015
2642337	0.015
2643706	0.015
2644648	0.025
2646149	0.03
2649806	0.03
2652916	0.03
2654545	0.025
2655716	0.015
2656636	0.015
2656915	0.015
2658010	0.015
2659209	0.015
2659724	0.015
2660096	0.015
2660924	0.015
2661887	0.015
2662953	0.02
2663843	0.025
2664817	0.025
2666075	0.025
2667276	0.05
2668451	0.05
2669712	0.05
2670649	0.045
2671068	0.04
2671631	0.05
2672648	0.05999999999999999
2673557	0.10000000000000002
2674252	0.08
2675230	0.06499999999999999
2676326	0.05499999999999999
2677605	0.11500000000000005
2678875	0.14000000000000004
2681104	0.14500000000000005
2683459	0.13500000000000004
2684880	0.11000000000000004
2686430	0.10500000000000002
2687239	0.10000000000000002
2688136	0.10000000000000002
2689149	0.10500000000000002
2690362	0.09000000000000001
2693599	0.095
2696579	0.09000000000000001
2697605	0.08
2698232	0.085
2699183	0.17500000000000007
2699793	0.2000000000000001
2700808	0.15500000000000003
2701363	0.14000000000000004
2702105	0.14000000000000004
2702933	0.14000000000000004
2703723	0.14000000000000004
2704822	0.14000000000000004
2706224	0.14500000000000005
2707561	0.14500000000000005
2708276	0.14000000000000004
2709079	0.14000000000000004
2709724	0.14000000000000004
2711231	0.14000000000000004
2712395	0.14000000000000004
2713563	0.14500000000000005
2714879	0.15000000000000005
2715716	0.15000000000000005
2716257	0.14500000000000005
2717098	0.14500000000000005
2718009	0.16000000000000006
2718944	0.15500000000000003
2719572	0.17000000000000007
2721283	0.16500000000000006
2723404	0.16000000000000006
2724315	0.15500000000000003
2725097	0.2650000000000001
2732886	0.30000000000000016
2734668	0.2450000000000001
2735521	0.23000000000000012
2736514	0.23000000000000012
2737324	0.2500000000000001
2738325	0.2650000000000001
2739508	0.2650000000000001
2740615	0.27500000000000013
2741544	0.28000000000000014
2742134	0.28000000000000014
2742996	0.3300000000000002
2743866	0.5550000000000004
2744356	0.5950000000000004
2744955	0.5450000000000004
2745644	0.5250000000000004
2746061	0.5250000000000004
2747114	0.5250000000000004
2748320	0.5400000000000004
2749439	0.5500000000000004
2750411	0.5550000000000004
2751270	0.5400000000000004
2752625	0.5250000000000004
2753775	0.5250000000000004
2754153	0.5250000000000004
2754512	0.5250000000000004
2755137	0.7050000000000005
2755616	1.025
2758122	0.9550000000000008
2758750	1.2449999999999954
2759689	1.309999999999994
2762445	1.1949999999999965
2764345	1.129999999999998
2766454	1.124999999999998
2767169	1.1599999999999973
2770053	1.309999999999994
2770563	1.0899999999999987
2771997	0.9950000000000008
2772463	0.9650000000000007
2772936	0.9650000000000007
2774169	0.9800000000000008
2786563	1.0399999999999998
2789473	1.0150000000000003
2790616	0.3200000000000002
2791997	0.30000000000000016
2793375	0.30500000000000016
2794953	0.29500000000000015
2796005	0.28500000000000014
2796561	0.28500000000000014
2796949	0.28500000000000014
2797360	0.2650000000000001
2797782	0.2650000000000001
2798293	0.2600000000000001
2799388	0.2600000000000001
2799822	0.2600000000000001
2800310	0.2650000000000001
2800845	0.2650000000000001
2801170	0.2650000000000001
2802420	0.27000000000000013
2803981	0.27000000000000013
2805416	0.2650000000000001
2806542	0.2650000000000001
2807628	0.28000000000000014
2808449	0.27500000000000013
2809034	0.30500000000000016
2809985	0.29000000000000015
2810511	0.29500000000000015
2811035	0.30500000000000016
2812013	0.27000000000000013
2813385	0.30500000000000016
2814475	0.27500000000000013
2815661	0.2200000000000001
2816726	0.23000000000000012
2817220	0.2200000000000001
2819053	0.2150000000000001
2820696	0.2100000000000001
2822389	0.22500000000000012
2823238	0.23000000000000012
2824097	0.2500000000000001
2825086	0.2500000000000001
2826113	0.2450000000000001
2826871	0.23500000000000013
2827547	0.23500000000000013
2828126	0.23500000000000013
2828800	0.23000000000000012
2829433	0.23500000000000013
2830295	0.2450000000000001
2831532	0.23000000000000012
2833195	0.23500000000000013
2834478	0.2550000000000001
2836299	0.27000000000000013
2837841	0.3250000000000002
2838760	0.29500000000000015
2840252	0.28500000000000014
2841702	0.3250000000000002
2842808	0.3250000000000002
2843241	0.24000000000000013
2843826	0.2150000000000001
2844481	0.2150000000000001
2845616	0.2150000000000001
2846950	0.2150000000000001
2848328	0.2200000000000001
2849543	0.2200000000000001
2850204	0.2150000000000001
2850822	0.2150000000000001
2851437	0.2150000000000001
2852000	0.2150000000000001
2852696	0.2150000000000001
2853759	0.24000000000000013
2855377	0.2550000000000001
2856629	0.31000000000000016
2856950	0.27000000000000013
2858373	0.31500000000000017
2860088	0.29000000000000015
2860850	0.23500000000000013
2861884	0.2050000000000001
2862918	0.2100000000000001
2863912	0.2050000000000001
2864624	0.2500000000000001
2865783	0.5550000000000004
2867055	0.5300000000000004
2868183	0.3350000000000002
2869206	0.045
2869893	0.04
2870779	0.04
2871540	0.045
2872135	0.045
2872664	0.04
2873175	0.04
2873689	0.04
2874705	0.04
2875875	0.045
2877099	0.09000000000000001
2878711	0.085
2879313	0.10500000000000002
2880087	0.10000000000000002
2880711	0.13500000000000004
2881596	0.16500000000000006
2882396	0.14000000000000004
2883384	0.14500000000000005
2885886	0.17500000000000007
2887945	0.12500000000000003
2889243	0.05
2890998	0.03
2892396	0.05499999999999999
2893292	0.05999999999999999
2894049	0.05999999999999999
2894483	0.06499999999999999
2895349	0.075
2896165	0.06999999999999999
2897237	0.06499999999999999
2898691	0.06499999999999999
2899880	0.075
2901230	0.14000000000000004
2902635	0.2550000000000001
2905082	0.3350000000000002
2905627	0.2200000000000001
2906147	0.27000000000000013
2907292	0.24000000000000013
2908847	0.16000000000000006
2910289	0.17000000000000007
2910923	0.17500000000000007
2911215	0.18500000000000008
2912534	0.2150000000000001
2914349	0.2000000000000001
2916435	0.1950000000000001
2918715	0.18500000000000008
2920076	0.1950000000000001
2921424	0.18000000000000008
2922759	0.15500000000000003
2923393	0.16000000000000006
2923948	0.16000000000000006
2925007	0.15500000000000003
2925772	0.15500000000000003
2926990	0.16000000000000006
2928873	0.16000000000000006
2930259	0.16500000000000006
2931432	0.16500000000000006
2932439	0.16000000000000006
2933364	0.2000000000000001
2934893	0.16500000000000006
2936471	0.18000000000000008
2938177	0.06999999999999999
2939099	0.06999999999999999
2939733	0.075
2940693	0.075
2941433	0.06999999999999999
2942108	0.06999999999999999
2943031	0.08
2943939	0.08
2944763	0.06999999999999999
2945439	0.075
2946629	0.3500000000000002
2948383	0.3700000000000002
2949907	0.13000000000000003
2951548	0.05499999999999999
2954232	0.05999999999999999
2957440	0.05999999999999999
2960744	0.05499999999999999
2962602	0.05499999999999999
2962952	0.05999999999999999
2963434	0.05999999999999999
2963942	0.05999999999999999
2964758	0.05999999999999999
2965599	0.05999999999999999
2967311	0.05499999999999999
2968712	0.05499999999999999
2969403	0.05499999999999999
2970006	0.05499999999999999
2970776	0.05499999999999999
2971380	0.05999999999999999
2972117	0.05999999999999999
2973265	0.075
2974934	0.075
2977114	0.075
2978268	0.10500000000000002
2979488	0.11000000000000004
2980289	0.05999999999999999
2981473	0.06499999999999999
2982877	0.06499999999999999
2983706	0.05999999999999999
2985001	0.06999999999999999
2986461	0.10000000000000002
2987852	0.3350000000000002
2988315	0.4600000000000003
2988906	0.8800000000000007
2989545	1.2349999999999957
2989889	1.2299999999999958
2990147	1.264999999999995
2990777	1.269999999999995
2991513	1.2749999999999948
2992782	1.3799999999999926
2993747	1.824999999999983
2994228	1.9499999999999804
2994681	2.069999999999978
2995014	2.1999999999999753
2995529	2.819999999999962
2995884	2.91999999999996
2998431	3.0249999999999577
2999513	2.1499999999999764
3001454	0.075
3003053	0.06499999999999999
3003728	0.04
3004897	0.05
3006858	0.05
3008108	0.05499999999999999
3009369	0.05
3010720	0.045
3011927	0.05
3013426	0.05499999999999999
3014672	0.045
3015449	0.045
3017609	0.05499999999999999
3019825	0.05
3020929	0.05
3022751	0.05
3025051	0.05999999999999999
3026427	0.06499999999999999
3027804	0.05999999999999999
3028768	0.05499999999999999
3029971	0.06499999999999999
3032091	0.06999999999999999
3032879	0.06499999999999999
3033339	0.05499999999999999
3034415	0.05
3035624	0.05
3037239	0.05
3038467	0.05
3039295	0.045
3040115	0.045
3040619	0.045
3040937	0.045
3041803	0.045
3042818	0.045
3043467	0.045
3044384	0.05499999999999999
3045529	0.05999999999999999
3047604	0.05999999999999999
3049354	0.05
3050120	0.05
3051716	0.05
3052929	0.05
3054177	0.045
3055155	0.045
3055776	0.05499999999999999
3056488	0.05499999999999999
3057794	0.05
3058995	0.06499999999999999
3059496	0.11500000000000005
3060199	0.2000000000000001
3061922	0.16500000000000006
3063484	0.11500000000000005
3064385	0.11000000000000004
3065541	0.11500000000000005
3066725	0.10500000000000002
3067710	0.06999999999999999
3068490	0.08
3069377	0.06999999999999999
3070704	0.045
3072040	0.06999999999999999
3073181	0.12500000000000003
3074332	0.13500000000000004
3074940	0.09000000000000001
3075699	0.05999999999999999
3076817	0.14000000000000004
3078165	0.15000000000000005
3079108	0.14500000000000005
3080639	0.15000000000000005
3082292	0.2450000000000001
3083337	0.2500000000000001
3084923	0.16000000000000006
3086524	0.14000000000000004
3087283	0.16000000000000006
3088981	0.15500000000000003
3090024	0.15000000000000005
3090700	0.11500000000000005
3091499	0.11500000000000005
3092353	0.11500000000000005
3093182	0.11500000000000005
3093708	0.12000000000000004
3094590	0.12000000000000004
3095450	0.12000000000000004
3096103	0.11500000000000005
3096528	0.11500000000000005
3096977	0.11000000000000004
3097835	0.19000000000000009
3099061	0.2650000000000001
3100205	0.23500000000000013
3101263	0.23000000000000012
3101970	0.2200000000000001
3102492	0.2200000000000001
3103539	0.2200000000000001
3104230	0.2200000000000001
3104972	0.22500000000000012
3106342	0.2450000000000001
3108087	0.29000000000000015
3109906	0.4400000000000003
3110858	0.7100000000000005
3111549	0.6900000000000005
3112481	0.7150000000000005
3113272	0.5750000000000004
3113947	0.5700000000000004
3116831	0.5800000000000004
3120438	0.4850000000000003
3122719	0.39500000000000024
3124029	0.3550000000000002
3124847	0.30000000000000016
3125996	0.30500000000000016
3127271	0.30500000000000016
3128654	0.7950000000000006
3129611	1.404999999999992
3131874	1.4199999999999915
3132833	0.5900000000000004
3133593	0.5700000000000004
3134477	0.5600000000000004
3135621	0.5450000000000004
3137592	0.5300000000000004
3139160	0.2150000000000001
3139840	0.2150000000000001
3140147	0.2150000000000001
3140555	0.2200000000000001
3141039	0.23000000000000012
3142137	0.23000000000000012
3143575	0.22500000000000012
3144647	0.22500000000000012
3145702	0.23000000000000012
3146593	0.2500000000000001
3147668	0.2550000000000001
3148417	0.27000000000000013
3149224	0.2450000000000001
3150104	0.2200000000000001
3151030	0.2100000000000001
3151617	0.2000000000000001
3152829	0.2050000000000001
3153892	0.2050000000000001
3154740	0.2050000000000001
3155936	0.2150000000000001
3157036	0.23000000000000012
3158113	0.22500000000000012
3158755	0.23500000000000013
3160036	0.3700000000000002
3161963	0.40000000000000024
3163112	0.2050000000000001
3164844	0.18500000000000008
3166914	0.2050000000000001
3168048	0.2000000000000001
3168396	0.2100000000000001
3168990	0.2500000000000001
3169480	0.18500000000000008
3170157	0.17500000000000007
3171158	0.23500000000000013
3172820	0.28000000000000014
3173299	0.3600000000000002
3174450	0.3450000000000002
3175715	0.18000000000000008
3176419	0.14000000000000004
3177069	0.13500000000000004
3177595	0.14000000000000004
3178855	0.13500000000000004
3180079	0.18500000000000008
3181001	0.2600000000000001
3182026	0.2200000000000001
3182936	0.16000000000000006
3183466	0.1950000000000001
3184139	0.2100000000000001
3184985	0.28000000000000014
3190255	0.28000000000000014
3191164	0.17500000000000007
3191839	0.16000000000000006
3192522	0.13000000000000003
3193694	0.13500000000000004
3196036	0.13000000000000003
3198221	0.12500000000000003
3200314	0.12500000000000003
3201517	0.11500000000000005
3202510	0.11500000000000005
3203720	0.11500000000000005
3204405	0.11500000000000005
3205002	0.12500000000000003
3205790	0.13500000000000004
3206918	0.13500000000000004
3207673	0.14000000000000004
3208755	0.13500000000000004
3210036	0.13000000000000003
3210888	0.12500000000000003
3211979	0.12500000000000003
3213967	0.12500000000000003
3215220	0.2000000000000001
3216109	0.15000000000000005
3217090	0.095
3218316	0.085
3220128	0.085
3221081	0.08
3221957	0.08
3224179	0.09000000000000001
3225946	0.09000000000000001
3226950	0.085
3228336	0.09000000000000001
3230063	0.095
3232674	0.12500000000000003
3233936	0.10000000000000002
3234298	0.10500000000000002
3235307	0.095
3236211	0.08
3236886	0.075
3237804	0.06999999999999999
3239062	0.075
3240566	0.075
3241468	0.06999999999999999
3242570	0.06499999999999999
3244035	0.09000000000000001
3245873	0.3250000000000002
3247040	0.3400000000000002
3248104	0.10000000000000002
3248630	0.05
3249153	0.05
3249527	0.05
3249885	0.05
3250226	0.05
3250713	0.05
3251517	0.05999999999999999
3252486	0.075
3253089	0.05499999999999999
3253766	0.05999999999999999
3254669	0.05
3255125	0.05
3255996	0.05499999999999999
3257344	0.075
3258967	0.075
3259915	0.05
3261271	0.05
3263056	0.05
3264351	0.04
3265533	0.075
3266596	0.10000000000000002
3268123	0.11000000000000004
3269008	0.10500000000000002
3271197	0.08
3272312	0.035
3273172	0.04
3274240	0.05
3276067	0.12000000000000004
3277169	0.16000000000000006
3277569	0.14000000000000004
3278260	0.14000000000000004
3279554	0.12500000000000003
3280453	0.14500000000000005
3280901	0.27500000000000013
3281397	0.2600000000000001
3282553	0.1950000000000001
3283573	0.18500000000000008
3284408	0.14500000000000005
3285086	0.15000000000000005
3285873	0.14000000000000004
3286674	0.17000000000000007
3287718	0.18500000000000008
3288437	0.19000000000000009
3290072	0.18000000000000008
3291886	0.16000000000000006
3292905	0.14000000000000004
3294418	0.05499999999999999
3295591	0.05499999999999999
3296104	0.05
3296696	0.05499999999999999
3297618	0.05999999999999999
3298528	0.06499999999999999
3299233	0.05999999999999999
3299693	0.05999999999999999
3300117	0.05
3300506	0.05
3301014	0.05
3301982	0.05
3302928	0.05
3303951	0.05999999999999999
3305195	0.05499999999999999
3306915	0.04
3308482	0.04
3310100	0.04
3311549	0.04
3312305	0.04
3312977	0.045
3314678	0.045
3316782	0.045
3317780	0.05
3319308	0.06499999999999999
3320746	0.06499999999999999
3322339	0.05999999999999999
3323401	0.04
3324487	0.045
3325972	0.05
3327349	0.045
3327936	0.04
3328477	0.045
3329679	0.045
3331168	0.04
3332252	0.04
3332990	0.04
3333295	0.04
3334195	0.04
3335048	0.04
3335864	0.045
3336683	0.045
3337109	0.04
3337573	0.04
3338185	0.04
3338857	0.04
3339660	0.04
3340763	0.04
3341759	0.04
3342556	0.04
3343123	0.04
3343658	0.04
3344306	0.04
3345433	0.04
3346316	0.04
3346823	0.04
3347542	0.04
3348102	0.04
3348768	0.05
3349445	0.05
3350132	0.05999999999999999
3351857	0.05999999999999999
3353585	0.06499999999999999
3356908	0.05999999999999999
3359907	0.075
3361558	0.08
3362449	0.095
3363997	0.10000000000000002
3367284	0.10500000000000002
3368390	0.09000000000000001
3369246	0.05999999999999999
3369912	0.04
3370691	0.04
3371829	0.05999999999999999
3373129	0.05499999999999999
3374093	0.06999999999999999
3375552	0.035
3376527	0.03
3377101	0.005
3378011	0.005
3378437	0
3379433	0
3380390	0.005
3381426	0.01
3382733	0.01
3383799	0.005
3384938	0
3385669	0
3385993	0
3387204	0
3388660	0
3389235	0.02
3389984	0.025
3391305	0.015
3394358	0.005
3397060	0.01
3398081	0.005
3398631	0
3399426	0
3400565	0
3402362	0.01
3403971	0.03
3405671	0.12000000000000004
3406591	0.2450000000000001
3407496	0.2200000000000001
3408332	0.025
3409510	0.005
3410762	0.01
3411419	0.015
3412095	0.03
3412710	0.02
3413134	0.04
3414442	0.12500000000000003
3418139	0.11000000000000004
3418500	0.08
3419160	0.035
3419670	0.045
3420724	0.025
3421876	0.02
3422815	0.06499999999999999
3429513	0.095
3429894	0.05999999999999999
3430429	0.05499999999999999
3431129	0.05499999999999999
3431691	0.04
3432227	0.05499999999999999
3432998	0.05999999999999999
3433944	0.05
3434687	0.05
3435851	0.05999999999999999
3437206	0.05499999999999999
3438229	0.035
3438540	0.02
3438917	0.02
3439325	0.015
3439807	0.015
3440534	0.01
3441365	0.01
3441903	0.01
3442293	0.015
3442676	0.015
3443431	0.015
3444322	0.01
3444632	0.01
3444977	0.01
3445420	0.01
3445873	0.01
3446349	0.01
3446731	0.01
3447168	0.015
3447610	0.015
3447963	0.01
3448441	0.01
3448663	0.01
3448964	0.01
3449532	0.01
3450067	0.01
3450387	0.01
3450953	0.01
3451533	0.01
3451983	0.01
3452611	0.01
3453114	0.025
3453717	0.05
3454663	0.06499999999999999
3455985	0.09000000000000001
3457353	0.08
3459079	0.10000000000000002
3460415	0.11000000000000004
3461241	0.12000000000000004
3461722	0.075
3462162	0.03
3462637	0.035
3463415	0.04
3464503	0.04
3465312	0.04
3465881	0.025
3466487	0.01
3466894	0.035
3468506	0.06499999999999999
3472457	0.06499999999999999
3473811	0
3474365	0
3474821	0
3475152	0
3475525	0
3476079	0.005
3477013	0.005
3477749	0.005
3478202	0
3478692	0.01
3479704	0.015
3480882	0.015
3482245	0.015
3483713	0.005
3484327	0
3484924	0
3485616	0
3486436	0
3487848	0.005
3489570	0.01
3490547	0.005
3491162	0.01
3491536	0.005
3492011	0.005
3493158	0
3495282	0
3496714	0
3497406	0
3498514	0.005
3499531	0.025
3500578	0.025
3501779	0.025
3502755	0.03
3503559	0.025
3504417	0.035
3505477	0.03
3506684	0.025
3507524	0.03
3508151	0.025
3509200	0.025
3510394	0.02
3511241	0.015
3511891	0.01
3513136	0.01
3514010	0.005
3514720	0.015
3515495	0.015
3516663	0.03
3517942	0.015
3518803	0.005
3520069	0
3520817	0.005
3521229	0.01
3521702	0.02
3522361	0.015
3524147	0.01
3525869	0.005
3527536	0.005
3529003	0.005
3529548	0
3530213	0
3531577	0.01
3533629	0.05999999999999999
3535192	0.05499999999999999
3536224	0.005
3537050	0.005
3538545	0.01
3540276	0.01
3541567	0.015
3542846	0.025
3544459	0.025
3545223	0.005
3545911	0.005
3547217	0.005
3549028	0
3551276	0.01
3554437	0.05
3556341	0.09000000000000001
3557466	0.10000000000000002
3559067	0.09000000000000001
3560101	0.08
3561037	0.075
3561660	0.09000000000000001
3562765	0.19000000000000009
3563864	0.31500000000000017
3565357	0.30500000000000016
3567316	0.15500000000000003
3568680	0.06999999999999999
3570332	0.075
3572409	0.075
3574326	0.08
3575367	0.11500000000000005
3576391	0.13000000000000003
3577328	0.095
3578228	0.08
3579297	0.085
3580286	0.095
3581382	0.13000000000000003
3582452	0.17000000000000007
3583246	0.17500000000000007
3584481	0.16000000000000006
3584901	0.15000000000000005
3585952	0.14000000000000004
3587163	0.11000000000000004
3587741	0.11000000000000004
3588645	0.11500000000000005
3589604	0.11000000000000004
3590467	0.11000000000000004
3591667	0.15500000000000003
3593080	0.17000000000000007
3593822	0.13000000000000003
3594841	0.12000000000000004
3595940	0.12000000000000004
3597005	0.12500000000000003
3598175	0.18000000000000008
3599106	0.23000000000000012
3600356	0.17000000000000007
3601557	0.11500000000000005
3602413	0.06499999999999999
3603496	0.06499999999999999
3604691	0.06499999999999999
3605113	0.06499999999999999
3605430	0.06499999999999999
3606064	0.06999999999999999
3607550	0.075
3608873	0.075
3609549	0.06999999999999999
3610233	0.085
3611141	0.085
3612389	0.08
3613262	0.06999999999999999
3614454	0.19000000000000009
3615713	0.18500000000000008
3616598	0.18000000000000008
3617397	0.18000000000000008
3618179	0.23000000000000012
3618788	0.4500000000000003
3623590	0.41500000000000026
3626241	0.4600000000000003
3628170	0.14000000000000004
3630068	0.15000000000000005
3631779	0.15500000000000003
3633037	0.15000000000000005
3633839	0.15000000000000005
3635367	0.40500000000000025
3636809	0.41000000000000025
3638391	0.12000000000000004
3639552	0.03
3640328	0.035
3641596	0.05499999999999999
3642756	0.04
3644161	0.02
3645806	0.025
3646975	0.025
3647902	0.045
3648704	0.045
3649579	0.05
3650449	0.08
3651682	0.11500000000000005
3654244	0.15000000000000005
3654948	0.15500000000000003
3655542	0.11500000000000005
3656135	0.05499999999999999
3656574	0.03
3657281	0.035
3658629	0.045
3659033	0.045
3659810	0.05
3661970	0.05499999999999999
3664254	0.06499999999999999
3665398	0.06499999999999999
3668489	0.075
3670416	0.06999999999999999
3671593	0.05
3672827	0.035
3673868	0.03
3675447	0.035
3677320	0.035
3678803	0.035
3679883	0.05499999999999999
3681192	0.05499999999999999
3682804	0.035
3684604	0.045
3687436	0.06499999999999999
3689708	0.06499999999999999
3691419	0.08
3693927	0.11000000000000004
3695597	0.15500000000000003
3696091	0.15500000000000003
3697249	0.15000000000000005
3698121	0.13500000000000004
3699053	0.14000000000000004
3700033	0.10500000000000002
3701198	0.11000000000000004
3702366	0.05499999999999999
3703356	0.035
3704310	0.04
3705280	0.05499999999999999
3706901	0.12500000000000003
3709629	0.14500000000000005
3711403	0.11500000000000005
3712585	0.05999999999999999
3713373	0.04
3713872	0.04
3715227	0.04
3716876	0.045
3717797	0.045
3718689	0.04
3719623	0.035
3720155	0.045
3720524	0.085
3720940	0.13500000000000004
3723362	0.12000000000000004
3724862	0.09000000000000001
3725562	0.09000000000000001
3726384	0.10000000000000002
3727142	0.11000000000000004
3727577	0.12000000000000004
3728644	0.12500000000000003
3730104	0.14500000000000005
3731627	0.12000000000000004
3732971	0.10500000000000002
3734310	0.10000000000000002
3735568	0.095
3736765	0.095
3738512	0.085
3740331	0.08
3741345	0.16500000000000006
3742108	0.17000000000000007
3743232	0.18000000000000008
3743976	0.23500000000000013
3744564	0.30000000000000016
3745442	0.27000000000000013
3746587	0.27000000000000013
3747832	0.2600000000000001
3748908	0.2450000000000001
3749662	0.24000000000000013
3750433	0.3700000000000002
3751498	0.4300000000000002
3752479	0.3800000000000002
3754266	0.3450000000000002
3754648	0.3650000000000002
3755742	0.4900000000000003
3757251	0.2500000000000001
3758939	0.2050000000000001
3760553	0.18000000000000008
3761651	0.4500000000000003
3768407	0.5550000000000004
3771563	0.5400000000000004
3773237	0.18500000000000008
3774998	0.10500000000000002
3775865	0.10500000000000002
3776275	0.2150000000000001
3776846	0.5100000000000003
3778226	0.5100000000000003
3779442	0.18000000000000008
3780422	0.10000000000000002
3781451	0.10000000000000002
3782151	0.10500000000000002
3783151	0.10500000000000002
3783894	0.10000000000000002
3784316	0.10000000000000002
3784799	0.10000000000000002
3786032	0.10000000000000002
3787467	0.10000000000000002
3788580	0.10500000000000002
3789564	0.10500000000000002
3790832	0.10000000000000002
3791953	0.11500000000000005
3793262	0.11500000000000005
3794453	0.11000000000000004
3795452	0.11000000000000004
3796458	0.16500000000000006
3797577	0.2050000000000001
3798775	0.2100000000000001
3799770	0.23500000000000013
3800616	0.28500000000000014
3801491	0.30500000000000016
3802548	0.28500000000000014
3803597	0.3400000000000002
3804648	0.27000000000000013
3805551	0.2000000000000001
3806505	0.16000000000000006
3807599	0.16000000000000006
3809178	0.16000000000000006
3810064	0.15500000000000003
3810747	0.16000000000000006
3811333	0.16000000000000006
3811556	0.15500000000000003
3812225	0.16000000000000006
3813341	0.16500000000000006
3814158	0.16000000000000006
3814792	0.19000000000000009
3815447	0.2000000000000001
3816206	0.1950000000000001
3817107	0.3300000000000002
3818172	0.3550000000000002
3819182	0.30500000000000016
3820329	0.24000000000000013
3821739	0.23500000000000013
3822243	0.2200000000000001
3823454	0.2200000000000001
3824859	0.22500000000000012
3826250	0.23500000000000013
3828062	0.2450000000000001
3829640	0.2550000000000001
3831311	0.29500000000000015
3833378	0.28000000000000014
3835238	0.38500000000000023
3837545	0.3750000000000002
3838709	0.2450000000000001
3839584	0.13000000000000003
3840361	0.22500000000000012
3841168	0.24000000000000013
3842176	0.2450000000000001
3843122	0.2100000000000001
3844847	0.17000000000000007
3846471	0.15500000000000003
3847964	0.14000000000000004
3849385	0.15000000000000005
3850431	0.29500000000000015
3850947	0.30000000000000016
3851940	0.18500000000000008
3853597	0.19000000000000009
3854514	0.19000000000000009
3855362	0.15500000000000003
3855789	0.16000000000000006
3856133	0.2200000000000001
3856639	0.23500000000000013
3857657	0.28500000000000014
3859258	0.24000000000000013
3860729	0.23500000000000013
3861261	0.2150000000000001
3861668	0.22500000000000012
3865442	0.19000000000000009
3866683	0.13000000000000003
3867215	0.12000000000000004
3867930	0.12000000000000004
3868669	0.12500000000000003
3869909	0.14000000000000004
3871084	0.2150000000000001
3872424	0.1950000000000001
3873303	0.17000000000000007
3874035	0.16000000000000006
3874815	0.16000000000000006
3875766	0.11500000000000005
3876546	0.10000000000000002
3877266	0.10000000000000002
3878912	0.10500000000000002
3880684	0.10000000000000002
3881771	0.10000000000000002
3883027	0.095
3884406	0.095
3884689	0.09000000000000001
3885899	0.09000000000000001
3887510	0.11000000000000004
3889437	0.12000000000000004
3890859	0.10500000000000002
3892202	0.10000000000000002
3893244	0.095
3894255	0.09000000000000001
3894935	0.09000000000000001
3895940	0.10000000000000002
3897106	0.29000000000000015
3897739	0.31500000000000017
3898315	0.31000000000000016
3899032	0.3200000000000002
3899992	0.38500000000000023
3901412	0.4450000000000003
3902995	0.3250000000000002
3904658	0.27500000000000013
3906149	0.27000000000000013
3907215	0.2600000000000001
3907979	0.035
3908994	0.035
3909918	0.05499999999999999
3911005	0.31500000000000017
3912753	0.3200000000000002
3914515	0.06999999999999999
3915762	0.035
3916684	0.03
3917833	0.02
3919086	0.02
3920136	0.015
3920653	0.015
3921069	0.015
3921643	0.02
3922250	0.025
3923368	0.02
3924688	0.015
3926233	0.015
3926774	0.02
3927651	0.03
3928877	0.03
3930345	0.045
3932250	0.06499999999999999
3933560	0.05499999999999999
3934530	0.05
3935770	0.06499999999999999
3936723	0.09000000000000001
3937758	0.10000000000000002
3938723	0.095
3939898	0.045
3940981	0.035
3947547	0.05
3948255	0.075
3949209	0.11500000000000005
3951051	0.08
3951936	0.05
3952332	0.045
3952948	0.015
3954403	0.015
3956103	0.01
3957373	0.01
3958707	0.01
3959672	0.02
3960351	0.03
3961687	0.03
3963487	0.015
3964997	0.01
3965925	0.01
3967046	0.02
3967795	0.02
3968467	0.025
3969554	0.015
3970698	0.015
3971891	0.025
3973055	0.03
3974804	0.03
3975711	0.02
3976903	0.02
3978064	0.015
3979277	0.01
3980326	0.015
3981579	0.02
3983575	0.035
3985179	0.05499999999999999
3987284	0.05
3988475	0.025
3989458	0.015
3990306	0.02
3992426	0.09000000000000001
3993899	0.4450000000000003
3994623	0.40000000000000024
3995174	0.045
3995936	0.02
3996735	0.02
3997541	0.015
3999064	0.045
4000674	0.30500000000000016
4001901	0.7850000000000006
4002609	0.8050000000000006
4003003	0.6550000000000005
4003733	0.7400000000000005
4004463	0.13500000000000004
4005296	0.01
4006775	0.02
4008067	0.03
4008749	0.035
4009681	0.03
4010600	0.025
4011525	0.025
4012339	0.05999999999999999
4014183	0.2500000000000001
4015761	0.3700000000000002
4016811	0.4850000000000003
4018046	0.38500000000000023
4019232	0.075
4019926	0.015
4021046	0.015
4022079	0.01
4022475	0.015
4023124	0.035
4023945	0.035
4024577	0.025
4025734	0.015
4026877	0.015
4028190	0.02
4029876	0.025
4031826	0.025
4032799	0.03
4033870	0.025
4034880	0.03
4041169	0.015
4041707	0.015
4042203	0.015
4042908	0.015
4043731	0.035
4044914	0.045
4046136	0.04
4046814	0.03
4048359	0.025
4050449	0.02
4051601	0.015
4052731	0.015
4053702	0.01
4054573	0.045
4055814	0.06499999999999999
4057329	0.05
4059318	0.06499999999999999
4060802	0.06499999999999999
4061655	0.13000000000000003
4062879	0.4850000000000003
4063949	0.4400000000000003
4068258	0.38500000000000023
4069938	0.3550000000000002
4071135	0.3650000000000002
4072212	0.41000000000000025
4073123	0.31500000000000017
4074187	0.29500000000000015
4075061	0.28500000000000014
4075852	0.27500000000000013
4076582	0.11500000000000005
4077233	0.06999999999999999
4077967	0.6400000000000005
4078902	0.8000000000000006
4079400	1.0150000000000003
4079848	0.42500000000000027
4080060	0.2550000000000001
4080763	0.2550000000000001
4081542	0.05499999999999999
4082308	0.05
4083979	0.05
4085528	0.05999999999999999
4086432	0.16500000000000006
4087529	0.23000000000000012
4088981	0.2100000000000001
4090390	0.2150000000000001
4091640	0.28000000000000014
4092600	0.3600000000000002
4093281	0.27500000000000013
4093860	0.13000000000000003
4095352	0.10500000000000002
4096713	0.10500000000000002
4098154	0.095
4099025	0.10500000000000002
4100008	0.11500000000000005
4101120	0.09000000000000001
4102181	0.06999999999999999
4103159	0.06999999999999999
4104288	0.05499999999999999
4105321	0.045
4106070	0.12000000000000004
4106920	0.14000000000000004
4107369	0.05
4108033	0.05
4109328	0.045
4110307	0.045
4111123	0.04
4111914	0.04
4112535	0.04
4113116	0.04
4113507	0.04
4114099	0.04
4115074	0.04
4116468	0.045
4117667	0.085
4118640	0.12500000000000003
4119087	0.095
4119886	0.05499999999999999
4121081	0.05
4122022	0.045
4122807	0.04
4123943	0.05499999999999999
4125711	0.06499999999999999
4127119	0.17500000000000007
4127590	0.2450000000000001
4128236	0.17000000000000007
4129252	0.11000000000000004
4131051	0.5150000000000003
4133061	0.5500000000000004
4134925	0.13000000000000003
4136560	0.10500000000000002
4137348	0.05499999999999999
4138483	0.05999999999999999
4139377	0.06499999999999999
4140970	0.075
4143069	0.06499999999999999
4143784	0.06999999999999999
4145143	0.09000000000000001
4146697	0.08
4147308	0.05499999999999999
4147891	0.05
4149398	0.05
4151772	0.045
4154271	0.05
4155503	0.05
4156401	0.045
4157536	0.05499999999999999
4158948	0.06999999999999999
4160090	0.095
4161419	0.09000000000000001
4161950	0.05499999999999999
4162720	0.05999999999999999
4164561	0.05999999999999999
4165856	0.09000000000000001
4172571	0.10000000000000002
4173564	0.06499999999999999
4174539	0.08
4177549	0.08
4178015	0.06499999999999999
4178661	0.06499999999999999
4179231	0.06499999999999999
4180244	0.06499999999999999
4180742	0.06999999999999999
4183259	0.06999999999999999
4187461	0.085
4190055	0.08
4191301	0.08
4192250	0.075
4192737	0.075
4193198	0.06999999999999999
4193886	0.06499999999999999
4195151	0.06499999999999999
4196570	0.06499999999999999
4197289	0.06999999999999999
4198248	0.06999999999999999
4199125	0.08
4199799	0.075
4200417	0.06999999999999999
4200943	0.06999999999999999
4201475	0.09000000000000001
4202624	0.13500000000000004
4203982	0.13000000000000003
4205286	0.08
4206737	0.13500000000000004
4213425	0.12500000000000003
4213901	0.12500000000000003
4214744	0.075
4216278	0.05
4217761	0.04
4219464	0.05
4221394	0.045
4223216	0.085
4225669	0.10000000000000002
4228546	0.15000000000000005
4229797	0.4300000000000002
4230790	0.4350000000000003
4231495	0.5450000000000004
4232558	0.4900000000000003
4234582	0.18500000000000008
4236027	0.04
4236581	0.04
4237265	0.04
4238682	0.05999999999999999
4240530	0.06999999999999999
4241516	0.05
4243071	0.045
4244303	0.025
4245824	0.035
4246559	0.045
4247341	0.05
4248641	0.03
4250014	0.05
4250525	0.05999999999999999
4250800	0.06499999999999999
4251619	0.05999999999999999
4252754	0.05
4253452	0.035
4255254	0.035
4256821	0.035
4257419	0.03
4258458	0.03
4259341	0.03
4259745	0.075
4260448	0.085
4260952	0.13000000000000003
4262187	0.13000000000000003
4262961	0.095
4263739	0.2600000000000001
4265021	0.3450000000000002
4266321	0.30000000000000016
4267710	0.39000000000000024
4268910	0.3600000000000002
4269770	0.4450000000000003
4270446	0.1950000000000001
4270836	0.12000000000000004
4272460	0.05499999999999999
4274393	0.075
4274900	0.08
4276264	0.075
4277221	0.085
4277701	0.085
4279153	0.085
4280804	0.11500000000000005
4282429	0.11000000000000004
4284077	0.11500000000000005
4285056	0.09000000000000001
4286392	0.08
4288482	0.075
4289528	0.06999999999999999
4290143	0.05999999999999999
4290954	0.06499999999999999
4292359	0.06499999999999999
4293354	0.05999999999999999
4293841	0.05999999999999999
4295137	0.06999999999999999
4296780	0.10500000000000002
4298058	0.12000000000000004
4299156	0.09000000000000001
4300297	0.085
4302052	0.095
4303593	0.09000000000000001
4304265	0.09000000000000001
4305604	0.17500000000000007
4307334	0.17000000000000007
4308130	0.17000000000000007
4308979	0.2000000000000001
4310214	0.2100000000000001
4311574	0.2200000000000001
4312546	0.27500000000000013
4313574	0.23500000000000013
4314032	0.2100000000000001
4314723	0.11500000000000005
4315321	0.11000000000000004
4315803	0.11000000000000004
4316650	0.12000000000000004
4317555	0.10500000000000002
4318385	0.10000000000000002
4319183	0.11500000000000005
4320131	0.11500000000000005
4320955	0.11000000000000004
4321470	0.10000000000000002
4322059	0.10500000000000002
4322627	0.10500000000000002
4323844	0.11000000000000004
4324771	0.11000000000000004
4325519	0.10000000000000002
4326566	0.10500000000000002
4328249	0.11500000000000005
4329799	0.11500000000000005
4331253	0.11000000000000004
4332160	0.09000000000000001
4332731	0.09000000000000001
4333616	0.09000000000000001
4334768	0.095
4336362	0.10000000000000002
4337548	0.11500000000000005
4339389	0.15000000000000005
4341174	0.15000000000000005
4342588	0.17500000000000007
4344085	0.16500000000000006
4345243	0.16500000000000006
4346503	0.13000000000000003
4348074	0.13000000000000003
4349674	0.12500000000000003
4350846	0.14500000000000005
4351958	0.2150000000000001
4352221	0.2450000000000001
4352732	0.2000000000000001
4352994	0.17000000000000007
4353958	0.23000000000000012
4355682	0.2200000000000001
4357543	0.22500000000000012
4359364	0.27500000000000013
4361165	0.3450000000000002
4363020	0.41000000000000025
4364193	0.16500000000000006
4365187	0.12500000000000003
4366122	0.12500000000000003
4367609	0.12500000000000003
4368902	0.13000000000000003
4369784	0.13000000000000003
4370834	0.12500000000000003
4371848	0.12500000000000003
4372985	0.13000000000000003
4373799	0.13500000000000004
4375143	0.13500000000000004
4375982	0.14000000000000004
4376379	0.14000000000000004
4376626	0.14000000000000004
4377033	0.13000000000000003
4377455	0.13500000000000004
4378377	0.16000000000000006
4379186	0.16000000000000006
4379574	0.15000000000000005
4380150	0.15000000000000005
4381414	0.16500000000000006
4383131	0.17500000000000007
4384612	0.16500000000000006
4385550	0.16000000000000006
4385867	0.15000000000000005
4387708	0.14500000000000005
4389876	0.12500000000000003
4390983	0.12500000000000003
4391876	0.12500000000000003
4393497	0.13000000000000003
4394847	0.13500000000000004
4395815	0.14000000000000004
4396733	0.13500000000000004
4398335	0.14000000000000004
4399727	0.14000000000000004
4400442	0.14000000000000004
4401312	0.14000000000000004
4402667	0.14000000000000004
4403802	0.13500000000000004
4404484	0.14000000000000004
4405336	0.14000000000000004
4406402	0.13500000000000004
4407874	0.13500000000000004
4409640	0.16000000000000006
4410333	0.17000000000000007
4410902	0.19000000000000009
4411631	0.18000000000000008
4412178	0.1950000000000001
4412706	0.1950000000000001
4413609	0.1950000000000001
4415087	0.18000000000000008
4416154	0.17500000000000007
4416605	0.17500000000000007
4417326	0.17500000000000007
4418075	0.18000000000000008
4419093	0.18500000000000008
4420678	0.18500000000000008
4421545	0.18000000000000008
4421940	0.18000000000000008
4422511	0.2550000000000001
4423273	0.2200000000000001
4424043	0.2100000000000001
4424653	0.2150000000000001
4425315	0.2150000000000001
4425677	0.2100000000000001
4425952	0.22500000000000012
4426332	0.8500000000000006
4427025	1.0599999999999994
4427932	1.124999999999998
4428398	0.5050000000000003
4429245	0.3750000000000002
4430570	0.39500000000000024
4431652	0.4252631578947371
4432573	0.4052631578947371
4433594	0.3902631578947371
4434303	0.4102631578947371
4435593	0.33526315789473704
4437125	0.34026315789473704
4438176	0.310263157894737
4438985	0.310263157894737
4439690	0.305263157894737
4440543	0.305263157894737
4441857	0.300263157894737
4443248	0.305263157894737
4446001	0.305263157894737
4448064	0.32526315789473703
4448572	0.34026315789473704
4448885	0.3926093073441141
4449387	0.41802597401078073
4450440	0.4080259740107807
4451809	0.42302597401078074
4453085	0.41802597401078073
4454080	0.3980259740107807
4455110	0.3930259740107807
4456471	0.3930259740107807
4457589	0.3930259740107807
4458635	0.3930259740107807
4459704	0.3930259740107807
4460132	0.3980259740107807
4461591	0.41802597401078073
4463881	0.42802597401078074
4465469	0.4130259740107807
4466772	0.4030259740107807
4468973	0.4480259740107808
4470720	0.4480259740107808
4471216	0.4580259740107808
4471927	0.6710978694356176
4473011	0.6510978694356175
4473696	0.6310978694356175
4474420	0.6960978694356176
4475088	0.978385451134964
4476344	0.7833854511349638
4478681	0.6383854511349637
4479285	0.5383854511349636
4480328	0.5383854511349636
4482409	0.6683854511349637
4484058	0.6633854511349637
4485195	0.6583854511349637
4486778	0.6633854511349637
4487859	0.6683854511349637
4489312	0.938385451134964
4490640	0.928385451134964
4491865	0.978385451134964
4492969	1.2375093196952025
4493890	1.1925093196952037
4494904	1.1425093196952043
4495699	1.6417498728075692
4496624	1.5817498728075703
4499798	1.826052518867276
4500258	2.1217119765178616
4500611	2.26649323149753
4502767	2.1864932314975345
4504666	2.34430569057411
4505846	2.3308416382865285
4506510	2.2858416382865285
4506801	2.6177767565752337
4510004	3.0680356912271507
4511936	2.9256692790134133
4512910	2.8156692790134157
4513857	2.760669279013417
4515515	2.7256692790134176
4517240	2.7406692790134173
4517974	2.976232817419308
4519831	3.029220378034951
4521345	3.0442203780349506
4525409	2.9592203780349524
4526497	2.894220378034954
4527221	2.911080698759432
4527764	3.032903768992756
4528514	2.8974253862844965
4531090	2.877352344266887
4532810	2.8828219345979327
4533511	2.8777463278286586
4533924	3.067959295016802
4535523	3.3788727617431764
4537104	3.3866703708978503
4538212	3.449532523550839
4539143	3.095196165429559
4541258	3.0656254380834764
4542335	3.1968184127337316
4543389	2.9818955333199866
4544018	3.0450006464135706
4544666	2.968265222402956
4548536	3.0052778709826873
4549259	2.7793187007455815
4550624	2.755923750476989
4552228	2.5376699474880167
4553631	2.407449836388761
4554480	2.401894280833205
4554986	2.45884565986524
4555905	2.4712888281199215
4556624	2.445647887202111
4557189	2.526570110802484
4557833	2.510612473785673
4558940	2.3360500377399567
4559769	2.2898748695690476
4560338	2.3134738949780274
4561207	2.3845502545159274
4562086	2.3966298865348308
4563228	2.3435163483087105
4563796	2.313860107114007
4564305	2.2900875224132795
4565274	2.308417613689652
4566606	2.419386533234194
4567903	2.6600475221469644
4571833	2.9717894032630197
4573172	2.873197650161517
4575495	2.863636068251058
4577435	2.839185046722744
4578656	3.0686390302213873
4579669	2.659890201316311
4580765	2.685169362352177
4582253	2.542584021541616
4585005	2.1758520233241376
4587406	1.9356410340963104
4588387	1.6519632944930032
4588977	0.9235937145044022
4590204	0.8516367626639003
4592484	1.0630877406602215
4594041	1.0452846395409572
4595394	1.059866679381112
4596501	0.8630443019730001
4598295	0.6937823163649991
4599942	0.6016892432836052
4600606	0.6087314968047319
4601247	0.6087314968047319
4601860	0.6016892432836052
4602473	0.6088834878879217
4603839	0.6161298646995159
4604498	0.616234890168192
4605269	0.4996612706996001
4605922	0.5022320946011789
4607184	0.5172127468952641
4608009	0.4949897117442219
4608408	0.4726016520427293
4608984	0.495502415401508
4610208	0.4491121586789081
4611698	0.3273672843626203
4612208	0.3273672843626203
4612947	0.3273672843626203
4613870	0.2971041264678834
4615111	0.32910412646788345
4616290	0.32910412646788345
4617712	0.32936428906950943
4618890	0.31336428906950947
4620214	0.3135675411020298
4621242	0.3389120360724032
4622434	0.32245664035479416
4623609	0.3312137025016868
4624467	0.26080713199211314
4625379	0.25233255572092667
4626603	0.23553204680545825
4627931	0.314636056830521
4628664	0.28878468349529757
4629688	0.1915948061470596
4631701	0.07920792079207921
4632938	0.07920792079207921
4633489	0.07920792079207921
4634120	0.08846718005133847
4634875	0.08846718005133847
4635757	0.08846718005133847
4636351	0.08873173031588873
4637408	0.10796249954665794
4638854	0.11785616575100376
4639948	0.10824078113561916
4641285	0.07920792079207921
