organism=Escherichia_coli_300_genomes	genome=GCF_000005845.2_ASM584v2	contig=NC_000913.3	method=probabilistic complexity
position	complexity
1568	0
3267	0
4377	0.1
5382	0.2
6071	0.3
7244	0.15000000000000002
8714	0.05
9599	0
10211	0
10999	0
11584	0.1
13121	0.8500000000000002
14733	5.1999999999999895
18072	5.09999999999999
19170	3.649999999999995
20946	3.349999999999996
21877	0.44999999999999996
23799	0.05
25454	0
26050	0
26752	0.2
27750	0.3
28784	0.2
30225	0.25
32427	0.6
34497	0.5499999999999999
35076	0.2
35769	0.15000000000000002
37047	0.2
38506	0.25
39815	0.25
41174	0.15000000000000002
42788	0.15000000000000002
43658	0.1
44823	0
45606	0
46472	0.1
47511	0.15000000000000002
48700	0.5499999999999999
50007	1.5500000000000007
50801	1.4500000000000006
51417	0.35
52019	0
52921	0.05
54059	0.1
55932	0.05
57771	0.1
58799	0.15000000000000002
59200	0.15000000000000002
60016	0.2
61811	0.1
64604	0.1
66202	0.05
67586	0.05
69198	0.3
70826	1.1000000000000003
71733	1.0500000000000003
72578	0.25
73716	0.25
74988	0.3
76471	0.25
77453	0.15000000000000002
78210	0.15000000000000002
79150	0.2
80164	0.1
81412	0.1
82743	0.2
84840	0.25
86492	0.15000000000000002
87602	0.1
88530	0.1
89863	0.05
90564	0.05
91214	0.15000000000000002
92296	0.1
93909	0.1
95329	0.05
96543	0.05
97745	0.05
99025	0
100177	0
101502	0
102693	0
103570	0
104613	0
105880	0
107015	0.05
107923	0.15000000000000002
109631	0.35
111238	0.25
111747	0.15000000000000002
112227	0
112909	0.1
113965	0.15000000000000002
115123	0.15000000000000002
116406	0.2
117329	0.15000000000000002
118198	0.1
119008	0.05
119708	0.1
120863	0.1
122474	0
124348	0.05
126641	0.05
128624	0.05
130333	0.15000000000000002
132913	0.1
134569	0.1
135185	0.05
136031	0
136724	0.05
137858	0.1
140030	0.2
141699	0.2
142339	0
143242	0
144087	0
144797	0
145695	0.05
146504	0.2
147419	0.39999999999999997
148369	0.25
149204	0.39999999999999997
150334	0.6
151301	0.7000000000000001
151928	0.49999999999999994
152527	0.49999999999999994
154127	0.65
155831	0.65
156591	0.39999999999999997
157492	0.2
158411	0
159649	0.05
160376	0.05
161134	0.1
161766	0.1
163319	0.1
165997	0.3
168605	0.2
170176	0.1
171020	0.1
172453	0.1
174242	0.05
175817	0
176782	0
177312	0.05
178062	0.05
178804	0.15000000000000002
179995	0.1
181596	0.05
183041	0.2
183902	0.3
184628	0.1
185535	0.15000000000000002
187314	0.05
189109	0.05
190236	0
191282	0
192217	0
193150	0.05
194119	0.05
195285	0.05
195740	0.05
196159	0.05
197222	0.1
199144	0.1
200724	0.05
201483	0
202328	0
202954	0
203922	0
204791	0.05
206867	0.05
209100	0.15000000000000002
210749	0.15000000000000002
212071	0.15000000000000002
212980	0.05
213808	0.05
214025	0.1
214563	0.1
215044	0
215624	0.15000000000000002
216591	0.15000000000000002
217916	0.2
219240	0.15000000000000002
219793	0.15000000000000002
220520	0.15000000000000002
221294	0.3
222129	0.35
223120	0.35
229568	0.3
230424	0.49999999999999994
231532	0.39999999999999997
232237	0.39999999999999997
233207	0.39999999999999997
234404	0.39999999999999997
235177	0.35
235768	0.35
236428	1.4500000000000006
237727	3.1999999999999966
238496	3.7999999999999945
238915	5.249999999999989
239804	5.1999999999999895
240593	0.39999999999999997
242081	0.1
243832	0.1
244710	0
245435	0.1
246100	0.1
246372	0.35
247148	1.1500000000000004
247885	1.3500000000000005
249227	1.850000000000001
250509	1.2500000000000004
251425	0.5499999999999999
252151	0.49999999999999994
252500	0.49999999999999994
252974	0.5499999999999999
253600	0.44999999999999996
253952	0.35
254987	0.3
256206	0.15000000000000002
257149	0.1
258870	0.15000000000000002
259572	0.25
260939	0.25
262129	0.44999999999999996
263160	1.4500000000000006
265423	2.5999999999999988
269735	2.0500000000000007
273419	2.9999999999999973
275203	2.0500000000000007
276014	1.7500000000000009
277181	1.7500000000000009
278279	1.900000000000001
278995	2.25
281400	2.549999999999999
286086	1.800000000000001
287594	1.800000000000001
288783	1.850000000000001
291865	1.5000000000000007
293569	2.1500000000000004
294372	2.0500000000000007
295030	1.800000000000001
295359	1.7500000000000009
296358	1.800000000000001
297586	2.0500000000000007
298248	1.0500000000000003
299835	0.44999999999999996
301409	0.39999999999999997
302228	0.6
303298	0.5499999999999999
304850	0.35
305995	0.15000000000000002
308069	0.05
309692	0.15000000000000002
310377	0.2
311017	0.39999999999999997
312444	1.0500000000000003
312647	1.1000000000000003
313191	2.4499999999999993
314800	2.7499999999999982
316793	3.1999999999999966
318022	2.3499999999999996
319338	1.5000000000000007
320654	0.7500000000000001
321967	0.7000000000000001
323051	0.7000000000000001
324105	0.15000000000000002
325030	1.1000000000000003
326412	1.850000000000001
327997	1.1500000000000004
329040	0.39999999999999997
330479	0.35
332915	0.44999999999999996
333967	0.39999999999999997
334773	0.39999999999999997
335582	0.39999999999999997
336356	0.39999999999999997
337551	0.7000000000000001
339034	1.4000000000000006
339929	1.1000000000000003
340640	1.5500000000000007
341816	1.7500000000000009
343408	1.7500000000000009
344583	0.8500000000000002
345982	0.44999999999999996
346621	0.15000000000000002
347650	0.1
349127	0.2
349741	0.15000000000000002
350596	0.15000000000000002
351940	0.15000000000000002
353649	0.25
355551	0.2
356812	0.2
358240	0.15000000000000002
359128	0.1
359724	0.2
360555	0.3
361554	0.35
362552	0.35
364768	0.8000000000000002
366973	1.7000000000000008
368003	1.7000000000000008
369443	0.8000000000000002
370749	0.7000000000000001
371672	0.44999999999999996
372519	0.44999999999999996
373396	0.39999999999999997
374374	0.35
376064	0.39999999999999997
377041	0.44999999999999996
377951	0.2
379016	0.1
379743	0.6
380455	1.5000000000000007
381065	1.6500000000000008
383337	1.4500000000000006
383994	1.1500000000000004
384337	1.5000000000000007
385713	1.2000000000000004
386590	0.2
387384	0.05
388220	0.2
389240	0.9500000000000003
394817	0.8500000000000002
395708	0.7000000000000001
396383	0.39999999999999997
397249	0.39999999999999997
398419	0.39999999999999997
399179	0.3
399699	0.25
400376	0.25
401516	0.25
402454	0.25
403441	0.1
404260	0.1
405239	0.1
405993	0.1
406667	0
407074	0
407766	0.1
408319	0.5499999999999999
408687	0.5499999999999999
409596	0.49999999999999994
410598	0.25
411931	0.2
414180	0.1
416351	0.05
417486	0
418536	0.1
420250	0.2
421672	0.25
423423	0.49999999999999994
424627	0.8500000000000002
425546	0.5499999999999999
426700	0.1
427453	0.15000000000000002
428587	0.15000000000000002
429990	0.15000000000000002
430778	0.1
431571	0.25
432581	0.3
433226	0.2
434006	0.05
434882	0
435346	0
436122	0.1
436848	0.3
437648	0.25
439246	0.1
440651	0.05
441222	0
442273	0.05
443346	0.1
444059	0.1
444928	0.5499999999999999
445984	1.5000000000000007
447260	1.5000000000000007
447881	0.44999999999999996
448353	0.2
449645	0.05
451136	0.05
452807	0.05
453878	0
454632	0
455782	0
456988	0.05
458063	0.1
460065	0.05
461587	0
462850	0.05
464122	0.1
464601	0.05
465199	0.05
466462	0.15000000000000002
467821	0.25
468612	0.15000000000000002
469757	0.15000000000000002
471526	0.05
472767	0.1
473609	0.05
474731	0.05
475665	0.1
476137	0.2
476848	0.2
477842	0.15000000000000002
479016	0.15000000000000002
479642	0.05
480199	0.05
480521	0.1
485022	0.2
486084	0.15000000000000002
488217	0.1
490190	0.05
490548	0
491070	0
491687	0
493057	0.05
494240	0.05
494707	0
496057	0
497497	0
498536	0
499493	0.05
500777	0.05
502400	0.05
504086	0.25
505740	0.25
506842	0.2
507683	0.15000000000000002
508388	0.2
510127	0.15000000000000002
512107	0.35
513222	1.6000000000000008
514196	2.499999999999999
514630	1.3500000000000005
515314	0.15000000000000002
516257	0.1
516972	0.1
517852	0.05
518725	0.1
519435	0.35
520076	0.39999999999999997
521623	0.65
527765	0.65
528770	0.65
529830	0.7500000000000001
530679	0.65
531758	0.15000000000000002
532692	0.15000000000000002
533418	0.1
534806	0.35
536098	0.39999999999999997
537025	0.44999999999999996
538360	0.44999999999999996
539827	0.39999999999999997
541215	0.35
542460	0.3
543653	0.3
544674	0.3
545838	0.3
547513	0.3
548986	0.1
550034	0
550885	0
552060	0
552845	0.05
553579	0.05
554190	0
555303	0
556292	0
556767	0.05
557308	0.35
558483	0.39999999999999997
559320	0.44999999999999996
560998	0.65
562830	0.65
563587	0.44999999999999996
564164	1.1500000000000004
565396	1.800000000000001
566229	3.349999999999996
566731	8.549999999999986
568481	9.249999999999996
569665	10.25000000000001
571168	10.550000000000015
571852	10.500000000000014
572693	14.000000000000064
573006	9.950000000000006
573229	10.450000000000014
573552	10.25000000000001
573801	10.700000000000017
574147	10.750000000000018
574590	8.499999999999986
576291	9.349999999999998
577861	10.800000000000018
578746	9.900000000000006
579983	7.4499999999999815
582367	6.349999999999985
584055	2.6999999999999984
585156	2.25
586527	1.7000000000000008
587536	1.1500000000000004
589468	2.8999999999999977
592059	5.749999999999988
594049	5.799999999999987
595101	0.7000000000000001
596286	1.2500000000000004
597297	0.9500000000000003
598090	1.0000000000000002
600285	0.3
602647	0.35
604039	0.2
605097	0.2
605702	0.2
606075	0.15000000000000002
606824	1.2500000000000004
607862	1.2500000000000004
609830	1.0500000000000003
611374	0.1
613338	0.05
614051	0
616097	0.25
618820	0.49999999999999994
620692	0.49999999999999994
621687	0.3
622925	0.2
624032	0.1
625472	0.05
626875	0
628122	0
628924	0
629506	0.1
630946	0.15000000000000002
632280	0.1
632933	0.05
634166	0.3
635061	0.39999999999999997
635959	0.49999999999999994
637167	0.39999999999999997
638200	0.15000000000000002
639226	0.05
640520	0
641653	0.15000000000000002
642707	0.2
643374	0.15000000000000002
643762	0.15000000000000002
644600	0
645848	0.05
647070	0.05
647759	0.05
648805	0.05
650036	0.1
650635	0.1
651327	0.15000000000000002
653064	0.2
654202	0.2
655275	0.15000000000000002
656837	0.15000000000000002
657396	0
657746	0.05
658144	0.05
658536	0.05
659048	0
659733	0.05
660901	0.05
661957	0.05
662510	0.05
663393	0.1
664646	0.05
665757	0.05
667266	0
668481	0
668877	0
669601	0
670251	0
671089	0
671895	0.05
673492	0.05
675259	0.2
677064	0.3
678128	0.5499999999999999
679861	0.65
680937	0.5499999999999999
682558	0.39999999999999997
683944	0.35
684892	0.15000000000000002
685592	0.15000000000000002
686299	0.1
687293	0.15000000000000002
690112	0.2
691345	0.1
692107	0.05
692877	0
694243	0
695688	0.05
698345	0.1
699950	0.05
700984	0
702177	0
703211	0
704917	0.44999999999999996
705921	0.44999999999999996
706925	0.6
709037	0.15000000000000002
709953	0.05
710423	0.1
711200	0.1
711786	0
712420	0
713259	0
714378	0.15000000000000002
715659	0.25
716492	0.35
717605	0.6
719361	1.1000000000000003
720711	1.0500000000000003
721394	0.8000000000000002
723072	0.15000000000000002
724693	0.2
726012	0.25
727895	0.2
729237	2.000000000000001
733939	1.950000000000001
735934	1.800000000000001
736572	2.000000000000001
739255	1.5500000000000007
740216	0.44999999999999996
741815	0.05
743198	0.1
743921	0.05
744709	0.1
745532	0.05
746330	0.05
747246	0.6
748451	0.7000000000000001
749343	1.2500000000000004
753826	1.2500000000000004
754727	0.05
755364	0.05
755733	0.1
756790	0.1
758047	0.15000000000000002
760106	0.1
762130	0
763597	0.05
764614	4.6499999999999915
767002	4.94999999999999
769294	7.94999999999998
772242	7.89999999999998
773611	0
774252	0
774455	0
774954	0
775499	0.05
776063	0.05
776974	0
778386	0
779327	0
779993	0.05
782606	0.05
783525	0.05
784352	0.05
785127	0.05
786159	0
787219	0
788317	0.05
789405	0.1
790506	0.1
791547	0.05
793052	0
794250	0
794847	0
795475	0
796206	0
797083	0
798022	0
799083	0.05
800098	0.25
801285	0.39999999999999997
802603	0.6
804633	0.44999999999999996
806639	0.3
807671	0.6
808612	0.3
809864	0.1
810958	0.15000000000000002
811899	0.15000000000000002
812608	0.15000000000000002
814536	0.05
816193	0.1
817538	0.1
818311	0.05
818812	0
819170	0
819521	0.15000000000000002
820236	1.0000000000000002
821149	1.1000000000000003
822020	0.49999999999999994
823118	0.05
824116	0.05
824835	0.05
825555	0.1
826685	0.1
828113	0.15000000000000002
829471	0.05
830307	0.2
831554	0.7000000000000001
832692	0.8000000000000002
834077	0.8000000000000002
835729	0.39999999999999997
836893	0.2
837795	0.15000000000000002
838323	0.05
838867	0.15000000000000002
840390	0.15000000000000002
841926	0.1
842795	0.05
844367	0.1
846102	0.05
846789	0
847631	0.05
848659	0.1
849653	0.1
850707	0.15000000000000002
851805	0.05
852933	0.1
853416	0.1
854206	0.05
855284	0.05
856759	0.35
858428	0.44999999999999996
859620	0.25
861390	0.1
863061	0.1
863973	0.05
864754	0
865746	0.15000000000000002
867050	0.3
868455	0.44999999999999996
870180	0.35
871427	0.15000000000000002
872345	0.05
874153	0.1
875999	0.35
877372	0.25
878439	0.05
879299	0.1
880167	0.1
881328	0.1
882355	0.1
883090	0.15000000000000002
884289	0.1
885085	0
885723	0.1
886694	0.1
887691	0.2
888976	0.2
890277	0.1
890624	0.05
891056	0.05
891545	0.05
892418	0.1
893195	0.1
894340	0.05
895557	0.15000000000000002
896610	0.15000000000000002
897506	0.1
898233	0.1
899081	0.1
900209	0.2
901200	0.1
901892	0
902622	0
903370	0.1
904209	0.3
904754	0.3
905328	0.15000000000000002
906246	0.15000000000000002
907567	0.15000000000000002
908793	0.1
910190	0.15000000000000002
911666	0.15000000000000002
912988	0.05
914407	0.1
915699	0.2
917302	0.2
918624	0.15000000000000002
919792	0.1
921320	0.15000000000000002
922478	1.0000000000000002
923073	1.1000000000000003
924402	0.7000000000000001
926334	0.8000000000000002
927080	0.39999999999999997
928334	0.44999999999999996
930079	0.35
931567	0.3
932842	0.35
935218	0.3
937677	0.3
938665	0.25
940074	0.44999999999999996
942181	0.9000000000000002
943722	0.9000000000000002
944464	0.8500000000000002
945244	0.8000000000000002
946445	0.8500000000000002
947944	1.1500000000000004
949114	1.2000000000000004
949963	1.1500000000000004
950710	1.5500000000000007
952413	0.9500000000000003
954037	0.39999999999999997
955752	0.25
957108	0.15000000000000002
958197	0.2
959453	1.7000000000000008
960646	1.7500000000000009
961542	0.25
962831	0.1
963970	0.15000000000000002
965452	0.2
967495	0.35
968859	0.25
970005	0.2
970764	0.15000000000000002
971225	0.05
972198	0
973011	0
973929	0
974980	0
975974	0.1
978556	0.2
981970	0.15000000000000002
983349	0.05
983973	0.05
985114	0.1
986438	0.35
988285	0.35
989755	0.15000000000000002
991928	0.15000000000000002
993660	0.15000000000000002
994436	0.1
995415	0.15000000000000002
996464	0.05
997224	0.8500000000000002
998137	2.9499999999999975
998840	2.6999999999999984
1002342	1.4000000000000006
1003160	1.0000000000000002
1004312	0.8500000000000002
1005273	0.3
1006223	0
1007045	0.05
1008898	0.05
1010917	0
1012627	0.05
1014079	0.05
1015177	0.05
1015798	0
1016265	0.05
1017419	0.05
1018711	0.1
1019533	0.05
1020664	0.05
1021452	0.1
1022811	0.05
1024125	0
1025498	0
1026786	0.1
1027442	0.1
1028152	0.05
1028562	0.05
1029366	0.05
1030203	0
1030503	0
1031088	0.2
1032698	0.39999999999999997
1034150	0.25
1035419	0.2
1036063	0.05
1036553	0.1
1037177	0.1
1038512	0.15000000000000002
1039864	0.15000000000000002
1040491	0.15000000000000002
1041266	0.25
1043120	0.2
1044453	0.6
1046897	0.6
1048318	0.35
1049010	0.25
1049591	0.25
1051567	0.35
1052153	0.25
1052825	0.65
1054783	0.65
1056775	0.49999999999999994
1057608	0.35
1058670	0.44999999999999996
1060529	0.25
1062098	0.1
1062702	0.05
1063315	0.25
1064664	0.25
1066205	0.25
1066977	0.25
1067410	0.6
1068167	0.9000000000000002
1069175	0.9000000000000002
1070107	0.49999999999999994
1070660	0.25
1071365	0.1
1071966	0
1072518	0.05
1073408	0.05
1074561	0.15000000000000002
1076901	0.3
1079041	0.35
1080059	0.7000000000000001
1081411	0.39999999999999997
1081825	0.39999999999999997
1082806	0.25
1084011	0.49999999999999994
1085524	1.1000000000000003
1086312	0.9500000000000003
1087183	0.8500000000000002
1088848	1.0000000000000002
1091077	1.3000000000000005
1093555	2.3
1095684	2.2
1096336	2.1500000000000004
1098355	1.950000000000001
1099247	0.3
1099917	0
1100526	0.05
1101267	0.15000000000000002
1101919	0.1
1102346	0.1
1102871	0.2
1104178	0.25
1104674	0.15000000000000002
1105127	0.15000000000000002
1105569	0.1
1106086	0.1
1107035	0.1
1108362	0.2
1110119	0.39999999999999997
1112149	0.25
1113692	0.1
1113994	0.7500000000000001
1114877	0.7500000000000001
1116122	0.7500000000000001
1117333	0.1
1118188	0.1
1118763	0.1
1119363	0.05
1120027	0.05
1120828	0.1
1121364	0.1
1122084	0.15000000000000002
1122993	0.05
1123730	0
1124722	0.05
1125854	0.05
1126480	0.1
1127267	0.05
1128606	0
1129622	0.05
1129981	0.05
1130533	0
1131226	0
1131640	0
1132201	0.05
1133178	0.1
1134179	0.15000000000000002
1135120	0.1
1135913	0.1
1136822	0.1
1137841	0.1
1139199	0.2
1140509	0.49999999999999994
1142774	0.49999999999999994
1145419	0.2
1146322	0
1147054	0
1147453	0
1148171	0
1149235	0.1
1150192	0.1
1151037	0
1151733	0
1152559	0
1153704	0
1154623	0.05
1155444	0.1
1156264	0.1
1157175	0.2
1158585	0.35
1160456	0.35
1162064	0.25
1162435	0
1162958	0
1163672	0
1164607	0
1165414	0.05
1166737	0.2
1167868	0.2
1168547	0.05
1169201	0.1
1169891	0.1
1172265	0.1
1174628	0.1
1176026	0.15000000000000002
1176969	0.1
1177945	0.1
1179048	0.15000000000000002
1179939	0.39999999999999997
1180873	0.25
1181494	0.2
1182306	0.15000000000000002
1183223	0.5499999999999999
1184045	0.8500000000000002
1185026	0.39999999999999997
1186457	0.39999999999999997
1187679	1.0500000000000003
1189046	1.2000000000000004
1190111	0.5499999999999999
1191301	0.25
1192310	0.05
1193220	0
1194057	0.1
1194624	0.49999999999999994
1195748	1.1500000000000004
1197199	1.2000000000000004
1197880	1.5000000000000007
1199141	2.3
1200242	3.399999999999996
1200909	4.049999999999994
1201667	4.049999999999994
1201930	4.549999999999992
1202596	6.649999999999984
1203124	6.299999999999986
1203546	4.6499999999999915
1203991	3.5499999999999954
1204853	6.099999999999986
1205640	8.09999999999998
1205967	6.149999999999986
1206547	2.8999999999999977
1207205	3.1999999999999966
1210762	1.2500000000000004
1211495	1.900000000000001
1213693	1.1500000000000004
1214869	0.7500000000000001
1215907	0.9000000000000002
1216502	0.8500000000000002
1216872	1.1000000000000003
1218089	1.7500000000000009
1219092	2.4499999999999993
1220361	2.7499999999999982
1222469	2.7499999999999982
1222786	1.850000000000001
1224412	1.4500000000000006
1224955	0.3
1225732	0.05
1226784	0.1
1227271	0.15000000000000002
1227860	0.15000000000000002
1228408	0.05
1229053	0.1
1229938	0.15000000000000002
1230976	0.3
1231820	0.2
1232765	0.1
1233946	0
1235297	0.05
1236475	0.15000000000000002
1238220	1.2000000000000004
1239414	2.6499999999999986
1241203	3.4999999999999956
1242623	1.950000000000001
1243485	1.5000000000000007
1244160	1.5000000000000007
1244855	3.699999999999995
1245380	3.699999999999995
1246527	2.9499999999999975
1248405	0.65
1249441	0.3
1250303	0.44999999999999996
1252025	0.8500000000000002
1254518	0.8500000000000002
1256386	0.7000000000000001
1257266	0.7500000000000001
1258221	0.15000000000000002
1258930	0.1
1259950	0.15000000000000002
1261434	0.15000000000000002
1262451	0
1263188	0
1264342	0
1265553	0
1266510	0
1267120	0
1267724	0.05
1268592	0.6
1271299	0.8500000000000002
1272234	0.3
1272844	0
1273422	0
1274481	0.05
1275504	0.05
1276720	0.05
1277753	0
1278652	0.1
1281735	0.15000000000000002
1284373	0.15000000000000002
1285494	0.7500000000000001
1286187	2.6999999999999984
1288203	2.799999999999998
1288903	0.8500000000000002
1289678	0.49999999999999994
1290748	0.1
1291911	0.15000000000000002
1292715	0.1
1293835	0.35
1294721	0.9000000000000002
1295229	0.8500000000000002
1296783	0.44999999999999996
1298921	0.49999999999999994
1299349	0.7500000000000001
1301975	1.1000000000000003
1303359	0.65
1304288	0.44999999999999996
1305260	0.3
1306266	0.15000000000000002
1306985	0.2
1307915	0.7000000000000001
1309642	1.2500000000000004
1310717	2.2
1311441	1.800000000000001
1312047	0.9500000000000003
1312620	0.8500000000000002
1313291	1.0500000000000003
1314339	1.2500000000000004
1314971	2.1500000000000004
1315520	1.950000000000001
1315945	2.25
1316819	1.1000000000000003
1317818	0.15000000000000002
1319106	0.15000000000000002
1320586	0.05
1322165	0.1
1323660	0.1
1324408	0.3
1325693	0.39999999999999997
1327289	0.6
1328062	0.3
1328733	0.1
1329856	0.05
1330542	0.05
1332346	0.2
1334342	0.25
1335224	0.1
1335374	0.25
1335619	0.2
1337168	0.2
1338865	0.05
1339712	0
1340397	0
1341142	0
1342259	0
1342821	0.05
1343219	0.15000000000000002
1343971	0.15000000000000002
1344522	0.35
1345749	0.7000000000000001
1347945	0.65
1349543	0.7000000000000001
1350645	2.799999999999998
1352231	2.9499999999999975
1353132	0.7000000000000001
1354073	0.05
1354987	0.05
1356288	0.05
1357545	0.25
1358494	0.3
1360199	0.35
1361508	0.35
1362189	0.3
1363486	0.3
1364872	0.25
1366182	0.15000000000000002
1367423	0.2
1368413	0.05
1368913	0
1369204	0.1
1369503	0.15000000000000002
1369846	0.35
1371055	0.39999999999999997
1372555	0.44999999999999996
1373662	0.3
1374511	0.3
1375489	0.44999999999999996
1376428	0.49999999999999994
1377359	0.44999999999999996
1379017	0.25
1380477	0.39999999999999997
1381305	0.39999999999999997
1382399	0.2
1383462	0.05
1384815	0.05
1386041	0.05
1387490	0.15000000000000002
1388558	0.15000000000000002
1389412	0.1
1390234	0.15000000000000002
1390771	0.49999999999999994
1391393	0.8500000000000002
1392440	1.0500000000000003
1394033	0.7000000000000001
1395406	0.25
1397493	0.2
1398147	0.2
1399150	0.5499999999999999
1399978	1.4500000000000006
1401010	1.6000000000000008
1402532	1.6500000000000008
1403910	1.6000000000000008
1405195	2.25
1406260	2.3499999999999996
1407179	1.2000000000000004
1408541	0.7500000000000001
1409394	0.25
1410197	0.39999999999999997
1411480	1.1000000000000003
1413344	2.000000000000001
1413635	3.049999999999997
1414388	4.299999999999993
1417625	4.899999999999991
1417923	5.449999999999989
1418118	8.949999999999992
1418853	8.79999999999999
1419389	10.400000000000013
1420003	10.95000000000002
1420513	11.950000000000035
1420895	10.650000000000016
1421547	9.750000000000004
1422356	8.09999999999998
1423032	6.099999999999986
1424527	5.04999999999999
1425508	5.549999999999988
1425800	6.649999999999984
1426968	7.299999999999982
1429914	7.499999999999981
1435402	5.599999999999988
1436326	0.7000000000000001
1439022	0.44999999999999996
1441191	0.25
1441532	0.3
1442348	0.5499999999999999
1444370	0.7000000000000001
1445779	0.5499999999999999
1446043	1.0000000000000002
1446830	1.6500000000000008
1448268	1.1500000000000004
1450212	0.7500000000000001
1452619	0.44999999999999996
1454391	0.3
1455011	0.25
1455537	0
1456173	0.05
1456965	0.39999999999999997
1457880	0.9000000000000002
1458658	1.0000000000000002
1459790	1.0500000000000003
1460682	0.7500000000000001
1461495	0.39999999999999997
1462781	0.39999999999999997
1464014	0.2
1464766	1.1500000000000004
1474651	1.850000000000001
1476297	1.4000000000000006
1477923	1.3500000000000005
1478674	1.3000000000000005
1480016	1.0500000000000003
1481543	0.44999999999999996
1482557	0.6
1485012	1.0500000000000003
1487635	1.3500000000000005
1488951	1.0000000000000002
1489838	0.7000000000000001
1490149	0.65
1490655	0.3
1491167	0.8500000000000002
1491763	1.0500000000000003
1492045	1.2000000000000004
1493290	1.1500000000000004
1494609	0.39999999999999997
1495959	0.2
1497701	0.15000000000000002
1498763	0.2
1499207	0.25
1499959	0.39999999999999997
1501069	0.3
1501858	0.3
1502791	0.5499999999999999
1503505	0.6
1504291	0.6
1505492	0.49999999999999994
1506440	0.1
1507761	0.15000000000000002
1508919	0.7500000000000001
1509374	0.7000000000000001
1509705	1.1500000000000004
1512226	0.9500000000000003
1513323	0.25
1514301	0.05
1515159	0.15000000000000002
1516290	0.5499999999999999
1517475	0.6
1517764	0.39999999999999997
1518106	0
1518587	0.15000000000000002
1519545	0.25
1520594	0.3
1522014	0.2
1523837	0.49999999999999994
1525230	3.8499999999999943
1526555	8.84999999999999
1527046	14.40000000000007
1530163	14.950000000000077
1533168	14.950000000000077
1533566	9.249999999999996
1534446	3.349999999999996
1535411	1.4000000000000006
1536277	0.15000000000000002
1536961	0.2
1538081	0.39999999999999997
1540720	0.7000000000000001
1543366	3.4999999999999956
1546700	3.4499999999999957
1547694	0.44999999999999996
1549242	0.05
1550903	0
1551664	0.15000000000000002
1552540	0.7000000000000001
1553333	0.8000000000000002
1554820	0.44999999999999996
1555894	0.2
1556172	0.15000000000000002
1556840	0.7500000000000001
1557575	1.1500000000000004
1558524	1.3000000000000005
1559462	2.2
1560418	1.5000000000000007
1561706	1.3500000000000005
1562785	1.1500000000000004
1564533	1.0000000000000002
1566449	0.7000000000000001
1568163	0.6
1569721	0.44999999999999996
1573798	0.65
1576433	0.7000000000000001
1578499	0.5499999999999999
1580211	0.8000000000000002
1581683	0.7500000000000001
1583306	0.7000000000000001
1583860	1.5500000000000007
1585346	2.000000000000001
1587277	3.4499999999999957
1588044	5.04999999999999
1588574	9.850000000000005
1591515	12.100000000000037
1592309	5.299999999999989
1599413	5.549999999999988
1600764	3.2999999999999963
1602257	2.25
1603533	1.6000000000000008
1604543	1.5500000000000007
1605562	1.1000000000000003
1606537	1.0500000000000003
1607144	0.9000000000000002
1607725	0.65
1608565	0.25
1609954	0.8000000000000002
1611380	0.9500000000000003
1612145	0.65
1612788	0.1
1614009	0.1
1615244	0.15000000000000002
1616320	0.15000000000000002
1617623	0.15000000000000002
1618575	0.15000000000000002
1619337	0.2
1619765	0.2
1620098	1.3000000000000005
1620687	1.7500000000000009
1621925	1.1500000000000004
1622693	1.1000000000000003
1623405	0.8500000000000002
1624301	0.9500000000000003
1625032	0.7000000000000001
1626357	0.65
1627890	0.15000000000000002
1628695	0.05
1629316	0.1
1630183	1.0500000000000003
1631643	3.599999999999995
1637695	5.249999999999989
1638561	4.94999999999999
1639278	6.099999999999986
1639790	7.99999999999998
1640209	9.950000000000006
1640677	7.79999999999998
1641446	8.949999999999992
1641961	7.94999999999998
1642865	10.550000000000015
1643779	11.150000000000023
1644776	10.350000000000012
1645489	6.949999999999983
1645752	6.249999999999986
1646571	7.199999999999982
1647235	5.949999999999987
1647491	12.250000000000039
1647735	13.450000000000056
1648137	15.750000000000089
1648729	16.100000000000094
1648932	15.85000000000009
1649127	14.950000000000077
1649703	12.30000000000004
1649889	9.800000000000004
1653405	7.099999999999983
1654534	4.399999999999992
1655510	2.3499999999999996
1655978	0.44999999999999996
1656464	0.35
1657120	0.39999999999999997
1657717	2.549999999999999
1663298	3.1999999999999966
1664036	1.1000000000000003
1664813	0.25
1665943	0.05
1666871	0.15000000000000002
1667954	0.15000000000000002
1669145	0.15000000000000002
1670325	0.1
1671530	0.05
1672370	0.05
1672984	0.1
1673318	0.3
1674430	0.39999999999999997
1675666	0.2
1677137	0.2
1678899	0.05
1680248	0.1
1681337	0.1
1681862	0.1
1682518	0.25
1683532	0.3
1684723	0.15000000000000002
1685886	0.15000000000000002
1687554	0.2
1689163	0.1
1690606	0.3
1691477	0.35
1692218	0.44999999999999996
1693576	0.44999999999999996
1695165	0.3
1696751	0.25
1697656	0.25
1698666	0.39999999999999997
1700151	0.3
1701543	0.25
1702733	0.2
1703788	0.25
1705056	0.15000000000000002
1705470	0.05
1706057	0
1706637	0.05
1708030	0.3
1709671	0.35
1710514	0.15000000000000002
1711175	0
1711840	0.15000000000000002
1712386	0.15000000000000002
1713520	0.15000000000000002
1714679	0.05
1715456	0.05
1716585	0.05
1717679	0
1718227	0
1719047	0
1720109	0.05
1720607	0.05
1721143	0
1721692	0.15000000000000002
1723127	0.35
1724394	0.35
1725184	0.3
1725800	0.1
1726322	0.1
1727207	0.05
1728040	0
1728670	0.1
1731395	0.1
1733927	0.1
1734842	0
1735668	0
1736705	0.1
1737500	0.15000000000000002
1738356	0.2
1739332	0.2
1740516	0.1
1741987	0.05
1742921	0.05
1744143	0.05
1745499	0.1
1746852	0.35
1747933	0.65
1749129	0.5499999999999999
1749955	0.35
1750679	0.3
1751396	0.39999999999999997
1752779	0.49999999999999994
1754164	0.39999999999999997
1755036	0.05
1756404	0
1757539	0
1758223	0
1759082	0.1
1759913	0.2
1761155	0.25
1762139	0.2
1763265	0.1
1764202	0.05
1765028	0.05
1765427	0
1767157	0.1
1769630	0.44999999999999996
1770793	0.39999999999999997
1771678	0.39999999999999997
1773144	0.49999999999999994
1774222	0.44999999999999996
1775065	0.3
1776384	0.3
1777771	0.65
1778845	0.9500000000000003
1779492	0.7000000000000001
1779999	0.7500000000000001
1780870	0.35
1782039	0.2
1782827	0.35
1783854	0.49999999999999994
1785923	0.39999999999999997
1787861	0.1
1788958	0.05
1789708	0.05
1790526	0.15000000000000002
1791663	0.3
1792499	0.25
1793183	0.1
1793833	0.2
1794662	0.35
1795402	0.25
1796750	0.1
1798450	0.05
1799571	0
1799900	0.1
1800313	0.15000000000000002
1801606	0.39999999999999997
1805218	0.39999999999999997
1805704	0.3
1806834	0.1
1807545	0.05
1808226	0.1
1808965	0.15000000000000002
1809714	0.05
1810506	0
1811629	0.3
1812730	0.3
1813552	0.25
1814997	0.2
1816760	0.05
1817824	0.05
1819024	0.05
1819630	0.15000000000000002
1820535	0.2
1821459	0.15000000000000002
1822087	0.1
1822871	0.05
1823958	0
1824649	0.05
1825382	0.15000000000000002
1826439	0.15000000000000002
1827587	0.25
1828995	0.2
1830248	0.1
1831372	0.05
1832831	0.15000000000000002
1833756	0.35
1834454	0.44999999999999996
1835161	0.39999999999999997
1835789	0.25
1836656	0.3
1837979	0.25
1839073	0.15000000000000002
1840120	0.15000000000000002
1841093	0.1
1841693	0.15000000000000002
1841999	0.1
1843042	0.5499999999999999
1844351	0.7000000000000001
1845979	0.9500000000000003
1847486	0.35
1848400	0.15000000000000002
1849765	0.49999999999999994
1851368	0.44999999999999996
1852207	0.25
1853300	0.2
1854475	0.25
1855481	0.3
1856454	0.39999999999999997
1857351	0.35
1858311	0.39999999999999997
1859539	0.3
1860794	0.3
1861838	0.25
1862222	0
1863268	0.05
1864292	0.3
1865209	0.3
1866099	0.25
1867875	0.1
1869596	0.15000000000000002
1871122	0.35
1872786	0.35
1873825	0.25
1874575	0.2
1875164	0.3
1876263	0.15000000000000002
1877082	0.1
1877405	0.15000000000000002
1878227	0.25
1879131	0.2
1879494	0.1
1879768	0.35
1880440	0.49999999999999994
1881347	0.3
1882454	0.39999999999999997
1883918	0.44999999999999996
1885227	0.35
1886327	0.3
1887421	0.25
1888936	0
1890241	0
1890919	0.05
1892280	0.05
1893537	0.05
1894282	0
1894641	0
1895485	0
1896459	0
1897614	0.05
1899226	0.25
1900807	0.6
1902533	0.8000000000000002
1903482	0.44999999999999996
1904320	0.1
1905030	0.2
1905971	0.25
1906655	0.3
1907330	0.15000000000000002
1908404	0.1
1909044	0
1909703	0.1
1910962	0.2
1912135	0.15000000000000002
1913792	0
1915185	0
1915906	0.05
1916899	0.25
1918826	0.35
1920939	0.2
1921898	0.05
1922174	0.05
1922641	0.1
1923535	0.1
1924155	0.05
1924782	0.05
1925223	0.1
1925768	0.1
1926451	0.1
1927809	0.39999999999999997
1929377	0.6
1929822	0.39999999999999997
1930212	0.35
1930602	0.1
1931470	0.05
1932435	0.1
1933698	0.1
1935576	0.15000000000000002
1936554	1.0000000000000002
1937086	1.2500000000000004
1938370	1.900000000000001
1939707	2.3499999999999996
1940974	0.8500000000000002
1942144	0.05
1943039	0
1943806	0.15000000000000002
1944851	0.25
1945670	0.1
1946552	0.1
1947115	0.1
1947781	0.1
1948434	0.05
1949636	0.05
1951115	0.2
1951804	0.25
1952463	0.2
1953073	0.05
1953927	0.1
1955792	0.2
1957582	0.2
1958893	0.1
1959563	0.05
1960928	0.1
1962216	0.1
1962776	0.15000000000000002
1964011	0.35
1965617	0.49999999999999994
1966715	0.39999999999999997
1967242	0.2
1967976	0.1
1968934	0.39999999999999997
1970183	0.39999999999999997
1971860	0.44999999999999996
1973087	0.2
1974342	0.2
1975792	0.3
1976695	0.25
1977555	0.2
1978022	0.3
1979967	0.35
1980900	0.15000000000000002
1981987	0.25
1983047	1.2000000000000004
1984312	1.1500000000000004
1985633	0.1
1987176	0.05
1987632	0.05
1988383	0.05
1988964	0.05
1989370	0.05
1990286	0.2
1991286	1.6500000000000008
1992543	2.2
1993790	0.7500000000000001
1995031	0.05
1995930	0.05
1996471	0.05
1997438	0.05
1998145	0.1
1998987	0.2
2000013	0.25
2000748	0.15000000000000002
2001429	0.2
2002858	0.25
2004575	0.25
2005508	0.15000000000000002
2005895	0.05
2006899	0.05
2007883	0.25
2008879	0.25
2009595	0.35
2010155	0.39999999999999997
2010839	0.6
2011443	0.65
2012176	0.6
2012857	0.7000000000000001
2014058	0.39999999999999997
2015377	1.5000000000000007
2016211	1.4000000000000006
2017240	1.900000000000001
2018167	1.2500000000000004
2018949	0.9500000000000003
2019850	0.9500000000000003
2020589	1.1000000000000003
2021294	1.3000000000000005
2021686	0.5499999999999999
2022237	0.44999999999999996
2022750	0.44999999999999996
2023285	0.3
2024279	0.15000000000000002
2024729	0.1
2025099	0.15000000000000002
2025918	0.25
2027170	0.25
2028279	0.2
2028907	0.05
2029999	0.05
2030683	0.2
2031608	0.25
2032731	2.6999999999999984
2033270	5.299999999999989
2034802	4.6499999999999915
2035048	5.649999999999988
2036260	4.3499999999999925
2037473	1.1000000000000003
2038543	0.35
2039162	0.25
2039980	0.35
2040800	0.35
2041700	1.0500000000000003
2042633	1.4500000000000006
2044049	3.999999999999994
2044822	4.199999999999993
2048462	4.049999999999994
2052976	4.599999999999992
2054301	3.999999999999994
2055788	2.8999999999999977
2057216	3.149999999999997
2058930	3.899999999999994
2060439	2.9499999999999975
2061474	3.349999999999996
2062858	2.3999999999999995
2063927	1.2000000000000004
2064850	3.049999999999997
2065490	6.0499999999999865
2068831	7.349999999999982
2073098	9.299999999999997
2075545	9.149999999999995
2078037	9.299999999999997
2079196	4.799999999999991
2080062	0.9000000000000002
2081025	0.8500000000000002
2081964	0.49999999999999994
2083469	0.39999999999999997
2084339	0.3
2084969	0.25
2086383	0.25
2087804	0.05
2088716	0.2
2089338	0.15000000000000002
2089587	0.1
2090641	0.1
2091749	0
2092933	0
2094001	0
2094830	0
2095493	0
2096232	0.9000000000000002
2096919	2.7499999999999982
2097811	4.549999999999992
2099030	5.549999999999988
2100565	14.150000000000066
2103950	18.55000000000013
2104789	23.250000000000195
2105561	22.350000000000183
2106643	26.050000000000235
2107777	32.05000000000032
2108960	38.29999999999996
2109859	35.9000000000001
2111526	27.400000000000254
2112518	20.65000000000016
2113880	20.75000000000016
2115199	9.800000000000004
2116517	7.699999999999981
2117764	5.999999999999987
2119419	6.0499999999999865
2120857	4.499999999999992
2122294	1.1000000000000003
2123802	0.7500000000000001
2125134	0.7500000000000001
2125984	0.49999999999999994
2126707	0.39999999999999997
2127753	0.3
2128614	0.3
2129277	0.2
2130269	0.3
2131461	0.25
2132311	0.39999999999999997
2132977	0.44999999999999996
2134571	0.49999999999999994
2135876	1.7500000000000009
2138693	2.0500000000000007
2140685	0.65
2141924	0.2
2142627	0.25
2144924	0.3
2147116	0.3
2148350	0.2
2150012	0.35
2151415	0.3
2152051	0.3
2152798	0.3
2153773	0.25
2154639	0.44999999999999996
2156824	0.49999999999999994
2159924	0.65
2162171	0.44999999999999996
2163577	0.2
2164637	0.9000000000000002
2165355	2.25
2166348	4.199999999999993
2167411	3.099999999999997
2168147	2.549999999999999
2169161	1.950000000000001
2172353	3.2999999999999963
2174823	3.349999999999996
2175690	2.2
2176777	1.4500000000000006
2178038	0.6
2179459	0
2180597	0.05
2181578	0.05
2182408	0.1
2183242	0.1
2184116	0.15000000000000002
2184907	1.1000000000000003
2185660	1.3000000000000005
2186329	0.44999999999999996
2187129	0.49999999999999994
2187897	0.9000000000000002
2189670	1.2500000000000004
2191263	1.3000000000000005
2191951	0.8000000000000002
2192655	0.39999999999999997
2193613	0.35
2195316	0.65
2202095	1.3000000000000005
2204130	6.749999999999984
2205140	6.5999999999999845
2206834	0.9500000000000003
2208535	0.8000000000000002
2210022	0.7000000000000001
2211455	0.6
2211961	0.3
2212602	0.05
2213801	0.44999999999999996
2215231	0.39999999999999997
2215710	0.05
2216110	0.1
2216944	0.1
2217978	0.05
2219022	0.1
2220825	0.1
2223042	0.05
2224404	0
2225337	0
2226090	0.1
2226889	0.25
2227918	0.44999999999999996
2229911	0.8000000000000002
2230823	0.49999999999999994
2231366	0
2232286	0
2233237	0.15000000000000002
2233719	0.15000000000000002
2234652	0.2
2235882	0.25
2237248	0.3
2238529	0.2
2239849	0.25
2241148	0.15000000000000002
2242388	0.05
2243318	0.05
2244328	0.25
2245773	0.25
2247797	0.2
2249177	0.05
2250241	0
2251268	0.1
2252244	0.5499999999999999
2254715	0.7500000000000001
2255665	1.1000000000000003
2257898	1.1000000000000003
2258825	0.5499999999999999
2260564	0.44999999999999996
2261896	0.2
2262930	0.25
2264453	0.2
2265168	0.65
2265736	0.7500000000000001
2266978	0.25
2268322	0.25
2269210	0.15000000000000002
2270262	0.1
2271504	0.1
2273271	0.1
2274726	0.15000000000000002
2275785	0.05
2277094	0.1
2278065	0.05
2279165	0.05
2280135	0
2281512	0
2282659	0
2283443	0
2284242	0.1
2285256	1.800000000000001
2290823	2.0500000000000007
2291884	0.35
2292685	0
2293932	0.05
2295140	0.05
2295481	0.05
2295951	0.05
2296693	0
2297329	0
2297958	0
2298493	0.05
2299146	0.05
2299912	0.1
2301510	0.05
2302881	0.05
2303250	0.05
2303688	0.05
2304149	0.1
2305931	0.3
2307793	0.25
2309016	0.35
2309873	0.39999999999999997
2311006	0.6
2312197	0.44999999999999996
2314824	0.39999999999999997
2316502	0.39999999999999997
2318451	0.8000000000000002
2320956	0.7000000000000001
2322558	0.65
2323778	0.6
2324434	0.7000000000000001
2325417	0.49999999999999994
2326701	0.39999999999999997
2327755	0.44999999999999996
2328972	0.39999999999999997
2330040	0.39999999999999997
2332245	0.39999999999999997
2334647	0.2
2335800	0.15000000000000002
2338106	0.2
2339928	0.1
2342269	0.1
2346007	0.1
2347949	0
2348641	0.15000000000000002
2349147	1.4000000000000006
2349790	2.6999999999999984
2350473	2.549999999999999
2351695	0.6
2353461	0.35
2354894	0
2356116	0.25
2357908	0.25
2358443	0.9500000000000003
2359507	2.9499999999999975
2360811	2.4499999999999993
2361820	1.6500000000000008
2363032	0.8500000000000002
2364004	0
2364766	0.05
2365319	0.15000000000000002
2366488	0.15000000000000002
2367555	0.15000000000000002
2369030	0.05
2370463	0.05
2371734	0.05
2372724	0.05
2373085	0.05
2373405	0
2374325	0
2375481	0.05
2376390	0.05
2377213	0.05
2378424	0.1
2379995	0.1
2380874	0.05
2381312	0.05
2382066	0.25
2383320	0.49999999999999994
2384858	0.5499999999999999
2386345	0.44999999999999996
2387185	0.49999999999999994
2388068	0.25
2388846	0.25
2389540	0.3
2390776	0.3
2392276	0.1
2394125	0.05
2395194	0
2395619	0
2396179	0
2396953	0
2398802	0
2400886	0.05
2401802	0.05
2402956	0
2404282	0
2404850	0.05
2405417	0.1
2406172	0.15000000000000002
2408169	0.1
2409161	0
2410436	0
2411764	0
2412347	0
2412904	0
2414071	0.05
2415819	0.1
2417862	0.1
2418905	0.05
2419509	0.05
2420163	0.05
2420944	0
2421506	0.05
2422154	0.15000000000000002
2424122	0.15000000000000002
2424875	0.05
2425573	0
2426397	0.15000000000000002
2427400	0.25
2428341	0.2
2429479	0.05
2430519	0
2431353	0
2432308	0
2433469	0
2434411	0
2435230	0
2436142	0
2437283	0.1
2438447	0.2
2439531	0.2
2440995	0.1
2442767	0.1
2444030	0.1
2444477	0.05
2445155	0
2445972	0.05
2446930	0.05
2447974	0.05
2448881	0.3
2449638	0.35
2450320	0.25
2450831	0.15000000000000002
2451328	0.2
2451960	0.65
2455364	0.7500000000000001
2456569	0.3
2458087	0.1
2459814	0.15000000000000002
2460792	0.1
2461976	0.2
2463541	0.2
2464629	0.35
2465767	1.4000000000000006
2468674	1.800000000000001
2469796	2.6499999999999986
2472249	4.049999999999994
2472634	4.799999999999991
2473062	5.14999999999999
2473785	6.399999999999985
2474444	6.849999999999984
2475252	7.699999999999981
2475692	10.500000000000014
2476025	9.299999999999997
2476410	5.849999999999987
2477161	3.399999999999996
2478515	3.099999999999997
2479866	1.7500000000000009
2481407	1.6000000000000008
2482757	0.35
2484062	0.39999999999999997
2486170	0.5499999999999999
2488595	0.5499999999999999
2489714	0.44999999999999996
2491103	0.3
2492629	0.2
2494084	0.15000000000000002
2494835	0.05
2495171	0.05
2496105	0
2497676	0
2499519	0.05
2500750	0.05
2501558	0.25
2503237	0.25
2505028	0.15000000000000002
2506089	0.2
2507270	0.2
2508079	0.1
2508943	0.15000000000000002
2510258	0.1
2511164	0.05
2512087	0.2
2513643	0.3
2516737	0.25
2518631	0.25
2519019	0.15000000000000002
2519964	0.49999999999999994
2522035	0.5499999999999999
2523357	0.44999999999999996
2524461	0.5499999999999999
2525509	0.65
2526393	0.7000000000000001
2527445	0.2
2528050	0.1
2529168	0.1
2530740	0.05
2531843	0
2532894	0
2533892	0
2534929	0
2536088	0.05
2536811	0.1
2537529	0.2
2538116	0.1
2539127	0.1
2540265	0
2541241	0
2542095	0.05
2543020	0.1
2544227	0.2
2545180	0.15000000000000002
2546221	0.5499999999999999
2547385	0.5499999999999999
2548754	0.2
2550095	0.15000000000000002
2550928	0
2551501	0
2551925	0
2552786	0.05
2553674	0.2
2554656	0.3
2555478	0.1
2556070	0.1
2556853	0.05
2557998	2.1500000000000004
2560634	4.549999999999992
2561492	6.949999999999983
2561809	4.6499999999999915
2562319	6.499999999999985
2562820	6.849999999999984
2563780	5.349999999999989
2564176	5.04999999999999
2564927	3.899999999999994
2566182	4.249999999999993
2567494	0.5499999999999999
2568917	0.05
2569919	0
2571049	0.05
2571906	0.05
2572303	0
2572997	0.1
2573903	0.1
2574652	0
2575217	0.05
2575637	0.15000000000000002
2577237	0.2
2579141	0.15000000000000002
2580637	0.15000000000000002
2582255	0.1
2583190	0.05
2584535	0.15000000000000002
2586581	0.65
2589151	0.7000000000000001
2591425	0.25
2592170	0
2592862	0.05
2593421	0.1
2594851	0.5499999999999999
2596305	1.6500000000000008
2597261	1.7000000000000008
2597805	0.49999999999999994
2598348	0.3
2599321	0.05
2600192	0
2600713	0.05
2601509	0.39999999999999997
2602827	0.44999999999999996
2604320	0.65
2605530	0.49999999999999994
2606587	0.49999999999999994
2607707	0.25
2609320	0.3
2610436	0.2
2611085	0.2
2611663	0.2
2612906	0.2
2614358	0.25
2615350	0.1
2616825	0.05
2617757	0.05
2618448	0
2619515	0
2620559	0
2621715	0
2622553	0.05
2624077	0.05
2625885	0.15000000000000002
2627816	0.3
2629196	0.3
2629394	0.25
2630052	0.3
2630595	0.5499999999999999
2631746	0.6
2633337	0.35
2634917	1.3000000000000005
2635706	1.6000000000000008
2636620	0.6
2638063	0.05
2638973	0
2639938	0
2641245	0
2642337	0
2643706	0
2644648	0.1
2646149	0.15000000000000002
2649806	0.15000000000000002
2652916	0.15000000000000002
2654545	0.1
2655716	0
2656636	0
2656915	0
2658010	0
2659209	0
2659724	0
2660096	0
2660924	0
2661887	0
2662953	0.05
2663843	0.1
2664817	0.1
2666075	0.1
2667276	0.35
2668451	0.35
2669712	0.35
2670649	0.3
2671068	0.25
2671631	0.35
2672648	0.44999999999999996
2673557	0.8000000000000002
2674252	0.6
2675230	0.44999999999999996
2676326	0.35
2677605	0.39999999999999997
2678875	0.39999999999999997
2681104	0.6
2683459	0.49999999999999994
2684880	0.2
2686430	0.15000000000000002
2687239	0.1
2688136	0.1
2689149	0.15000000000000002
2690362	0.1
2693599	0.15000000000000002
2696579	0.1
2697605	0
2698232	0.1
2699183	0.49999999999999994
2699793	0.6
2700808	0.2
2701363	0
2702105	0
2702933	0
2703723	0
2704822	0
2706224	0.05
2707561	0.05
2708276	0
2709079	0
2709724	0
2711231	0
2712395	0
2713563	0.05
2714879	0.1
2715716	0.1
2716257	0.05
2717098	0.05
2718009	0.2
2718944	0.15000000000000002
2719572	0.3
2721283	0.25
2723404	0.2
2724315	0.15000000000000002
2725097	0.7000000000000001
2732886	0.8000000000000002
2734668	0.25
2735521	0.1
2736514	0.1
2737324	0.1
2738325	0.15000000000000002
2739508	0.1
2740615	0.2
2741544	0.25
2742134	0.25
2742996	0.49999999999999994
2743866	0.49999999999999994
2744356	0.39999999999999997
2744955	0.15000000000000002
2745644	0
2746061	0
2747114	0
2748320	0.15000000000000002
2749439	0.25
2750411	0.3
2751270	0.15000000000000002
2752625	0
2753775	0
2754153	0
2754512	0
2755137	0.8500000000000002
2755616	1.5000000000000007
2758122	1.3500000000000005
2758750	3.149999999999997
2759689	3.949999999999994
2762445	3.149999999999997
2764345	2.549999999999999
2766454	2.4499999999999993
2767169	2.849999999999998
2770053	3.399999999999996
2770563	1.7000000000000008
2771997	1.2000000000000004
2772463	0.8500000000000002
2772936	0.8500000000000002
2774169	1.0000000000000002
2786563	1.2000000000000004
2789473	1.3000000000000005
2790616	0.5499999999999999
2791997	0.39999999999999997
2793375	0.49999999999999994
2794953	0.39999999999999997
2796005	0.3
2796561	0.3
2796949	0.35
2797360	0.05
2797782	0.05
2798293	0
2799388	0
2799822	0
2800310	0.05
2800845	0.05
2801170	0.05
2802420	0.1
2803981	0.1
2805416	0.05
2806542	0.05
2807628	0.2
2808449	0.15000000000000002
2809034	0.39999999999999997
2809985	0.25
2810511	0.35
2811035	0.39999999999999997
2812013	0.39999999999999997
2813385	0.7500000000000001
2814475	0.7000000000000001
2815661	0.15000000000000002
2816726	0.05
2817220	0.15000000000000002
2819053	0.2
2820696	0.15000000000000002
2822389	0.15000000000000002
2823238	0.15000000000000002
2824097	0.25
2825086	0.3
2826113	0.25
2826871	0.15000000000000002
2827547	0.15000000000000002
2828126	0.15000000000000002
2828800	0.1
2829433	0.15000000000000002
2830295	0.25
2831532	0.1
2833195	0.15000000000000002
2834478	0.39999999999999997
2836299	0.5499999999999999
2837841	1.0500000000000003
2838760	0.7500000000000001
2840252	0.65
2841702	1.0500000000000003
2842808	1.1000000000000003
2843241	0.3
2843826	0
2844481	0
2845616	0
2846950	0
2848328	0.05
2849543	0.05
2850204	0
2850822	0
2851437	0
2852000	0
2852696	0
2853759	0.25
2855377	0.49999999999999994
2856629	1.0000000000000002
2856950	1.0000000000000002
2858373	1.5500000000000007
2860088	2.000000000000001
2860850	1.6000000000000008
2861884	1.2000000000000004
2862918	1.2500000000000004
2863912	1.2000000000000004
2864624	1.7500000000000009
2865783	4.099999999999993
2867055	4.249999999999993
2868183	2.3999999999999995
2869206	0.05
2869893	0
2870779	0
2871540	0.05
2872135	0.05
2872664	0
2873175	0
2873689	0
2874705	0
2875875	0.05
2877099	0.6
2878711	0.65
2879313	0.8500000000000002
2880087	0.7500000000000001
2880711	1.1000000000000003
2881596	1.4000000000000006
2882396	1.1500000000000004
2883384	1.2000000000000004
2885886	1.5000000000000007
2887945	0.9500000000000003
2889243	0.2
2890998	0
2892396	0.35
2893292	0.39999999999999997
2894049	0.39999999999999997
2894483	0.44999999999999996
2895349	0.5499999999999999
2896165	0.49999999999999994
2897237	0.44999999999999996
2898691	0.44999999999999996
2899880	0.5499999999999999
2901230	1.2000000000000004
2902635	2.000000000000001
2905082	1.800000000000001
2905627	0.8000000000000002
2906147	1.2000000000000004
2907292	0.7500000000000001
2908847	0.1
2910289	0.2
2910923	0.25
2911215	0.35
2912534	0.65
2914349	0.49999999999999994
2916435	0.39999999999999997
2918715	0.3
2920076	0.39999999999999997
2921424	0.25
2922759	0
2923393	0.05
2923948	0.05
2925007	0
2925772	0
2926990	0.05
2928873	0.05
2930259	0.1
2931432	0.1
2932439	0.05
2933364	0.6
2934893	0.6
2936471	0.6
2938177	0
2939099	0
2939733	0.05
2940693	0.05
2941433	0
2942108	0
2943031	0.1
2943939	0.1
2944763	0
2945439	0.15000000000000002
2946629	3.1999999999999966
2948383	3.7499999999999947
2949907	1.0500000000000003
2951548	0
2954232	0.05
2957440	0.05
2960744	0
2962602	0
2962952	0.05
2963434	0.05
2963942	0.05
2964758	0.05
2965599	0.05
2967311	0
2968712	0
2969403	0
2970006	0
2970776	0
2971380	0.05
2972117	0.05
2973265	0.15000000000000002
2974934	0.2
2977114	0.2
2978268	0.2
2979488	0.2
2980289	0
2981473	0.05
2982877	0.05
2983706	0
2985001	0.1
2986461	0.15000000000000002
2987852	0.15000000000000002
2988315	0.15000000000000002
2988906	0.2
2989545	0.25
2989889	0.2
2990147	0.25
2990777	0.3
2991513	0.35
2992782	1.3500000000000005
2993747	5.949999999999987
2994228	7.4499999999999815
2994681	8.449999999999985
2995014	10.25000000000001
2995529	16.350000000000097
2995884	16.900000000000105
2998431	18.350000000000126
2999513	12.950000000000049
3001454	0.6
3003053	0.49999999999999994
3003728	0.05
3004897	0.1
3006858	0.1
3008108	0.15000000000000002
3009369	0.1
3010720	0.05
3011927	0.1
3013426	0.15000000000000002
3014672	0.05
3015449	0.05
3017609	0.15000000000000002
3019825	0.1
3020929	0.1
3022751	0.1
3025051	0.15000000000000002
3026427	0.15000000000000002
3027804	0.1
3028768	0.05
3029971	0.15000000000000002
3032091	0.2
3032879	0.2
3033339	0.1
3034415	0.05
3035624	0.05
3037239	0.05
3038467	0.05
3039295	0
3040115	0
3040619	0
3040937	0
3041803	0
3042818	0
3043467	0
3044384	0.1
3045529	0.15000000000000002
3047604	0.15000000000000002
3049354	0.05
3050120	0.05
3051716	0.05
3052929	0.05
3054177	0
3055155	0
3055776	0.1
3056488	0.1
3057794	0.05
3058995	0.25
3059496	0.7500000000000001
3060199	1.5500000000000007
3061922	1.2000000000000004
3063484	0.7000000000000001
3064385	0.6
3065541	0.65
3066725	0.5499999999999999
3067710	0.25
3068490	0.35
3069377	0.3
3070704	0
3072040	0.2
3073181	0.65
3074332	0.9000000000000002
3074940	0.5499999999999999
3075699	0.15000000000000002
3076817	0.3
3078165	0.39999999999999997
3079108	0.35
3080639	0.39999999999999997
3082292	1.2000000000000004
3083337	1.2500000000000004
3084923	0.44999999999999996
3086524	0.3
3087283	0.49999999999999994
3088981	0.44999999999999996
3090024	0.39999999999999997
3090700	0.05
3091499	0.05
3092353	0.05
3093182	0.05
3093708	0.1
3094590	0.1
3095450	0.1
3096103	0.05
3096528	0.05
3096977	0.05
3097835	0.35
3099061	0.44999999999999996
3100205	0.15000000000000002
3101263	0.1
3101970	0
3102492	0
3103539	0
3104230	0
3104972	0.05
3106342	0.25
3108087	0.39999999999999997
3109906	1.0500000000000003
3110858	3.149999999999997
3111549	3.999999999999994
3112481	4.099999999999993
3113272	2.9999999999999973
3113947	2.9499999999999975
3116831	2.9499999999999975
3120438	2.000000000000001
3122719	1.2500000000000004
3124029	0.8500000000000002
3124847	0.1
3125996	0.15000000000000002
3127271	0.15000000000000002
3128654	5.249999999999989
3129611	11.55000000000003
3131874	11.350000000000026
3132833	2.8999999999999977
3133593	2.799999999999998
3134477	2.5999999999999988
3135621	2.499999999999999
3137592	2.3999999999999995
3139160	0.05
3139840	0
3140147	0
3140555	0.05
3141039	0.15000000000000002
3142137	0.15000000000000002
3143575	0.1
3144647	0.1
3145702	0.15000000000000002
3146593	0.39999999999999997
3147668	0.44999999999999996
3148417	0.6
3149224	0.3
3150104	0.1
3151030	0.05
3151617	0
3152829	0.05
3153892	0.05
3154740	0.05
3155936	0.15000000000000002
3157036	0.3
3158113	0.25
3158755	0.39999999999999997
3160036	1.5500000000000007
3161963	1.850000000000001
3163112	0.5499999999999999
3164844	0.44999999999999996
3166914	0.65
3168048	0.6
3168396	0.7500000000000001
3168990	1.1500000000000004
3169480	0.39999999999999997
3170157	0.3
3171158	0.9500000000000003
3172820	1.3500000000000005
3173299	2.2
3174450	2.1500000000000004
3175715	0.7000000000000001
3176419	0.1
3177069	0.05
3177595	0.1
3178855	0.05
3180079	0.5499999999999999
3181001	1.3000000000000005
3182026	0.9000000000000002
3182936	0.3
3183466	0.65
3184139	0.8000000000000002
3184985	1.5000000000000007
3190255	1.7000000000000008
3191164	0.6
3191839	0.44999999999999996
3192522	0.15000000000000002
3193694	0.2
3196036	0.15000000000000002
3198221	0.1
3200314	0.1
3201517	0
3202510	0
3203720	0
3204405	0
3205002	0.1
3205790	0.15000000000000002
3206918	0.15000000000000002
3207673	0.2
3208755	0.15000000000000002
3210036	0.1
3210888	0.05
3211979	0.05
3213967	0.05
3215220	0.35
3216109	0.49999999999999994
3217090	0.2
3218316	0.05
3220128	0.05
3221081	0
3221957	0
3224179	0.1
3225946	0.15000000000000002
3226950	0.15000000000000002
3228336	0.2
3230063	0.25
3232674	0.49999999999999994
3233936	0.35
3234298	0.39999999999999997
3235307	0.35
3236211	0.2
3236886	0.15000000000000002
3237804	0.1
3239062	0.15000000000000002
3240566	0.15000000000000002
3241468	0.1
3242570	0.05
3244035	0.2
3245873	2.549999999999999
3247040	2.9499999999999975
3248104	0.6
3248630	0
3249153	0
3249527	0
3249885	0
3250226	0
3250713	0
3251517	0.05
3252486	0.2
3253089	0.15000000000000002
3253766	0.2
3254669	0.1
3255125	0.1
3255996	0.15000000000000002
3257344	0.35
3258967	0.35
3259915	0.1
3261271	0.1
3263056	0.1
3264351	0
3265533	0.35
3266596	0.6
3268123	0.7000000000000001
3269008	0.7000000000000001
3271197	0.5499999999999999
3272312	0
3273172	0.05
3274240	0.15000000000000002
3276067	0.49999999999999994
3277169	0.9500000000000003
3277569	0.8000000000000002
3278260	0.9000000000000002
3279554	0.7500000000000001
3280453	1.1000000000000003
3280901	2.3999999999999995
3281397	2.000000000000001
3282553	1.2000000000000004
3283573	1.1500000000000004
3284408	0.7000000000000001
3285086	0.8000000000000002
3285873	0.7500000000000001
3286674	1.0500000000000003
3287718	1.1500000000000004
3288437	1.2000000000000004
3290072	1.1000000000000003
3291886	0.9000000000000002
3292905	0.7000000000000001
3294418	0.05
3295591	0.05
3296104	0
3296696	0.05
3297618	0.1
3298528	0.15000000000000002
3299233	0.1
3299693	0.1
3300117	0
3300506	0
3301014	0
3301982	0
3302928	0
3303951	0.1
3305195	0.1
3306915	0
3308482	0
3310100	0
3311549	0
3312305	0
3312977	0.05
3314678	0.05
3316782	0.05
3317780	0.1
3319308	0.25
3320746	0.25
3322339	0.2
3323401	0
3324487	0.05
3325972	0.1
3327349	0.05
3327936	0
3328477	0.05
3329679	0.05
3331168	0
3332252	0
3332990	0
3333295	0
3334195	0
3335048	0
3335864	0.05
3336683	0.05
3337109	0
3337573	0
3338185	0
3338857	0
3339660	0
3340763	0
3341759	0
3342556	0
3343123	0
3343658	0
3344306	0
3345433	0
3346316	0
3346823	0
3347542	0
3348102	0
3348768	0.05
3349445	0.05
3350132	0.15000000000000002
3351857	0.15000000000000002
3353585	0.2
3356908	0.15000000000000002
3359907	0.3
3361558	0.35
3362449	0.49999999999999994
3363997	0.5499999999999999
3367284	0.6
3368390	0.44999999999999996
3369246	0.2
3369912	0
3370691	0
3371829	0.25
3373129	0.25
3374093	0.25
3375552	0.15000000000000002
3376527	0.1
3377101	0.05
3378011	0.05
3378437	0
3379433	0
3380390	0.05
3381426	0.1
3382733	0.1
3383799	0.05
3384938	0
3385669	0
3385993	0
3387204	0
3388660	0
3389235	0.2
3389984	0.25
3391305	0.15000000000000002
3394358	0.05
3397060	0.1
3398081	0.05
3398631	0
3399426	0
3400565	0
3402362	0.1
3403971	0.3
3405671	1.800000000000001
3406591	2.9499999999999975
3407496	2.25
3408332	0.2
3409510	0.05
3410762	0.1
3411419	0.25
3412095	0.39999999999999997
3412710	0.2
3413134	0.35
3414442	1.4000000000000006
3418139	1.3000000000000005
3418500	0.9500000000000003
3419160	0.35
3419670	0.44999999999999996
3420724	0.25
3421876	0.15000000000000002
3422815	0.5499999999999999
3429513	0.8500000000000002
3429894	0.49999999999999994
3430429	0.39999999999999997
3431129	0.39999999999999997
3431691	0.25
3432227	0.39999999999999997
3432998	0.44999999999999996
3433944	0.35
3434687	0.35
3435851	0.44999999999999996
3437206	0.39999999999999997
3438229	0.2
3438540	0.1
3438917	0.1
3439325	0.05
3439807	0.05
3440534	0
3441365	0
3441903	0
3442293	0.05
3442676	0.05
3443431	0.05
3444322	0
3444632	0
3444977	0
3445420	0
3445873	0
3446349	0
3446731	0
3447168	0.05
3447610	0.05
3447963	0
3448441	0
3448663	0
3448964	0
3449532	0
3450067	0
3450387	0
3450953	0
3451533	0
3451983	0
3452611	0
3453114	0
3453717	0.2
3454663	0.3
3455985	0.5499999999999999
3457353	0.44999999999999996
3459079	0.5499999999999999
3460415	0.7000000000000001
3461241	0.8000000000000002
3461722	0.44999999999999996
3462162	0
3462637	0.05
3463415	0.1
3464503	0.1
3465312	0.1
3465881	0.05
3466487	0.05
3466894	0.3
3468506	0.6
3472457	0.6
3473811	0
3474365	0
3474821	0
3475152	0
3475525	0
3476079	0.05
3477013	0.05
3477749	0.05
3478202	0
3478692	0.1
3479704	0.15000000000000002
3480882	0.15000000000000002
3482245	0.15000000000000002
3483713	0.05
3484327	0
3484924	0
3485616	0
3486436	0
3487848	0.05
3489570	0.1
3490547	0.05
3491162	0.1
3491536	0.05
3492011	0.05
3493158	0
3495282	0
3496714	0
3497406	0
3498514	0.05
3499531	0.25
3500578	0.25
3501779	0.25
3502755	0.3
3503559	0.25
3504417	0.35
3505477	0.3
3506684	0.25
3507524	0.3
3508151	0.25
3509200	0.25
3510394	0.2
3511241	0.15000000000000002
3511891	0.1
3513136	0.1
3514010	0.05
3514720	0.15000000000000002
3515495	0.15000000000000002
3516663	0.3
3517942	0.15000000000000002
3518803	0.05
3520069	0
3520817	0.05
3521229	0.1
3521702	0.2
3522361	0.15000000000000002
3524147	0.1
3525869	0.05
3527536	0.05
3529003	0.05
3529548	0
3530213	0
3531577	0.1
3533629	0.6
3535192	0.5499999999999999
3536224	0.05
3537050	0.05
3538545	0.1
3540276	0.1
3541567	0.15000000000000002
3542846	0.25
3544459	0.25
3545223	0.05
3545911	0.05
3547217	0.05
3549028	0
3551276	0.1
3554437	0.35
3556341	0.39999999999999997
3557466	0.3
3559067	0.2
3560101	0.1
3561037	0.05
3561660	0.15000000000000002
3562765	1.0000000000000002
3563864	2.2
3565357	2.0500000000000007
3567316	0.7000000000000001
3568680	0
3570332	0.05
3572409	0.05
3574326	0.1
3575367	0.44999999999999996
3576391	0.49999999999999994
3577328	0.15000000000000002
3578228	0
3579297	0.05
3580286	0.15000000000000002
3581382	0.49999999999999994
3582452	0.6
3583246	0.65
3584481	0.49999999999999994
3584901	0.44999999999999996
3585952	0.35
3587163	0.05
3587741	0.05
3588645	0.1
3589604	0.05
3590467	0.15000000000000002
3591667	0.6
3593080	0.6
3593822	0.15000000000000002
3594841	0.05
3595940	0.05
3597005	0.05
3598175	0.9000000000000002
3599106	1.7000000000000008
3600356	1.1000000000000003
3601557	0.49999999999999994
3602413	0
3603496	0
3604691	0
3605113	0
3605430	0
3606064	0.05
3607550	0.1
3608873	0.1
3609549	0.05
3610233	0.2
3611141	0.2
3612389	0.2
3613262	0.15000000000000002
3614454	1.3000000000000005
3615713	1.2500000000000004
3616598	1.2000000000000004
3617397	1.2000000000000004
3618179	1.5500000000000007
3618788	4.199999999999993
3623590	3.999999999999994
3626241	4.699999999999991
3628170	1.1500000000000004
3630068	1.0000000000000002
3631779	1.1000000000000003
3633037	1.2000000000000004
3633839	1.1500000000000004
3635367	3.149999999999997
3636809	3.7499999999999947
3638391	1.3000000000000005
3639552	0
3640328	0.05
3641596	0.35
3642756	0.3
3644161	0
3645806	0.05
3646975	0.05
3647902	0.25
3648704	0.25
3649579	0.35
3650449	0.65
3651682	0.8500000000000002
3654244	1.2000000000000004
3654948	1.4500000000000006
3655542	1.0000000000000002
3656135	0.2
3656574	0
3657281	0.05
3658629	0.15000000000000002
3659033	0.15000000000000002
3659810	0.2
3661970	0.25
3664254	0.35
3665398	0.35
3668489	0.44999999999999996
3670416	0.39999999999999997
3671593	0.2
3672827	0.05
3673868	0
3675447	0.05
3677320	0.05
3678803	0.05
3679883	0.25
3681192	0.25
3682804	0.05
3684604	0.15000000000000002
3687436	0.35
3689708	0.35
3691419	0.35
3693927	0.65
3695597	1.1000000000000003
3696091	1.1000000000000003
3697249	1.0500000000000003
3698121	0.9000000000000002
3699053	0.9500000000000003
3700033	0.65
3701198	0.7000000000000001
3702366	0.2
3703356	0
3704310	0.05
3705280	0.25
3706901	1.0500000000000003
3709629	1.2000000000000004
3711403	0.8500000000000002
3712585	0.25
3713373	0.05
3713872	0.05
3715227	0.05
3716876	0.1
3717797	0.1
3718689	0.05
3719623	0
3720155	0.1
3720524	0.35
3720940	0.5499999999999999
3723362	0.44999999999999996
3724862	0.1
3725562	0.1
3726384	0.2
3727142	0.3
3727577	0.39999999999999997
3728644	0.44999999999999996
3730104	0.65
3731627	0.39999999999999997
3732971	0.25
3734310	0.2
3735568	0.15000000000000002
3736765	0.15000000000000002
3738512	0.05
3740331	0
3741345	0.1
3742108	0.15000000000000002
3743232	0.25
3743976	0.5499999999999999
3744564	1.2000000000000004
3745442	0.9500000000000003
3746587	0.9000000000000002
3747832	0.8000000000000002
3748908	0.65
3749662	0.6
3750433	1.900000000000001
3751498	2.6999999999999984
3752479	2.3999999999999995
3754266	2.1000000000000005
3754648	2.3
3755742	3.5499999999999954
3757251	1.5000000000000007
3758939	1.0500000000000003
3760553	0.7000000000000001
3761651	3.349999999999996
3768407	4.499999999999992
3771563	4.399999999999992
3773237	0.9500000000000003
3774998	0.05
3775865	0.05
3776275	1.2500000000000004
3776846	4.3499999999999925
3778226	4.049999999999994
3779442	0.49999999999999994
3780422	0
3781451	0
3782151	0.05
3783151	0.05
3783894	0
3784316	0
3784799	0
3786032	0
3787467	0
3788580	0.05
3789564	0.05
3790832	0
3791953	0.15000000000000002
3793262	0.15000000000000002
3794453	0.1
3795452	0.15000000000000002
3796458	0.9500000000000003
3797577	1.4500000000000006
3798775	1.2500000000000004
3799770	1.4500000000000006
3800616	1.900000000000001
3801491	2.3499999999999996
3802548	2.000000000000001
3803597	2.499999999999999
3804648	1.3000000000000005
3805551	0.39999999999999997
3806505	0.05
3807599	0.05
3809178	0.05
3810064	0
3810747	0.05
3811333	0.05
3811556	0
3812225	0.05
3813341	0.1
3814158	0.05
3814792	0.1
3815447	0.1
3816206	0.1
3817107	1.3000000000000005
3818172	1.5000000000000007
3819182	0.9500000000000003
3820329	0.2
3821739	0.15000000000000002
3822243	0
3823454	0
3824859	0.05
3826250	0.15000000000000002
3828062	0.25
3829640	0.35
3831311	0.65
3833378	0.49999999999999994
3835238	1.7500000000000009
3837545	2.2
3838709	1.5500000000000007
3839584	0.7000000000000001
3840361	1.1500000000000004
3841168	1.2000000000000004
3842176	1.0500000000000003
3843122	0.7500000000000001
3844847	0.3
3846471	0.1
3847964	0
3849385	0.1
3850431	1.6000000000000008
3850947	1.6500000000000008
3851940	0.44999999999999996
3853597	0.49999999999999994
3854514	0.49999999999999994
3855362	0.15000000000000002
3855789	0.2
3856133	0.8000000000000002
3856639	0.9000000000000002
3857657	1.5000000000000007
3859258	1.1000000000000003
3860729	1.0000000000000002
3861261	0.8000000000000002
3861668	0.9000000000000002
3865442	0.6
3866683	0.1
3867215	0
3867930	0
3868669	0.05
3869909	0.2
3871084	0.9500000000000003
3872424	0.8500000000000002
3873303	0.6
3874035	0.49999999999999994
3874815	0.49999999999999994
3875766	0.25
3876546	0.1
3877266	0.1
3878912	0.15000000000000002
3880684	0.1
3881771	0.1
3883027	0.05
3884406	0.05
3884689	0
3885899	0
3887510	0.2
3889437	0.3
3890859	0.15000000000000002
3892202	0.1
3893244	0.05
3894255	0
3894935	0
3895940	0.1
3897106	1.950000000000001
3897739	2.2
3898315	2.1000000000000005
3899032	2.1500000000000004
3899992	2.799999999999998
3901412	3.4999999999999956
3902995	3.049999999999997
3904658	2.6499999999999986
3906149	2.5999999999999988
3907215	2.499999999999999
3907979	0.05
3908994	0.05
3909918	0.15000000000000002
3911005	2.2
3912753	2.3499999999999996
3914515	0.44999999999999996
3915762	0.15000000000000002
3916684	0.1
3917833	0.05
3919086	0.05
3920136	0
3920653	0
3921069	0
3921643	0.05
3922250	0.1
3923368	0.05
3924688	0
3926233	0
3926774	0.05
3927651	0.15000000000000002
3928877	0.15000000000000002
3930345	0.3
3932250	0.49999999999999994
3933560	0.39999999999999997
3934530	0.35
3935770	0.49999999999999994
3936723	0.7500000000000001
3937758	0.8500000000000002
3938723	0.8000000000000002
3939898	0.3
3940981	0.2
3947547	0.25
3948255	0.44999999999999996
3949209	0.8500000000000002
3951051	0.7000000000000001
3951936	0.39999999999999997
3952332	0.35
3952948	0.05
3954403	0.05
3956103	0
3957373	0
3958707	0
3959672	0.1
3960351	0.15000000000000002
3961687	0.2
3963487	0.05
3964997	0
3965925	0
3967046	0.1
3967795	0.1
3968467	0.15000000000000002
3969554	0.05
3970698	0.05
3971891	0.15000000000000002
3973055	0.2
3974804	0.2
3975711	0.15000000000000002
3976903	0.15000000000000002
3978064	0.05
3979277	0
3980326	0.05
3981579	0.1
3983575	0.25
3985179	0.44999999999999996
3987284	0.39999999999999997
3988475	0.15000000000000002
3989458	0.05
3990306	0.1
3992426	0.8500000000000002
3993899	4.3499999999999925
3994623	3.899999999999994
3995174	0.39999999999999997
3995936	0.15000000000000002
3996735	0.15000000000000002
3997541	0.1
3999064	0.35
4000674	2.8999999999999977
4001901	7.549999999999981
4002609	7.4499999999999815
4003003	5.899999999999987
4003733	6.8999999999999835
4004463	1.3500000000000005
4005296	0
4006775	0.1
4008067	0.2
4008749	0.25
4009681	0.2
4010600	0.15000000000000002
4011525	0.15000000000000002
4012339	0.44999999999999996
4014183	2.5999999999999988
4015761	3.4499999999999957
4016811	4.549999999999992
4018046	4.049999999999994
4019232	0.7500000000000001
4019926	0.05
4021046	0.05
4022079	0
4022475	0.05
4023124	0.25
4023945	0.25
4024577	0.15000000000000002
4025734	0.05
4026877	0.05
4028190	0.1
4029876	0.15000000000000002
4031826	0.15000000000000002
4032799	0.2
4033870	0.15000000000000002
4034880	0.2
4041169	0.05
4041707	0.05
4042203	0.05
4042908	0.05
4043731	0.25
4044914	0.35
4046136	0.3
4046814	0.2
4048359	0.15000000000000002
4050449	0.1
4051601	0.05
4052731	0.05
4053702	0
4054573	0.2
4055814	0.3
4057329	0.15000000000000002
4059318	0.15000000000000002
4060802	0.15000000000000002
4061655	0.8000000000000002
4062879	3.899999999999994
4063949	3.399999999999996
4068258	3.049999999999997
4069938	2.799999999999998
4071135	2.9499999999999975
4072212	3.4499999999999957
4073123	2.6499999999999986
4074187	2.3999999999999995
4075061	2.1500000000000004
4075852	1.850000000000001
4076582	0.49999999999999994
4077233	0.15000000000000002
4077967	5.349999999999989
4078902	7.399999999999982
4079400	10.500000000000014
4079848	4.549999999999992
4080060	2.549999999999999
4080763	2.499999999999999
4081542	0.05
4082308	0
4083979	0
4085528	0.05
4086432	1.2500000000000004
4087529	1.950000000000001
4088981	1.800000000000001
4090390	1.850000000000001
4091640	2.9499999999999975
4092600	3.599999999999995
4093281	2.4499999999999993
4093860	1.1500000000000004
4095352	0.8000000000000002
4096713	0.8000000000000002
4098154	0.39999999999999997
4099025	0.49999999999999994
4100008	0.6
4101120	0.35
4102181	0.15000000000000002
4103159	0.05
4104288	0.05
4105321	0
4106070	0.7000000000000001
4106920	0.8000000000000002
4107369	0.1
4108033	0.1
4109328	0.05
4110307	0.05
4111123	0
4111914	0
4112535	0
4113116	0
4113507	0
4114099	0
4115074	0
4116468	0.05
4117667	0.44999999999999996
4118640	0.8500000000000002
4119087	0.5499999999999999
4119886	0.15000000000000002
4121081	0.1
4122022	0.05
4122807	0
4123943	0.15000000000000002
4125711	0.2
4127119	1.4000000000000006
4127590	2.0500000000000007
4128236	1.1500000000000004
4129252	0.5499999999999999
4131051	3.4499999999999957
4133061	3.7499999999999947
4134925	0.7500000000000001
4136560	0.49999999999999994
4137348	0.15000000000000002
4138483	0.2
4139377	0.25
4140970	0.35
4143069	0.25
4143784	0.3
4145143	0.49999999999999994
4146697	0.39999999999999997
4147308	0.15000000000000002
4147891	0.1
4149398	0.1
4151772	0.05
4154271	0.1
4155503	0.1
4156401	0.05
4157536	0.15000000000000002
4158948	0.3
4160090	0.5499999999999999
4161419	0.49999999999999994
4161950	0.15000000000000002
4162720	0.2
4164561	0.2
4165856	0.3
4172571	0.25
4173564	0
4174539	0.15000000000000002
4177549	0.15000000000000002
4178015	0
4178661	0
4179231	0
4180244	0
4180742	0.05
4183259	0.05
4187461	0.2
4190055	0.15000000000000002
4191301	0.15000000000000002
4192250	0.1
4192737	0.1
4193198	0.05
4193886	0
4195151	0
4196570	0
4197289	0.05
4198248	0.05
4199125	0.15000000000000002
4199799	0.1
4200417	0.05
4200943	0.05
4201475	0.25
4202624	0.7000000000000001
4203982	0.65
4205286	0.15000000000000002
4206737	0.7000000000000001
4213425	0.7500000000000001
4213901	0.9000000000000002
4214744	0.44999999999999996
4216278	0.2
4217761	0.1
4219464	0.2
4221394	0.15000000000000002
4223216	0.5499999999999999
4225669	0.7000000000000001
4228546	1.5000000000000007
4229797	4.199999999999993
4230790	4.249999999999993
4231495	5.699999999999988
4232558	4.499999999999992
4234582	1.4000000000000006
4236027	0.2
4236581	0.2
4237265	0.2
4238682	0.39999999999999997
4240530	0.49999999999999994
4241516	0.3
4243071	0.25
4244303	0
4245824	0.1
4246559	0.25
4247341	0.25
4248641	0
4250014	0.2
4250525	0.3
4250800	0.35
4251619	0.3
4252754	0.2
4253452	0.05
4255254	0.05
4256821	0.05
4257419	0
4258458	0
4259341	0
4259745	0.39999999999999997
4260448	0.49999999999999994
4260952	0.8000000000000002
4262187	0.7000000000000001
4262961	0.44999999999999996
4263739	2.1000000000000005
4265021	3.149999999999997
4266321	2.6999999999999984
4267710	3.399999999999996
4268910	3.099999999999997
4269770	4.049999999999994
4270446	1.5000000000000007
4270836	0.8000000000000002
4272460	0.05
4274393	0.2
4274900	0.2
4276264	0.15000000000000002
4277221	0.25
4277701	0.25
4279153	0.25
4280804	0.6
4282429	0.5499999999999999
4284077	0.5499999999999999
4285056	0.25
4286392	0.15000000000000002
4288482	0.15000000000000002
4289528	0.1
4290143	0
4290954	0.05
4292359	0.05
4293354	0
4293841	0
4295137	0.1
4296780	0.44999999999999996
4298058	0.6
4299156	0.3
4300297	0.15000000000000002
4302052	0.25
4303593	0.2
4304265	0.2
4305604	1.1500000000000004
4307334	1.1000000000000003
4308130	1.1000000000000003
4308979	1.4000000000000006
4310214	1.5000000000000007
4311574	1.5000000000000007
4312546	1.4500000000000006
4313574	1.3000000000000005
4314032	1.1500000000000004
4314723	0.2
4315321	0.1
4315803	0.1
4316650	0.1
4317555	0.05
4318385	0
4319183	0.15000000000000002
4320131	0.15000000000000002
4320955	0.1
4321470	0
4322059	0.05
4322627	0.05
4323844	0.1
4324771	0.1
4325519	0.05
4326566	0.15000000000000002
4328249	0.25
4329799	0.25
4331253	0.2
4332160	0
4332731	0
4333616	0
4334768	0.05
4336362	0.1
4337548	0.25
4339389	0.5499999999999999
4341174	0.6
4342588	0.8000000000000002
4344085	0.65
4345243	0.6
4346503	0.25
4348074	0.25
4349674	0.2
4350846	0.39999999999999997
4351958	1.2500000000000004
4352221	1.4000000000000006
4352732	0.8500000000000002
4352994	0.5499999999999999
4353958	0.7500000000000001
4355682	0.8000000000000002
4357543	0.8500000000000002
4359364	1.2500000000000004
4361165	2.25
4363020	2.25
4364193	0.3
4365187	0
4366122	0
4367609	0
4368902	0.05
4369784	0.05
4370834	0
4371848	0
4372985	0
4373799	0.05
4375143	0.05
4375982	0.1
4376379	0.1
4376626	0.1
4377033	0
4377455	0.05
4378377	0.3
4379186	0.3
4379574	0.2
4380150	0.2
4381414	0.35
4383131	0.49999999999999994
4384612	0.39999999999999997
4385550	0.35
4385867	0.25
4387708	0.2
4389876	0
4390983	0
4391876	0
4393497	0.05
4394847	0.1
4395815	0.1
4396733	0.05
4398335	0.05
4399727	0.05
4400442	0.05
4401312	0.05
4402667	0.05
4403802	0
4404484	0.05
4405336	0.05
4406402	0
4407874	0
4409640	0.25
4410333	0.3
4410902	0.2
4411631	0.1
4412178	0.2
4412706	0.2
4413609	0.2
4415087	0.05
4416154	0
4416605	0
4417326	0
4418075	0.05
4419093	0.1
4420678	0.1
4421545	0.05
4421940	0.05
4422511	0.15000000000000002
4423273	0.1
4424043	0
4424653	0.05
4425315	0.05
4425677	0
4425952	0.2
4426332	5.249999999999989
4427025	7.649999999999981
4427932	8.449999999999985
4428398	2.1000000000000005
4429245	1.0500000000000003
4430570	1.2500000000000004
4431652	1.3500000000000005
4432573	1.1500000000000004
4433594	1.0000000000000002
4434303	1.1000000000000003
4435593	0.25
4437125	0.3
4438176	0.1
4438985	0.15000000000000002
4439690	0.1
4440543	0.1
4441857	0.05
4443248	0.1
4446001	0.1
4448064	0.2
4448572	0.2
4448885	0.2
4449387	0.25
4450440	0.15000000000000002
4451809	0.3
4453085	0.25
4454080	0.05
4455110	0
4456471	0
4457589	0
4458635	0
4459704	0
4460132	0.05
4461591	0.25
4463881	0.35
4465469	0.2
4466772	0.1
4468973	0.15000000000000002
4470720	0.15000000000000002
4471216	0.25
4471927	1.900000000000001
4473011	1.7500000000000009
4473696	1.4000000000000006
4474420	2.25
4475088	4.849999999999991
4476344	2.8999999999999977
4478681	1.4500000000000006
4479285	0.15000000000000002
4480328	0.1
4482409	0.1
4484058	0.05
4485195	0
4486778	0.05
4487859	0.1
4489312	0.5499999999999999
4490640	0.49999999999999994
4491865	1.0500000000000003
4492969	1.6500000000000008
4493890	1.2000000000000004
4494904	0.5499999999999999
4495699	0.6
4496624	1.2000000000000004
4499798	2.25
4500258	2.1500000000000004
4500611	1.3500000000000005
4502767	1.850000000000001
4504666	1.7000000000000008
4505846	1.3500000000000005
4506510	2.5999999999999988
4506801	3.7999999999999945
4510004	2.7499999999999982
4511936	1.900000000000001
4512910	1.2000000000000004
4513857	0.8000000000000002
4515515	1.0000000000000002
4517240	1.1000000000000003
4517974	1.3000000000000005
4519831	1.5500000000000007
4521345	1.1000000000000003
4525409	0.7500000000000001
4526497	0.8500000000000002
4527221	1.3500000000000005
4527764	1.1000000000000003
4528514	0.9500000000000003
4531090	0.9000000000000002
4532810	0.8500000000000002
4533511	2.3
4533924	3.4999999999999956
4535523	4.249999999999993
4537104	5.399999999999989
4538212	4.399999999999992
4539143	3.999999999999994
4541258	4.599999999999992
4542335	3.399999999999996
4543389	3.7499999999999947
4544018	3.4499999999999957
4544666	3.2999999999999963
4548536	2.25
4549259	2.3
4550624	1.4500000000000006
4552228	0.5499999999999999
4553631	0.49999999999999994
4554480	0.9000000000000002
4554986	0.9000000000000002
4555905	0.7500000000000001
4556624	1.4000000000000006
4557189	1.3500000000000005
4557833	0.44999999999999996
4558940	0.05
4559769	0.25
4560338	0.9000000000000002
4561207	1.0000000000000002
4562086	0.49999999999999994
4563228	0.25
4563796	0.05
4564305	0.2
4565274	0.7000000000000001
4566606	2.000000000000001
4567903	4.449999999999992
4571833	4.099999999999993
4573172	4.199999999999993
4575495	4.049999999999994
4577435	5.349999999999989
4578656	6.949999999999983
4579669	8.09999999999998
4580765	7.94999999999998
4582253	6.799999999999984
4585005	7.299999999999982
4587406	6.0499999999999865
4588387	1.3500000000000005
4588977	1.2500000000000004
4590204	3.5499999999999954
4592484	2.9999999999999973
4594041	3.1999999999999966
4595394	1.4500000000000006
4596501	0.44999999999999996
4598295	0
4599942	0.05
4600606	0.05
4601247	0
4601860	0.05
4602473	0.1
4603839	0.1
4604498	0.15000000000000002
4605269	0.2
4605922	0.3
4607184	0.15000000000000002
4608009	0
4608408	0.05
4608984	0.05
4610208	0
4611698	0
4612208	0
4612947	0
4613870	0.2
4615111	0.2
4616290	0.2
4617712	0.1
4618890	0.1
4620214	0.2
4621242	0.25
4622434	0.35
4623609	0.2
4624467	0.15000000000000002
4625379	0.05
4626603	0.6
4627931	0.7000000000000001
4628664	0.44999999999999996
4629688	0
4631701	0
4632938	0
4633489	0.05
4634120	0.05
4634875	0.05
4635757	0.05
4636351	0.15000000000000002
4637408	0.2
4638854	0.15000000000000002
4639948	0
4641285	undefined
