position	complexity
1568	0
3267	0
4377	0.09090909090909093
5382	0.1760540184453228
6071	0.2577206851119894
7244	0.12166666666666669
8714	0.04
9599	0
10211	0
10999	0
11584	0.06666666666666667
13121	0.41041666666666665
14733	3.364772727272727
18072	3.2898284313725483
19170	2.2412671886936546
20946	2.1962710084033574
21877	0.28492063492063496
23799	0.027777777777777776
25454	0
26050	0
26752	0.1
27750	0.15
28784	0.1
30225	0.1
32427	0.27499999999999997
34497	0.225
35076	0.05
35769	0.07500000000000001
37047	0.1
38506	0.125
39815	0.1
41174	0.05
42788	0.07500000000000001
43658	0.05
44823	0
45606	0
46472	0.05
47511	0.07500000000000001
48700	0.24999999999999997
50007	0.8250000000000004
50801	0.9000000000000005
51417	0.27499999999999997
52019	0
52921	0.025
54059	0.05
55932	0.025
57771	0.05
58799	0.07500000000000001
59200	0.07500000000000001
60016	0.1
61811	0.07500000000000001
64604	0.07500000000000001
66202	0.05
67586	0.05
69198	0.175
70826	0.5750000000000002
71733	0.5500000000000002
72578	0.15
73716	0.15
74988	0.175
76471	0.15
77453	0.1
78210	0.1
79150	0.125
80164	0.07500000000000001
81412	0.07500000000000001
82743	0.125
84840	0.15
86492	0.1
87602	0.07500000000000001
88530	0.07500000000000001
89863	0.025
90564	0.025
91214	0.07500000000000001
92296	0.05
93909	0.05
95329	0.025
96543	0.025
97745	0.025
99025	0
100177	0
101502	0
102693	0
103570	0
104613	0
105880	0
107015	0.025
107923	0.07500000000000001
109631	0.175
111238	0.125
111747	0.07500000000000001
112227	0
112909	0.05
113965	0.07500000000000001
115123	0.07500000000000001
116406	0.1
117329	0.07500000000000001
118198	0.05
119008	0.025
119708	0.05
120863	0.05
122474	0
124348	0.025
126641	0.025
128624	0.025
130333	0.07500000000000001
132913	0.05
134569	0.05
135185	0.025
136031	0
136724	0.025
137858	0.05
140030	0.125
141699	0.125
142339	0
143242	0
144087	0
144797	0
145695	0.025
146504	0.1
147419	0.2
148369	0.125
149204	0.2
150334	0.3
151301	0.35000000000000003
151928	0.24999999999999997
152527	0.24999999999999997
154127	0.325
155831	0.325
156591	0.2
157492	0.1
158411	0
159649	0.025
160376	0.025
161134	0.05
161766	0.05
163319	0.05
165997	0.175
168605	0.15
170176	0.1
171020	0.1
172453	0.1
174242	0.07500000000000001
175817	0.05
176782	0.05
177312	0.07500000000000001
178062	0.07500000000000001
178804	0.125
179995	0.1
181596	0.07500000000000001
183041	0.125
183902	0.15
184628	0.05
185535	0.07500000000000001
187314	0.025
189109	0.025
190236	0
191282	0
192217	0
193150	0.025
194119	0.025
195285	0.025
195740	0.025
196159	0.025
197222	0.05
199144	0.05
200724	0.025
201483	0
202328	0
202954	0
203922	0
204791	0.025
206867	0.025
209100	0.07500000000000001
210749	0.07500000000000001
212071	0.07500000000000001
212980	0.025
213808	0.025
214025	0.05
214563	0.05
215044	0
215624	0.07500000000000001
216591	0.07500000000000001
217916	0.1
219240	0.07500000000000001
219793	0.07500000000000001
220520	0.07500000000000001
221294	0.15
222129	0.2
223120	0.27499999999999997
229568	0.24999999999999997
230424	0.37500000000000006
231532	0.325
232237	0.325
233207	0.325
234404	0.325
235177	0.3
235768	0.325
236428	0.9000000000000005
237727	1.949999999999997
238496	2.299999999999996
238915	3.074999999999993
239804	2.9499999999999935
240593	0.175
242081	0.07500000000000001
243832	0.07500000000000001
244710	0.025
245435	0.07500000000000001
246100	0.07500000000000001
246372	0.2
247148	0.6250000000000002
247885	0.7500000000000003
249227	1.0250000000000004
250509	0.7250000000000003
251425	0.37500000000000006
252151	0.5500000000000002
252500	0.6000000000000002
252974	0.7000000000000003
253600	0.6000000000000002
253952	0.5000000000000001
254987	0.5000000000000001
256206	0.4250000000000001
257149	0.4000000000000001
258870	0.4250000000000001
259572	0.47500000000000014
260939	0.47500000000000014
262129	0.9750000000000004
263160	1.649999999999998
265423	2.9749999999999934
269735	2.7249999999999943
273419	3.2749999999999924
275203	2.799999999999994
276014	2.6749999999999945
277181	2.6749999999999945
278279	2.849999999999994
278995	3.149999999999993
281400	3.349999999999992
286086	2.7249999999999943
287594	2.8999999999999937
288783	2.9249999999999936
291865	2.574999999999995
293569	2.824999999999994
294372	2.474999999999995
295030	2.4249999999999954
295359	2.249999999999996
296358	2.299999999999996
297586	2.3999999999999955
298248	0.9250000000000004
299835	0.6000000000000002
301409	0.5750000000000002
302228	0.6750000000000003
303298	0.6500000000000002
304850	0.37500000000000006
305995	0.175
308069	0.125
309692	0.175
310377	0.2
311017	0.3
312444	0.5750000000000002
312647	0.5500000000000002
313191	1.0500000000000005
314800	1.424999999999999
316793	1.724999999999998
318022	1.1749999999999998
319338	0.7500000000000003
320654	0.4250000000000001
321967	0.4000000000000001
323051	0.4000000000000001
324105	0.125
325030	0.7000000000000003
326412	1.15
327997	0.6750000000000003
329040	0.27499999999999997
330479	0.225
332915	0.3
333967	0.225
334773	0.225
335582	0.225
336356	0.225
337551	0.4250000000000001
339034	0.6750000000000003
339929	0.5000000000000001
340640	0.7500000000000003
341816	0.9000000000000005
343408	0.8500000000000004
344583	0.37500000000000006
345982	0.175
346621	0.1
347650	0.07500000000000001
349127	0.1
349741	0.07500000000000001
350596	0.07500000000000001
351940	0.07500000000000001
353649	0.125
355551	0.1
356812	0.1
358240	0.07500000000000001
359128	0.05
359724	0.1
360555	0.15
361554	0.175
362552	0.2
364768	0.47500000000000014
366973	0.8750000000000004
368003	0.9000000000000005
369443	0.47500000000000014
370749	0.37500000000000006
371672	0.24999999999999997
372519	0.24999999999999997
373396	0.225
374374	0.2
376064	0.225
377041	0.24999999999999997
377951	0.175
379016	0.1
379743	0.325
380455	0.7500000000000003
381065	0.7750000000000004
383337	0.6750000000000003
383994	0.5250000000000001
384337	0.7000000000000003
385713	0.5750000000000002
386590	0.1
387384	0.05
388220	0.125
389240	0.5750000000000002
394817	0.5500000000000002
395708	0.5000000000000001
396383	0.3
397249	0.3
398419	0.3
399179	0.24999999999999997
399699	0.225
400376	0.225
401516	0.2
402454	0.2
403441	0.15
404260	0.15
405239	0.15
405993	0.07500000000000001
406667	0
407074	0
407766	0.07500000000000001
408319	0.3
408687	0.27499999999999997
409596	0.24999999999999997
410598	0.125
411931	0.1
414180	0.05
416351	0.025
417486	0
418536	0.05
420250	0.07500000000000001
421672	0.1
423423	0.225
424627	0.4000000000000001
425546	0.24999999999999997
426700	0.025
427453	0.05
428587	0.05
429990	0.05
430778	0.025
431571	0.07500000000000001
432581	0.125
433226	0.1
434006	0.025
434882	0
435346	0
436122	0.07500000000000001
436848	0.175
437648	0.125
439246	0.05
440651	0.025
441222	0
442273	0.025
443346	0.05
444059	0.05
444928	0.27499999999999997
445984	0.7000000000000003
447260	0.6750000000000003
447881	0.2
448353	0.07500000000000001
449645	0.025
451136	0.025
452807	0.025
453878	0
454632	0
455782	0
456988	0.025
458063	0.05
460065	0.025
461587	0
462850	0.025
464122	0.05
464601	0.025
465199	0.025
466462	0.07500000000000001
467821	0.125
468612	0.07500000000000001
469757	0.07500000000000001
471526	0.025
472767	0.05
473609	0.025
474731	0.025
475665	0.05
476137	0.1
476848	0.1
477842	0.1
479016	0.07500000000000001
479642	0.025
480199	0.025
480521	0.05
485022	0.1
486084	0.07500000000000001
488217	0.05
490190	0.025
490548	0
491070	0
491687	0
493057	0.025
494240	0.025
494707	0
496057	0
497497	0
498536	0
499493	0.025
500777	0.025
502400	0.025
504086	0.125
505740	0.125
506842	0.1
507683	0.1
508388	0.125
510127	0.1
512107	0.2
513222	0.7750000000000004
514196	1.5249999999999986
514630	1.1749999999999998
515314	0.47500000000000014
516257	0.4250000000000001
516972	0.4250000000000001
517852	0.4000000000000001
518725	0.4250000000000001
519435	0.5750000000000002
520076	0.6000000000000002
521623	0.7000000000000003
527765	0.7000000000000003
528770	0.8250000000000004
529830	0.9250000000000004
530679	0.4500000000000001
531758	0.24999999999999997
532692	0.27499999999999997
533418	0.225
534806	0.27499999999999997
536098	0.24999999999999997
537025	0.27499999999999997
538360	0.27499999999999997
539827	0.225
541215	0.175
542460	0.15
543653	0.15
544674	0.15
545838	0.15
547513	0.15
548986	0.05
550034	0
550885	0
552060	0
552845	0.025
553579	0.025
554190	0
555303	0
556292	0
556767	0.025
557308	0.2
558483	0.225
559320	0.24999999999999997
560998	0.35000000000000003
562830	0.325
563587	0.225
564164	1.1
565396	1.8999999999999972
566229	3.124999999999993
566731	6.4750000000000245
568481	7.400000000000038
569665	8.22500000000005
571168	8.600000000000055
571852	8.375000000000052
572693	10.025000000000077
573006	7.55000000000004
573229	7.525000000000039
573552	7.825000000000044
573801	8.125000000000048
574147	8.150000000000048
574590	6.975000000000032
576291	7.57500000000004
577861	7.725000000000042
578746	7.150000000000034
579983	5.075000000000005
582367	4.07499999999999
584055	2.1249999999999964
585156	1.649999999999998
586527	1.1999999999999995
587536	0.8750000000000004
589468	1.5499999999999985
592059	2.9249999999999936
594049	2.9499999999999935
595101	0.5250000000000001
596286	0.8000000000000004
597297	0.6500000000000002
598090	0.6500000000000002
600285	0.2
602647	0.24999999999999997
604039	0.15
605097	0.125
605702	0.15
606075	0.125
606824	0.6250000000000002
607862	0.6000000000000002
609830	0.5250000000000001
611374	0.05
613338	0.025
614051	0
616097	0.125
618820	0.24999999999999997
620692	0.24999999999999997
621687	0.15
622925	0.1
624032	0.05
625472	0.025
626875	0
628122	0
628924	0
629506	0.05
630946	0.07500000000000001
632280	0.05
632933	0.025
634166	0.15
635061	0.2
635959	0.24999999999999997
637167	0.225
638200	0.1
639226	0.05
640520	0.025
641653	0.1
642707	0.125
643374	0.1
643762	0.1
644600	0.025
645848	0.05
647070	0.05
647759	0.05
648805	0.05
650036	0.07500000000000001
650635	0.07500000000000001
651327	0.1
653064	0.125
654202	0.125
655275	0.1
656837	0.1
657396	0
657746	0.025
658144	0.025
658536	0.025
659048	0
659733	0.025
660901	0.025
661957	0.025
662510	0.025
663393	0.05
664646	0.025
665757	0.025
667266	0
668481	0
668877	0
669601	0
670251	0
671089	0
671895	0.025
673492	0.025
675259	0.1
677064	0.15
678128	0.27499999999999997
679861	0.325
680937	0.27499999999999997
682558	0.2
683944	0.175
684892	0.07500000000000001
685592	0.07500000000000001
686299	0.05
687293	0.07500000000000001
690112	0.1
691345	0.05
692107	0.025
692877	0
694243	0
695688	0.025
698345	0.05
699950	0.025
700984	0
702177	0
703211	0
704917	0.225
705921	0.225
706925	0.3
709037	0.07500000000000001
709953	0.025
710423	0.05
711200	0.05
711786	0
712420	0
713259	0
714378	0.07500000000000001
715659	0.125
716492	0.175
717605	0.3
719361	0.5250000000000001
720711	0.5000000000000001
721394	0.37500000000000006
723072	0.07500000000000001
724693	0.1
726012	0.125
727895	0.1
729237	0.9500000000000004
733939	0.9750000000000004
735934	0.9250000000000004
736572	0.9750000000000004
739255	0.8500000000000004
740216	0.225
741815	0.07500000000000001
743198	0.1
743921	0.07500000000000001
744709	0.1
745532	0.07500000000000001
746330	0.07500000000000001
747246	0.325
748451	0.37500000000000006
749343	0.6750000000000003
753826	0.6750000000000003
754727	0.025
755364	0.025
755733	0.05
756790	0.05
758047	0.07500000000000001
760106	0.05
762130	0
763597	0.025
764614	2.4499999999999953
767002	2.5999999999999948
769294	4.07499999999999
772242	4.04999999999999
773611	0
774252	0
774455	0
774954	0
775499	0.025
776063	0.025
776974	0
778386	0
779327	0
779993	0.025
782606	0.025
783525	0.025
784352	0.025
785127	0.025
786159	0
787219	0
788317	0.05
789405	0.07500000000000001
790506	0.07500000000000001
791547	0.05
793052	0.025
794250	0.025
794847	0.025
795475	0.025
796206	0.025
797083	0.025
798022	0.025
799083	0.05
800098	0.15
801285	0.225
802603	0.47500000000000014
804633	0.4500000000000001
806639	0.27499999999999997
807671	0.37500000000000006
808612	0.15
809864	0.1
810958	0.125
811899	0.125
812608	0.125
814536	0.025
816193	0.05
817538	0.05
818311	0.025
818812	0
819170	0
819521	0.07500000000000001
820236	0.5250000000000001
821149	0.5750000000000002
822020	0.24999999999999997
823118	0.025
824116	0.025
824835	0.025
825555	0.05
826685	0.05
828113	0.07500000000000001
829471	0.025
830307	0.1
831554	0.325
832692	0.37500000000000006
834077	0.37500000000000006
835729	0.2
836893	0.125
837795	0.125
838323	0.07500000000000001
838867	0.125
840390	0.125
841926	0.1
842795	0.07500000000000001
844367	0.1
846102	0.07500000000000001
846789	0.05
847631	0.07500000000000001
848659	0.1
849653	0.1
850707	0.125
851805	0.07500000000000001
852933	0.1
853416	0.1
854206	0.07500000000000001
855284	0.07500000000000001
856759	0.225
858428	0.24999999999999997
859620	0.125
861390	0.05
863061	0.05
863973	0.025
864754	0
865746	0.07500000000000001
867050	0.15
868455	0.225
870180	0.175
871427	0.07500000000000001
872345	0.025
874153	0.05
875999	0.175
877372	0.125
878439	0.025
879299	0.05
880167	0.05
881328	0.05
882355	0.05
883090	0.1
884289	0.07500000000000001
885085	0.025
885723	0.07500000000000001
886694	0.07500000000000001
887691	0.27499999999999997
888976	0.27499999999999997
890277	0.07500000000000001
890624	0.05
891056	0.05
891545	0.05
892418	0.07500000000000001
893195	0.07500000000000001
894340	0.05
895557	0.1
896610	0.1
897506	0.07500000000000001
898233	0.07500000000000001
899081	0.07500000000000001
900209	0.125
901200	0.05
901892	0
902622	0
903370	0.05
904209	0.15
904754	0.15
905328	0.07500000000000001
906246	0.07500000000000001
907567	0.07500000000000001
908793	0.05
910190	0.07500000000000001
911666	0.07500000000000001
912988	0.025
914407	0.05
915699	0.1
917302	0.1
918624	0.07500000000000001
919792	0.05
921320	0.07500000000000001
922478	0.4250000000000001
923073	0.5500000000000002
924402	0.37500000000000006
926334	0.325
927080	0.175
928334	0.2
930079	0.15
931567	0.125
932842	0.15
935218	0.125
937677	0.125
938665	0.1
940074	0.2
942181	0.47500000000000014
943722	0.47500000000000014
944464	0.4500000000000001
945244	0.4250000000000001
946445	0.4500000000000001
947944	0.6000000000000002
949114	0.6000000000000002
949963	0.5750000000000002
950710	0.7250000000000003
952413	0.4250000000000001
954037	0.175
955752	0.1
957108	0.05
958197	0.07500000000000001
959453	0.9750000000000004
960646	1.0250000000000004
961542	0.1
962831	0.05
963970	0.07500000000000001
965452	0.1
967495	0.175
968859	0.175
970005	0.15
970764	0.125
971225	0.07500000000000001
972198	0.05
973011	0.05
973929	0.05
974980	0.05
975974	0.1
978556	0.125
981970	0.1
983349	0.05
983973	0.05
985114	0.07500000000000001
986438	0.125
988285	0.125
989755	0.1
991928	0.1
993660	0.175
994436	0.125
995415	0.125
996464	0.07500000000000001
997224	0.47500000000000014
998137	1.5749999999999984
998840	1.399999999999999
1002342	0.8000000000000004
1003160	0.6000000000000002
1004312	0.5250000000000001
1005273	0.15
1006223	0
1007045	0.025
1008898	0.025
1010917	0
1012627	0.025
1014079	0.025
1015177	0.025
1015798	0
1016265	0.025
1017419	0.025
1018711	0.05
1019533	0.025
1020664	0.025
1021452	0.05
1022811	0.025
1024125	0
1025498	0
1026786	0.05
1027442	0.05
1028152	0.025
1028562	0.025
1029366	0.025
1030203	0
1030503	0
1031088	0.05
1032698	0.2
1034150	0.175
1035419	0.125
1036063	0.07500000000000001
1036553	0.1
1037177	0.1
1038512	0.125
1039864	0.125
1040491	0.125
1041266	0.175
1043120	0.175
1044453	0.4000000000000001
1046897	0.37500000000000006
1048318	0.225
1049010	0.175
1049591	0.225
1051567	0.27499999999999997
1052153	0.2
1052825	0.37500000000000006
1054783	0.4250000000000001
1056775	0.4250000000000001
1057608	0.35000000000000003
1058670	0.4000000000000001
1060529	0.3
1062098	0.225
1062702	0.2
1063315	0.3
1064664	0.27499999999999997
1066205	0.27499999999999997
1066977	0.2
1067410	0.27499999999999997
1068167	0.47500000000000014
1069175	0.4000000000000001
1070107	0.225
1070660	0.125
1071365	0.07500000000000001
1071966	0.025
1072518	0.05
1073408	0.05
1074561	0.1
1076901	0.175
1079041	0.225
1080059	0.4250000000000001
1081411	0.24999999999999997
1081825	0.27499999999999997
1082806	0.2
1084011	0.37500000000000006
1085524	0.6500000000000002
1086312	0.5500000000000002
1087183	0.5500000000000002
1088848	0.6500000000000002
1091077	0.8500000000000004
1093555	1.3749999999999991
1095684	1.3749999999999991
1096336	1.3249999999999993
1098355	1.2499999999999996
1099247	0.2
1099917	0.025
1100526	0.05
1101267	0.1
1101919	0.07500000000000001
1102346	0.07500000000000001
1102871	0.125
1104178	0.15
1104674	0.1
1105127	0.1
1105569	0.07500000000000001
1106086	0.05
1107035	0.05
1108362	0.1
1110119	0.2
1112149	0.125
1113692	0.05
1113994	0.35000000000000003
1114877	0.35000000000000003
1116122	0.35000000000000003
1117333	0.05
1118188	0.05
1118763	0.05
1119363	0.025
1120027	0.025
1120828	0.05
1121364	0.05
1122084	0.07500000000000001
1122993	0.025
1123730	0
1124722	0.025
1125854	0.025
1126480	0.05
1127267	0.025
1128606	0.025
1129622	0.05
1129981	0.05
1130533	0.025
1131226	0.025
1131640	0.025
1132201	0.05
1133178	0.07500000000000001
1134179	0.1
1135120	0.07500000000000001
1135913	0.07500000000000001
1136822	0.07500000000000001
1137841	0.07500000000000001
1139199	0.125
1140509	0.225
1142774	0.24999999999999997
1145419	0.125
1146322	0
1147054	0
1147453	0
1148171	0
1149235	0.05
1150192	0.05
1151037	0
1151733	0
1152559	0
1153704	0
1154623	0.025
1155444	0.05
1156264	0.05
1157175	0.1
1158585	0.175
1160456	0.175
1162064	0.125
1162435	0
1162958	0
1163672	0
1164607	0
1165414	0.025
1166737	0.1
1167868	0.1
1168547	0.025
1169201	0.05
1169891	0.05
1172265	0.05
1174628	0.05
1176026	0.07500000000000001
1176969	0.05
1177945	0.05
1179048	0.07500000000000001
1179939	0.2
1180873	0.125
1181494	0.1
1182306	0.05
1183223	0.4250000000000001
1184045	1.125
1185026	1.0750000000000002
1186457	1.125
1187679	2.0749999999999966
1189046	3.049999999999993
1190111	2.5999999999999948
1191301	2.3499999999999956
1192310	2.249999999999996
1193220	2.224999999999996
1194057	2.274999999999996
1194624	2.474999999999995
1195748	3.349999999999992
1197199	3.2999999999999923
1197880	3.5499999999999914
1199141	3.8249999999999904
1200242	4.249999999999993
1200909	4.274999999999993
1201667	3.94999999999999
1201930	4.299999999999994
1202596	5.3500000000000085
1203124	5.725000000000014
1203546	4.474999999999996
1203991	4.02499999999999
1204853	5.200000000000006
1205640	5.550000000000011
1205967	4.524999999999997
1206547	2.3749999999999956
1207205	2.3749999999999956
1210762	1.5499999999999985
1211495	1.8499999999999976
1213693	1.1
1214869	0.5500000000000002
1215907	0.6500000000000002
1216502	0.6250000000000002
1216872	0.7500000000000003
1218089	1.0750000000000002
1219092	1.3749999999999991
1220361	1.5999999999999983
1222469	1.5999999999999983
1222786	1.2249999999999996
1224412	1.0000000000000004
1224955	0.27499999999999997
1225732	0.175
1226784	0.2
1227271	0.225
1227860	0.225
1228408	0.175
1229053	0.2
1229938	0.225
1230976	0.2
1231820	0.125
1232765	0.15
1233946	0.07500000000000001
1235297	0.1
1236475	0.15
1238220	0.6500000000000002
1239414	1.4499999999999988
1241203	1.8249999999999975
1242623	0.9750000000000004
1243485	0.7750000000000004
1244160	0.8250000000000004
1244855	2.1499999999999964
1245380	2.3249999999999957
1246527	1.7499999999999978
1248405	0.325
1249441	0.225
1250303	0.3
1252025	0.5000000000000001
1254518	0.4250000000000001
1256386	0.325
1257266	0.35000000000000003
1258221	0.07500000000000001
1258930	0.05
1259950	0.07500000000000001
1261434	0.07500000000000001
1262451	0
1263188	0
1264342	0
1265553	0
1266510	0
1267120	0
1267724	0.05
1268592	0.4000000000000001
1271299	0.5250000000000001
1272234	0.175
1272844	0.025
1273422	0.025
1274481	0.05
1275504	0.05
1276720	0.05
1277753	0.025
1278652	0.07500000000000001
1281735	0.1
1284373	0.1
1285494	0.37500000000000006
1286187	1.399999999999999
1288203	1.399999999999999
1288903	0.37500000000000006
1289678	0.325
1290748	0.125
1291911	0.15
1292715	0.125
1293835	0.3
1294721	0.7250000000000003
1295229	0.6500000000000002
1296783	0.4250000000000001
1298921	0.4500000000000001
1299349	0.6250000000000002
1301975	0.8750000000000004
1303359	0.6250000000000002
1304288	0.47500000000000014
1305260	0.4000000000000001
1306266	0.325
1306985	0.35000000000000003
1307915	0.5500000000000002
1309642	0.8500000000000004
1310717	1.4749999999999988
1311441	1.3249999999999993
1312047	0.7500000000000003
1312620	0.7250000000000003
1313291	0.8750000000000004
1314339	0.9250000000000004
1314971	0.9750000000000004
1315520	0.9000000000000005
1315945	1.1
1316819	0.7000000000000003
1317818	0.15
1319106	0.125
1320586	0.05
1322165	0.07500000000000001
1323660	0.07500000000000001
1324408	0.175
1325693	0.24999999999999997
1327289	0.35000000000000003
1328062	0.15
1328733	0.05
1329856	0.025
1330542	0.025
1332346	0.1
1334342	0.125
1335224	0.05
1335374	0.15
1335619	0.125
1337168	0.1
1338865	0.025
1339712	0
1340397	0
1341142	0
1342259	0
1342821	0.025
1343219	0.07500000000000001
1343971	0.07500000000000001
1344522	0.175
1345749	0.35000000000000003
1347945	0.325
1349543	0.27499999999999997
1350645	1.1
1352231	1.399999999999999
1353132	0.5000000000000001
1354073	0.025
1354987	0.025
1356288	0.025
1357545	0.125
1358494	0.15
1360199	0.175
1361508	0.175
1362189	0.15
1363486	0.15
1364872	0.125
1366182	0.07500000000000001
1367423	0.1
1368413	0.025
1368913	0
1369204	0.05
1369503	0.07500000000000001
1369846	0.27499999999999997
1371055	0.325
1372555	0.35000000000000003
1373662	0.27499999999999997
1374511	0.27499999999999997
1375489	0.35000000000000003
1376428	0.37500000000000006
1377359	0.35000000000000003
1379017	0.24999999999999997
1380477	0.3
1381305	0.325
1382399	0.24999999999999997
1383462	0.175
1384815	0.125
1386041	0.05
1387490	0.1
1388558	0.1
1389412	0.07500000000000001
1390234	0.1
1390771	0.27499999999999997
1391393	0.4500000000000001
1392440	0.5250000000000001
1394033	0.35000000000000003
1395406	0.175
1397493	0.2
1398147	0.2
1399150	0.4500000000000001
1399978	1.0750000000000002
1401010	1.125
1402532	1.125
1403910	1.0500000000000005
1405195	1.424999999999999
1406260	1.649999999999998
1407179	1.1749999999999998
1408541	1.1999999999999995
1409394	0.9500000000000004
1410197	1.0250000000000004
1411480	2.3999999999999955
1413344	3.124999999999993
1413635	3.99999999999999
1414388	5.025000000000004
1417625	5.250000000000007
1417923	5.300000000000008
1418118	6.975000000000032
1418853	6.9000000000000306
1419389	7.400000000000038
1420003	7.850000000000044
1420513	8.375000000000052
1420895	7.700000000000042
1421547	6.9000000000000306
1422356	6.0500000000000185
1423032	4.975000000000003
1424527	4.649999999999999
1425508	4.725
1425800	5.2750000000000075
1426968	5.900000000000016
1429914	5.825000000000015
1435402	4.299999999999994
1436326	0.325
1439022	0.24999999999999997
1441191	0.15
1441532	0.175
1442348	0.3
1444370	0.37500000000000006
1445779	0.3
1446043	1.0000000000000004
1446830	1.5999999999999983
1448268	1.3249999999999993
1450212	1.3749999999999991
1452619	1.2499999999999996
1454391	1.1749999999999998
1455011	1.15
1455537	1.0250000000000004
1456173	1.0500000000000005
1456965	1.1749999999999998
1457880	1.2999999999999994
1458658	1.399999999999999
1459790	1.4749999999999988
1460682	1.3249999999999993
1461495	1.1749999999999998
1462781	1.1749999999999998
1464014	1.1
1464766	1.4749999999999988
1474651	1.5749999999999984
1476297	0.9000000000000005
1477923	0.8250000000000004
1478674	0.6500000000000002
1480016	0.5500000000000002
1481543	0.225
1482557	0.24999999999999997
1485012	0.6250000000000002
1487635	0.8500000000000004
1488951	0.5500000000000002
1489838	0.35000000000000003
1490149	0.35000000000000003
1490655	0.175
1491167	0.4500000000000001
1491763	0.5250000000000001
1492045	0.6000000000000002
1493290	0.5750000000000002
1494609	0.24999999999999997
1495959	0.125
1497701	0.07500000000000001
1498763	0.1
1499207	0.125
1499959	0.2
1501069	0.15
1501858	0.175
1502791	0.3
1503505	0.325
1504291	0.325
1505492	0.27499999999999997
1506440	0.07500000000000001
1507761	0.125
1508919	0.4500000000000001
1509374	0.4000000000000001
1509705	0.6250000000000002
1512226	0.5500000000000002
1513323	0.15
1514301	0.05
1515159	0.1
1516290	0.3
1517475	0.325
1517764	0.225
1518106	0
1518587	0.07500000000000001
1519545	0.125
1520594	0.15
1522014	0.1
1523837	0.2
1525230	1.8749999999999971
1526555	4.324999999999994
1527046	6.85000000000003
1530163	6.87500000000003
1533168	6.600000000000026
1533566	3.99999999999999
1534446	1.724999999999998
1535411	0.7000000000000003
1536277	0.07500000000000001
1536961	0.1
1538081	0.2
1540720	0.4500000000000001
1543366	1.7999999999999976
1546700	1.5749999999999984
1547694	0.125
1549242	0.025
1550903	0
1551664	0.05
1552540	0.37500000000000006
1553333	0.4500000000000001
1554820	0.24999999999999997
1555894	0.1
1556172	0.1
1556840	0.4000000000000001
1557575	0.6000000000000002
1558524	0.6500000000000002
1559462	1.1
1560418	0.7500000000000003
1561706	0.6500000000000002
1562785	0.5750000000000002
1564533	0.5000000000000001
1566449	0.35000000000000003
1568163	0.325
1569721	0.24999999999999997
1573798	0.325
1576433	0.35000000000000003
1578499	0.27499999999999997
1580211	0.4000000000000001
1581683	0.37500000000000006
1583306	0.35000000000000003
1583860	0.9000000000000005
1585346	1.125
1587277	1.8749999999999971
1588044	2.7249999999999943
1588574	5.400000000000009
1591515	6.8250000000000295
1592309	3.2249999999999925
1599413	3.1999999999999926
1600764	2.0749999999999966
1602257	1.5249999999999986
1603533	1.2499999999999996
1604543	1.2249999999999996
1605562	1.0000000000000004
1606537	0.9750000000000004
1607144	0.9250000000000004
1607725	0.8000000000000004
1608565	0.5500000000000002
1609954	0.7500000000000003
1611380	0.9500000000000004
1612145	0.8000000000000004
1612788	0.5250000000000001
1614009	0.5250000000000001
1615244	0.5500000000000002
1616320	0.5750000000000002
1617623	0.5250000000000001
1618575	0.325
1619337	0.37500000000000006
1619765	0.325
1620098	0.9750000000000004
1620687	1.2749999999999997
1621925	0.8750000000000004
1622693	0.7750000000000004
1623405	0.5750000000000002
1624301	0.6250000000000002
1625032	0.5750000000000002
1626357	0.5500000000000002
1627890	0.3
1628695	0.24999999999999997
1629316	0.3
1630183	1.125
1631643	3.4999999999999916
1637695	4.299999999999994
1638561	4.299999999999994
1639278	5.200000000000006
1639790	6.375000000000023
1640209	7.675000000000042
1640677	6.750000000000028
1641446	7.375000000000037
1641961	7.200000000000035
1642865	9.100000000000062
1643779	9.475000000000067
1644776	9.275000000000064
1645489	7.2500000000000355
1645752	7.000000000000032
1646571	7.425000000000038
1647235	6.8250000000000295
1647491	9.925000000000074
1647735	9.67500000000007
1648137	10.37500000000008
1648729	10.550000000000082
1648932	10.32500000000008
1649127	9.600000000000067
1649703	7.750000000000043
1649889	6.700000000000028
1653405	4.900000000000002
1654534	3.099999999999993
1655510	1.7749999999999977
1655978	0.6000000000000002
1656464	0.5250000000000001
1657120	0.5750000000000002
1657717	1.5999999999999983
1663298	1.8499999999999976
1664036	0.6500000000000002
1664813	0.27499999999999997
1665943	0.15
1666871	0.2
1667954	0.2
1669145	0.2
1670325	0.175
1671530	0.15
1672370	0.05
1672984	0.07500000000000001
1673318	0.175
1674430	0.325
1675666	0.175
1677137	0.07500000000000001
1678899	0
1680248	0.025
1681337	0.025
1681862	0.025
1682518	0.1
1683532	0.125
1684723	0.07500000000000001
1685886	0.07500000000000001
1687554	0.1
1689163	0.05
1690606	0.15
1691477	0.175
1692218	0.225
1693576	0.225
1695165	0.15
1696751	0.125
1697656	0.125
1698666	0.2
1700151	0.15
1701543	0.125
1702733	0.1
1703788	0.125
1705056	0.07500000000000001
1705470	0.025
1706057	0
1706637	0.025
1708030	0.15
1709671	0.175
1710514	0.07500000000000001
1711175	0
1711840	0.07500000000000001
1712386	0.07500000000000001
1713520	0.07500000000000001
1714679	0.025
1715456	0.025
1716585	0.025
1717679	0
1718227	0
1719047	0
1720109	0.025
1720607	0.025
1721143	0
1721692	0.07500000000000001
1723127	0.175
1724394	0.175
1725184	0.15
1725800	0.05
1726322	0.05
1727207	0.025
1728040	0
1728670	0.05
1731395	0.05
1733927	0.05
1734842	0
1735668	0
1736705	0.05
1737500	0.07500000000000001
1738356	0.1
1739332	0.1
1740516	0.05
1741987	0.025
1742921	0.025
1744143	0.025
1745499	0.05
1746852	0.175
1747933	0.325
1749129	0.27499999999999997
1749955	0.175
1750679	0.15
1751396	0.2
1752779	0.24999999999999997
1754164	0.2
1755036	0.025
1756404	0
1757539	0
1758223	0
1759082	0.05
1759913	0.1
1761155	0.125
1762139	0.1
1763265	0.05
1764202	0.025
1765028	0.025
1765427	0
1767157	0.05
1769630	0.24999999999999997
1770793	0.225
1771678	0.2
1773144	0.24999999999999997
1774222	0.225
1775065	0.15
1776384	0.15
1777771	0.325
1778845	0.47500000000000014
1779492	0.35000000000000003
1779999	0.37500000000000006
1780870	0.175
1782039	0.1
1782827	0.15
1783854	0.225
1785923	0.2
1787861	0.05
1788958	0.05
1789708	0.05
1790526	0.1
1791663	0.2
1792499	0.175
1793183	0.07500000000000001
1793833	0.125
1794662	0.24999999999999997
1795402	0.2
1796750	0.07500000000000001
1798450	0.025
1799571	0
1799900	0.05
1800313	0.07500000000000001
1801606	0.24999999999999997
1805218	0.24999999999999997
1805704	0.2
1806834	0.1
1807545	0.07500000000000001
1808226	0.1
1808965	0.125
1809714	0.07500000000000001
1810506	0.05
1811629	0.2
1812730	0.2
1813552	0.175
1814997	0.15
1816760	0.07500000000000001
1817824	0.07500000000000001
1819024	0.07500000000000001
1819630	0.125
1820535	0.15
1821459	0.07500000000000001
1822087	0.05
1822871	0.025
1823958	0
1824649	0.025
1825382	0.07500000000000001
1826439	0.07500000000000001
1827587	0.125
1828995	0.1
1830248	0.05
1831372	0.025
1832831	0.07500000000000001
1833756	0.175
1834454	0.225
1835161	0.2
1835789	0.125
1836656	0.15
1837979	0.125
1839073	0.07500000000000001
1840120	0.07500000000000001
1841093	0.05
1841693	0.07500000000000001
1841999	0.05
1843042	0.27499999999999997
1844351	0.325
1845979	0.4500000000000001
1847486	0.175
1848400	0.07500000000000001
1849765	0.24999999999999997
1851368	0.225
1852207	0.125
1853300	0.125
1854475	0.15
1855481	0.15
1856454	0.2
1857351	0.175
1858311	0.2
1859539	0.15
1860794	0.15
1861838	0.125
1862222	0
1863268	0.025
1864292	0.15
1865209	0.15
1866099	0.125
1867875	0.05
1869596	0.07500000000000001
1871122	0.175
1872786	0.175
1873825	0.125
1874575	0.125
1875164	0.175
1876263	0.07500000000000001
1877082	0.05
1877405	0.07500000000000001
1878227	0.125
1879131	0.1
1879494	0.05
1879768	0.175
1880440	0.24999999999999997
1881347	0.15
1882454	0.2
1883918	0.225
1885227	0.175
1886327	0.15
1887421	0.125
1888936	0
1890241	0
1890919	0.025
1892280	0.025
1893537	0.025
1894282	0
1894641	0
1895485	0
1896459	0
1897614	0.025
1899226	0.125
1900807	0.3
1902533	0.4250000000000001
1903482	0.24999999999999997
1904320	0.05
1905030	0.1
1905971	0.125
1906655	0.15
1907330	0.07500000000000001
1908404	0.05
1909044	0
1909703	0.05
1910962	0.1
1912135	0.07500000000000001
1913792	0
1915185	0
1915906	0.025
1916899	0.125
1918826	0.175
1920939	0.1
1921898	0.025
1922174	0
1922641	0.025
1923535	0.05
1924155	0.025
1924782	0.025
1925223	0.05
1925768	0.05
1926451	0.05
1927809	0.175
1929377	0.27499999999999997
1929822	0.2
1930212	0.175
1930602	0.05
1931470	0.025
1932435	0.05
1933698	0.05
1935576	0.07500000000000001
1936554	0.47500000000000014
1937086	0.6000000000000002
1938370	0.9500000000000004
1939707	1.15
1940974	0.4500000000000001
1942144	0.025
1943039	0
1943806	0.07500000000000001
1944851	0.125
1945670	0.05
1946552	0.05
1947115	0.05
1947781	0.05
1948434	0.025
1949636	0.05
1951115	0.175
1951804	0.2
1952463	0.15
1953073	0.025
1953927	0.05
1955792	0.1
1957582	0.1
1958893	0.05
1959563	0.025
1960928	0.05
1962216	0.07500000000000001
1962776	0.1
1964011	0.2
1965617	0.27499999999999997
1966715	0.225
1967242	0.125
1967976	0.07500000000000001
1968934	0.225
1970183	0.225
1971860	0.24999999999999997
1973087	0.125
1974342	0.125
1975792	0.175
1976695	0.15
1977555	0.125
1978022	0.175
1979967	0.2
1980900	0.07500000000000001
1981987	0.125
1983047	0.6500000000000002
1984312	0.6250000000000002
1985633	0.05
1987176	0.025
1987632	0.025
1988383	0.025
1988964	0.025
1989370	0.025
1990286	0.07500000000000001
1991286	0.7250000000000003
1992543	0.9750000000000004
1993790	0.325
1995031	0.025
1995930	0.025
1996471	0.025
1997438	0.025
1998145	0.05
1998987	0.1
2000013	0.125
2000748	0.07500000000000001
2001429	0.1
2002858	0.125
2004575	0.125
2005508	0.07500000000000001
2005895	0.025
2006899	0.025
2007883	0.125
2008879	0.125
2009595	0.175
2010155	0.2
2010839	0.3
2011443	0.3
2012176	0.27499999999999997
2012857	0.4250000000000001
2014058	0.27499999999999997
2015377	0.8500000000000004
2016211	0.7750000000000004
2017240	1.1
2018167	0.7750000000000004
2018949	0.6500000000000002
2019850	0.6500000000000002
2020589	0.7250000000000003
2021294	0.8500000000000004
2021686	0.35000000000000003
2022237	0.3
2022750	0.3
2023285	0.225
2024279	0.15
2024729	0.1
2025099	0.1
2025918	0.15
2027170	0.15
2028279	0.125
2028907	0.05
2029999	0.05
2030683	0.125
2031608	0.175
2032731	1.4499999999999988
2033270	2.6749999999999945
2034802	2.274999999999996
2035048	2.799999999999994
2036260	2.4249999999999954
2037473	0.47500000000000014
2038543	0.1
2039162	0.05
2039980	0.1
2040800	0.2
2041700	0.8500000000000004
2042633	1.2749999999999997
2044049	3.099999999999993
2044822	3.7999999999999905
2048462	3.92499999999999
2052976	4.4999999999999964
2054301	3.89999999999999
2055788	3.2749999999999924
2057216	3.399999999999992
2058930	3.92499999999999
2060439	3.349999999999992
2061474	3.8499999999999903
2062858	3.2999999999999923
2063927	2.549999999999995
2064850	3.349999999999992
2065490	5.150000000000006
2068831	5.725000000000014
2073098	6.4750000000000245
2075545	6.0500000000000185
2078037	5.650000000000013
2079196	3.049999999999993
2080062	0.9250000000000004
2081025	0.8500000000000004
2081964	0.5000000000000001
2083469	0.4500000000000001
2084339	0.35000000000000003
2084969	0.325
2086383	0.37500000000000006
2087804	0.24999999999999997
2088716	0.325
2089338	0.3
2089587	0.27499999999999997
2090641	0.27499999999999997
2091749	0.225
2092933	0.225
2094001	0.225
2094830	0.225
2095493	0.225
2096232	1.424999999999999
2096919	2.9249999999999936
2097811	3.99999999999999
2099030	5.2750000000000075
2100565	10.975000000000088
2103950	13.825000000000127
2104789	16.52500000000013
2105561	15.900000000000158
2106643	18.325000000000028
2107777	21.049999999999873
2108960	23.69999999999972
2109859	22.749999999999776
2111526	18.874999999999996
2112518	15.200000000000149
2113880	16.90000000000011
2115199	10.650000000000084
2116517	9.70000000000007
2117764	8.175000000000049
2119419	8.375000000000052
2120857	7.450000000000038
2122294	4.424999999999995
2123802	4.02499999999999
2125134	3.92499999999999
2125984	3.5499999999999914
2126707	3.4999999999999916
2127753	3.424999999999992
2128614	3.424999999999992
2129277	3.124999999999993
2130269	3.1749999999999927
2131461	3.149999999999993
2132311	3.2499999999999925
2132977	2.524999999999995
2134571	1.5499999999999985
2135876	1.974999999999997
2138693	1.6249999999999982
2140685	0.4500000000000001
2141924	0.15
2142627	0.175
2144924	0.2
2147116	0.24999999999999997
2148350	0.175
2150012	0.24999999999999997
2151415	0.225
2152051	0.225
2152798	0.225
2153773	0.24999999999999997
2154639	0.325
2156824	0.3
2159924	0.37500000000000006
2162171	0.3
2163577	0.175
2164637	0.5250000000000001
2165355	1.2499999999999996
2166348	2.199999999999996
2167411	1.724999999999998
2168147	1.424999999999999
2169161	1.4499999999999988
2172353	2.1249999999999964
2174823	2.0499999999999967
2175690	1.4499999999999988
2176777	1.0500000000000005
2178038	0.5750000000000002
2179459	0.225
2180597	0.24999999999999997
2181578	0.24999999999999997
2182408	0.27499999999999997
2183242	0.27499999999999997
2184116	0.3
2184907	0.6250000000000002
2185660	0.7000000000000003
2186329	0.3
2187129	0.27499999999999997
2187897	0.47500000000000014
2189670	0.5750000000000002
2191263	0.5750000000000002
2191951	0.4000000000000001
2192655	0.2
2193613	0.175
2195316	0.4000000000000001
2202095	0.6750000000000003
2204130	3.4499999999999917
2205140	3.399999999999992
2206834	0.5250000000000001
2208535	0.4500000000000001
2210022	0.4000000000000001
2211455	0.325
2211961	0.175
2212602	0.05
2213801	0.225
2215231	0.2
2215710	0.025
2216110	0.05
2216944	0.05
2217978	0.025
2219022	0.05
2220825	0.05
2223042	0.025
2224404	0
2225337	0
2226090	0.05
2226889	0.1
2227918	0.2
2229911	0.35000000000000003
2230823	0.225
2231366	0
2232286	0
2233237	0.05
2233719	0.05
2234652	0.125
2235882	0.175
2237248	0.2
2238529	0.15
2239849	0.175
2241148	0.125
2242388	0.07500000000000001
2243318	0.07500000000000001
2244328	0.175
2245773	0.175
2247797	0.15
2249177	0.07500000000000001
2250241	0.05
2251268	0.1
2252244	0.325
2254715	0.4250000000000001
2255665	0.6250000000000002
2257898	0.6500000000000002
2258825	0.35000000000000003
2260564	0.27499999999999997
2261896	0.125
2262930	0.15
2264453	0.175
2265168	0.47500000000000014
2265736	0.5500000000000002
2266978	0.2
2268322	0.2
2269210	0.15
2270262	0.125
2271504	0.125
2273271	0.125
2274726	0.15
2275785	0.1
2277094	0.125
2278065	0.1
2279165	0.1
2280135	0.07500000000000001
2281512	0.07500000000000001
2282659	0.07500000000000001
2283443	0.07500000000000001
2284242	0.15
2285256	1.0500000000000005
2290823	1.1
2291884	0.15
2292685	0
2293932	0.025
2295140	0.025
2295481	0.025
2295951	0.025
2296693	0
2297329	0
2297958	0
2298493	0.025
2299146	0.025
2299912	0.05
2301510	0.025
2302881	0.025
2303250	0.025
2303688	0.025
2304149	0.05
2305931	0.175
2307793	0.15
2309016	0.2
2309873	0.24999999999999997
2311006	0.4000000000000001
2312197	0.325
2314824	0.3
2316502	0.3
2318451	0.5250000000000001
2320956	0.47500000000000014
2322558	0.4500000000000001
2323778	0.4500000000000001
2324434	0.47500000000000014
2325417	0.37500000000000006
2326701	0.325
2327755	0.37500000000000006
2328972	0.35000000000000003
2330040	0.325
2332245	0.37500000000000006
2334647	0.3
2335800	0.07500000000000001
2338106	0.1
2339928	0.05
2342269	0.05
2346007	0.05
2347949	0
2348641	0.05
2349147	0.6000000000000002
2349790	1.2999999999999994
2350473	1.3499999999999992
2351695	0.37500000000000006
2353461	0.24999999999999997
2354894	0
2356116	0.125
2357908	0.125
2358443	0.5250000000000001
2359507	1.699999999999998
2360811	1.399999999999999
2361820	1.0250000000000004
2363032	0.6250000000000002
2364004	0
2364766	0.025
2365319	0.07500000000000001
2366488	0.07500000000000001
2367555	0.07500000000000001
2369030	0.025
2370463	0.025
2371734	0.025
2372724	0.025
2373085	0.025
2373405	0
2374325	0
2375481	0.025
2376390	0.025
2377213	0.025
2378424	0.05
2379995	0.05
2380874	0.025
2381312	0.025
2382066	0.125
2383320	0.24999999999999997
2384858	0.27499999999999997
2386345	0.225
2387185	0.24999999999999997
2388068	0.125
2388846	0.125
2389540	0.15
2390776	0.15
2392276	0.05
2394125	0.025
2395194	0
2395619	0
2396179	0
2396953	0
2398802	0
2400886	0.025
2401802	0.025
2402956	0
2404282	0
2404850	0.025
2405417	0.05
2406172	0.07500000000000001
2408169	0.05
2409161	0
2410436	0
2411764	0
2412347	0
2412904	0
2414071	0.025
2415819	0.05
2417862	0.05
2418905	0.025
2419509	0.025
2420163	0.025
2420944	0
2421506	0.025
2422154	0.07500000000000001
2424122	0.07500000000000001
2424875	0.025
2425573	0
2426397	0.07500000000000001
2427400	0.125
2428341	0.1
2429479	0.025
2430519	0
2431353	0
2432308	0
2433469	0
2434411	0
2435230	0
2436142	0
2437283	0.07500000000000001
2438447	0.125
2439531	0.125
2440995	0.07500000000000001
2442767	0.07500000000000001
2444030	0.07500000000000001
2444477	0.05
2445155	0.025
2445972	0.05
2446930	0.05
2447974	0.05
2448881	0.2
2449638	0.24999999999999997
2450320	0.175
2450831	0.125
2451328	0.15
2451960	0.37500000000000006
2455364	0.4000000000000001
2456569	0.2
2458087	0.1
2459814	0.125
2460792	0.1
2461976	0.15
2463541	0.15
2464629	0.3
2465767	1.674999999999998
2468674	1.8249999999999975
2469796	2.299999999999996
2472249	2.9249999999999936
2472634	3.2749999999999924
2473062	3.5749999999999913
2473785	4.324999999999994
2474444	4.474999999999996
2475252	4.674999999999999
2475692	5.800000000000015
2476025	5.45000000000001
2476410	4.474999999999996
2477161	2.799999999999994
2478515	2.499999999999995
2479866	1.649999999999998
2481407	1.649999999999998
2482757	0.5000000000000001
2484062	0.5250000000000001
2486170	0.6000000000000002
2488595	0.6000000000000002
2489714	0.47500000000000014
2491103	0.37500000000000006
2492629	0.325
2494084	0.2
2494835	0.15
2495171	0.15
2496105	0.125
2497676	0.125
2499519	0.15
2500750	0.15
2501558	0.24999999999999997
2503237	0.125
2505028	0.07500000000000001
2506089	0.1
2507270	0.1
2508079	0.05
2508943	0.07500000000000001
2510258	0.05
2511164	0.025
2512087	0.1
2513643	0.15
2516737	0.125
2518631	0.125
2519019	0.07500000000000001
2519964	0.24999999999999997
2522035	0.27499999999999997
2523357	0.225
2524461	0.27499999999999997
2525509	0.325
2526393	0.35000000000000003
2527445	0.1
2528050	0.05
2529168	0.05
2530740	0.025
2531843	0
2532894	0
2533892	0
2534929	0
2536088	0.025
2536811	0.05
2537529	0.1
2538116	0.05
2539127	0.05
2540265	0
2541241	0
2542095	0.025
2543020	0.05
2544227	0.1
2545180	0.07500000000000001
2546221	0.24999999999999997
2547385	0.24999999999999997
2548754	0.1
2550095	0.07500000000000001
2550928	0
2551501	0
2551925	0
2552786	0.025
2553674	0.07500000000000001
2554656	0.125
2555478	0.05
2556070	0.07500000000000001
2556853	0.05
2557998	1.125
2560634	2.4499999999999953
2561492	3.97499999999999
2561809	2.9499999999999935
2562319	3.99999999999999
2562820	4.124999999999991
2563780	3.2749999999999924
2564176	3.1749999999999927
2564927	2.5999999999999948
2566182	2.824999999999994
2567494	0.37500000000000006
2568917	0.025
2569919	0
2571049	0.025
2571906	0.025
2572303	0
2572997	0.05
2573903	0.05
2574652	0
2575217	0.025
2575637	0.07500000000000001
2577237	0.1
2579141	0.07500000000000001
2580637	0.07500000000000001
2582255	0.05
2583190	0.025
2584535	0.07500000000000001
2586581	0.3
2589151	0.37500000000000006
2591425	0.175
2592170	0
2592862	0.025
2593421	0.05
2594851	0.3
2596305	0.9000000000000005
2597261	0.9500000000000004
2597805	0.3
2598348	0.2
2599321	0.025
2600192	0
2600713	0.07500000000000001
2601509	0.24999999999999997
2602827	0.27499999999999997
2604320	0.37500000000000006
2605530	0.3
2606587	0.3
2607707	0.175
2609320	0.2
2610436	0.15
2611085	0.15
2611663	0.15
2612906	0.15
2614358	0.175
2615350	0.1
2616825	0.025
2617757	0.025
2618448	0
2619515	0
2620559	0
2621715	0
2622553	0.025
2624077	0.025
2625885	0.07500000000000001
2627816	0.1
2629196	0.07500000000000001
2629394	0.05
2630052	0.07500000000000001
2630595	0.07500000000000001
2631746	0.125
2633337	0.15
2634917	0.6000000000000002
2635706	0.7250000000000003
2636620	0.225
2638063	0.025
2638973	0
2639938	0
2641245	0
2642337	0
2643706	0
2644648	0.05
2646149	0.07500000000000001
2649806	0.07500000000000001
2652916	0.07500000000000001
2654545	0.05
2655716	0
2656636	0
2656915	0
2658010	0
2659209	0
2659724	0
2660096	0
2660924	0
2661887	0
2662953	0.025
2663843	0.05
2664817	0.05
2666075	0.05
2667276	0.175
2668451	0.175
2669712	0.175
2670649	0.15
2671068	0.125
2671631	0.175
2672648	0.225
2673557	0.4500000000000001
2674252	0.35000000000000003
2675230	0.27499999999999997
2676326	0.225
2677605	0.27499999999999997
2678875	0.27499999999999997
2681104	0.35000000000000003
2683459	0.3
2684880	0.15
2686430	0.125
2687239	0.1
2688136	0.1
2689149	0.125
2690362	0.05
2693599	0.07500000000000001
2696579	0.05
2697605	0
2698232	0.05
2699183	0.27499999999999997
2699793	0.3
2700808	0.07500000000000001
2701363	0
2702105	0
2702933	0
2703723	0
2704822	0
2706224	0.025
2707561	0.025
2708276	0
2709079	0
2709724	0
2711231	0
2712395	0
2713563	0.025
2714879	0.05
2715716	0.05
2716257	0.025
2717098	0.025
2718009	0.1
2718944	0.07500000000000001
2719572	0.15
2721283	0.125
2723404	0.1
2724315	0.07500000000000001
2725097	0.4000000000000001
2732886	0.4250000000000001
2734668	0.125
2735521	0.05
2736514	0.05
2737324	0.05
2738325	0.1
2739508	0.1
2740615	0.15
2741544	0.175
2742134	0.175
2742996	0.35000000000000003
2743866	0.47500000000000014
2744356	0.5500000000000002
2744955	0.4000000000000001
2745644	0.35000000000000003
2746061	0.35000000000000003
2747114	0.35000000000000003
2748320	0.4250000000000001
2749439	0.47500000000000014
2750411	0.5000000000000001
2751270	0.4250000000000001
2752625	0.35000000000000003
2753775	0.35000000000000003
2754153	0.35000000000000003
2754512	0.35000000000000003
2755137	1.0500000000000005
2755616	2.274999999999996
2758122	2.1249999999999964
2758750	3.674999999999991
2759689	4.349999999999994
2762445	4.174999999999992
2764345	3.8249999999999904
2766454	3.7249999999999903
2767169	3.8749999999999902
2770053	4.1499999999999915
2770563	3.374999999999992
2771997	3.074999999999993
2772463	2.9249999999999936
2772936	2.9249999999999936
2774169	3.0249999999999932
2786563	3.149999999999993
2789473	2.824999999999994
2790616	0.35000000000000003
2791997	0.225
2793375	0.225
2794953	0.175
2796005	0.1
2796561	0.1
2796949	0.125
2797360	0.025
2797782	0.025
2798293	0
2799388	0
2799822	0
2800310	0.025
2800845	0.025
2801170	0.025
2802420	0.05
2803981	0.05
2805416	0.025
2806542	0.025
2807628	0.1
2808449	0.07500000000000001
2809034	0.2
2809985	0.125
2810511	0.15
2811035	0.175
2812013	0.2
2813385	0.4000000000000001
2814475	0.35000000000000003
2815661	0.05
2816726	0.025
2817220	0.05
2819053	0.07500000000000001
2820696	0.05
2822389	0.07500000000000001
2823238	0.1
2824097	0.15
2825086	0.15
2826113	0.125
2826871	0.07500000000000001
2827547	0.07500000000000001
2828126	0.07500000000000001
2828800	0.05
2829433	0.07500000000000001
2830295	0.125
2831532	0.05
2833195	0.07500000000000001
2834478	0.2
2836299	0.27499999999999997
2837841	0.5250000000000001
2838760	0.37500000000000006
2840252	0.325
2841702	0.47500000000000014
2842808	0.5500000000000002
2843241	0.2
2843826	0
2844481	0
2845616	0
2846950	0
2848328	0.025
2849543	0.025
2850204	0
2850822	0
2851437	0
2852000	0
2852696	0
2853759	0.125
2855377	0.225
2856629	0.47500000000000014
2856950	0.4500000000000001
2858373	0.6250000000000002
2860088	1.0750000000000002
2860850	0.9000000000000005
2861884	0.7000000000000003
2862918	0.7250000000000003
2863912	0.7000000000000003
2864624	1.0000000000000004
2865783	2.224999999999996
2867055	2.224999999999996
2868183	1.3749999999999991
2869206	0.025
2869893	0
2870779	0
2871540	0.025
2872135	0.025
2872664	0
2873175	0
2873689	0
2874705	0
2875875	0.025
2877099	0.3
2878711	0.325
2879313	0.4250000000000001
2880087	0.37500000000000006
2880711	0.5250000000000001
2881596	0.6750000000000003
2882396	0.5750000000000002
2883384	0.6000000000000002
2885886	0.7500000000000003
2887945	0.47500000000000014
2889243	0.1
2890998	0
2892396	0.125
2893292	0.15
2894049	0.15
2894483	0.175
2895349	0.225
2896165	0.2
2897237	0.175
2898691	0.175
2899880	0.225
2901230	0.5750000000000002
2902635	0.8000000000000004
2905082	0.9000000000000005
2905627	0.5000000000000001
2906147	0.6250000000000002
2907292	0.37500000000000006
2908847	0.05
2910289	0.1
2910923	0.125
2911215	0.175
2912534	0.325
2914349	0.24999999999999997
2916435	0.2
2918715	0.15
2920076	0.2
2921424	0.125
2922759	0
2923393	0.025
2923948	0.025
2925007	0
2925772	0
2926990	0.025
2928873	0.025
2930259	0.05
2931432	0.05
2932439	0.025
2933364	0.27499999999999997
2934893	0.27499999999999997
2936471	0.27499999999999997
2938177	0
2939099	0
2939733	0.025
2940693	0.025
2941433	0
2942108	0
2943031	0.05
2943939	0.05
2944763	0
2945439	0.05
2946629	1.1749999999999998
2948383	1.4749999999999988
2949907	0.5000000000000001
2951548	0
2954232	0.025
2957440	0.025
2960744	0
2962602	0
2962952	0.025
2963434	0.025
2963942	0.025
2964758	0.025
2965599	0.025
2967311	0
2968712	0
2969403	0
2970006	0
2970776	0
2971380	0.025
2972117	0.025
2973265	0.1
2974934	0.125
2977114	0.125
2978268	0.175
2979488	0.175
2980289	0
2981473	0.025
2982877	0.025
2983706	0
2985001	0.05
2986461	0.15
2987852	1.2249999999999996
2988315	1.699999999999998
2988906	3.7249999999999903
2989545	5.550000000000011
2989889	5.525000000000011
2990147	5.775000000000015
2990777	5.800000000000015
2991513	5.825000000000015
2992782	6.4000000000000234
2993747	8.775000000000057
2994228	9.800000000000072
2994681	10.40000000000008
2995014	11.250000000000092
2995529	14.875000000000144
2995884	15.27500000000015
2998431	15.800000000000155
2999513	10.500000000000082
3001454	0.325
3003053	0.27499999999999997
3003728	0.025
3004897	0.07500000000000001
3006858	0.07500000000000001
3008108	0.1
3009369	0.07500000000000001
3010720	0.05
3011927	0.07500000000000001
3013426	0.1
3014672	0.05
3015449	0.05
3017609	0.1
3019825	0.07500000000000001
3020929	0.07500000000000001
3022751	0.07500000000000001
3025051	0.1
3026427	0.1
3027804	0.07500000000000001
3028768	0.05
3029971	0.1
3032091	0.125
3032879	0.1
3033339	0.05
3034415	0.025
3035624	0.025
3037239	0.025
3038467	0.025
3039295	0
3040115	0
3040619	0
3040937	0
3041803	0
3042818	0
3043467	0
3044384	0.05
3045529	0.07500000000000001
3047604	0.07500000000000001
3049354	0.025
3050120	0.025
3051716	0.025
3052929	0.025
3054177	0
3055155	0
3055776	0.05
3056488	0.05
3057794	0.025
3058995	0.15
3059496	0.4000000000000001
3060199	0.8500000000000004
3061922	0.6750000000000003
3063484	0.4250000000000001
3064385	0.37500000000000006
3065541	0.4000000000000001
3066725	0.35000000000000003
3067710	0.125
3068490	0.15
3069377	0.125
3070704	0
3072040	0.125
3073181	0.37500000000000006
3074332	0.5000000000000001
3074940	0.3
3075699	0.07500000000000001
3076817	0.15
3078165	0.2
3079108	0.175
3080639	0.2
3082292	0.5250000000000001
3083337	0.5500000000000002
3084923	0.225
3086524	0.15
3087283	0.24999999999999997
3088981	0.225
3090024	0.2
3090700	0.025
3091499	0.025
3092353	0.025
3093182	0.025
3093708	0.05
3094590	0.05
3095450	0.05
3096103	0.025
3096528	0.025
3096977	0.025
3097835	0.225
3099061	0.4250000000000001
3100205	0.3
3101263	0.27499999999999997
3101970	0.2
3102492	0.2
3103539	0.2
3104230	0.2
3104972	0.225
3106342	0.325
3108087	0.5750000000000002
3109906	1.15
3110858	2.4249999999999954
3111549	2.6499999999999946
3112481	2.7249999999999943
3113272	2.0749999999999966
3113947	2.0499999999999967
3116831	2.0499999999999967
3120438	1.499999999999999
3122719	0.9500000000000004
3124029	0.7500000000000003
3124847	0.35000000000000003
3125996	0.37500000000000006
3127271	0.37500000000000006
3128654	3.149999999999993
3129611	5.775000000000015
3131874	5.775000000000015
3132833	1.7999999999999976
3133593	1.7499999999999978
3134477	1.6249999999999982
3135621	1.5749999999999984
3137592	1.4749999999999988
3139160	0.05
3139840	0.05
3140147	0.05
3140555	0.07500000000000001
3141039	0.125
3142137	0.125
3143575	0.1
3144647	0.1
3145702	0.125
3146593	0.24999999999999997
3147668	0.27499999999999997
3148417	0.37500000000000006
3149224	0.225
3150104	0.1
3151030	0.05
3151617	0
3152829	0.025
3153892	0.025
3154740	0.025
3155936	0.07500000000000001
3157036	0.15
3158113	0.125
3158755	0.225
3160036	0.9000000000000005
3161963	1.2499999999999996
3163112	0.5250000000000001
3164844	0.3
3166914	0.4000000000000001
3168048	0.35000000000000003
3168396	0.4000000000000001
3168990	0.6250000000000002
3169480	0.3
3170157	0.27499999999999997
3171158	0.5250000000000001
3172820	0.7000000000000003
3173299	1.1749999999999998
3174450	1.15
3175715	0.37500000000000006
3176419	0.05
3177069	0.025
3177595	0.05
3178855	0.025
3180079	0.3
3181001	0.6750000000000003
3182026	0.4500000000000001
3182936	0.125
3183466	0.27499999999999997
3184139	0.37500000000000006
3184985	0.6750000000000003
3190255	0.7750000000000004
3191164	0.3
3191839	0.225
3192522	0.07500000000000001
3193694	0.1
3196036	0.07500000000000001
3198221	0.05
3200314	0.05
3201517	0
3202510	0
3203720	0
3204405	0
3205002	0.05
3205790	0.07500000000000001
3206918	0.07500000000000001
3207673	0.1
3208755	0.07500000000000001
3210036	0.05
3210888	0.025
3211979	0.025
3213967	0.025
3215220	0.24999999999999997
3216109	0.37500000000000006
3217090	0.175
3218316	0.05
3220128	0.05
3221081	0.025
3221957	0.025
3224179	0.07500000000000001
3225946	0.1
3226950	0.1
3228336	0.125
3230063	0.15
3232674	0.27499999999999997
3233936	0.2
3234298	0.225
3235307	0.175
3236211	0.1
3236886	0.07500000000000001
3237804	0.05
3239062	0.07500000000000001
3240566	0.07500000000000001
3241468	0.05
3242570	0.025
3244035	0.07500000000000001
3245873	1.15
3247040	1.3499999999999992
3248104	0.27499999999999997
3248630	0
3249153	0
3249527	0
3249885	0
3250226	0
3250713	0
3251517	0.025
3252486	0.1
3253089	0.07500000000000001
3253766	0.1
3254669	0.05
3255125	0.05
3255996	0.07500000000000001
3257344	0.175
3258967	0.175
3259915	0.05
3261271	0.05
3263056	0.05
3264351	0
3265533	0.175
3266596	0.3
3268123	0.35000000000000003
3269008	0.37500000000000006
3271197	0.325
3272312	0.025
3273172	0.05
3274240	0.1
3276067	0.24999999999999997
3277169	0.4000000000000001
3277569	0.4000000000000001
3278260	0.47500000000000014
3279554	0.4000000000000001
3280453	0.5500000000000002
3280901	1.125
3281397	0.9500000000000004
3282553	0.6000000000000002
3283573	0.5250000000000001
3284408	0.325
3285086	0.37500000000000006
3285873	0.35000000000000003
3286674	0.5000000000000001
3287718	0.5500000000000002
3288437	0.5750000000000002
3290072	0.5250000000000001
3291886	0.4250000000000001
3292905	0.325
3294418	0.025
3295591	0.025
3296104	0
3296696	0.025
3297618	0.05
3298528	0.07500000000000001
3299233	0.05
3299693	0.05
3300117	0
3300506	0
3301014	0
3301982	0
3302928	0
3303951	0.05
3305195	0.05
3306915	0
3308482	0
3310100	0
3311549	0
3312305	0
3312977	0.025
3314678	0.025
3316782	0.025
3317780	0.05
3319308	0.125
3320746	0.125
3322339	0.1
3323401	0
3324487	0.025
3325972	0.05
3327349	0.025
3327936	0
3328477	0.025
3329679	0.025
3331168	0
3332252	0
3332990	0
3333295	0
3334195	0
3335048	0
3335864	0.025
3336683	0.025
3337109	0
3337573	0
3338185	0
3338857	0
3339660	0
3340763	0
3341759	0
3342556	0
3343123	0
3343658	0
3344306	0
3345433	0
3346316	0
3346823	0
3347542	0
3348102	0
3348768	0.05
3349445	0.05
3350132	0.1
3351857	0.1
3353585	0.125
3356908	0.1
3359907	0.175
3361558	0.2
3362449	0.27499999999999997
3363997	0.3
3367284	0.325
3368390	0.24999999999999997
3369246	0.1
3369912	0
3370691	0
3371829	0.15
3373129	0.15
3374093	0.125
3375552	0.07500000000000001
3376527	0.05
3377101	0.025
3378011	0.025
3378437	0
3379433	0
3380390	0.025
3381426	0.05
3382733	0.05
3383799	0.025
3384938	0
3385669	0
3385993	0
3387204	0
3388660	0
3389235	0.07500000000000001
3389984	0.1
3391305	0.07500000000000001
3394358	0.025
3397060	0.05
3398081	0.025
3398631	0
3399426	0
3400565	0
3402362	0.05
3403971	0.15
3405671	0.9250000000000004
3406591	1.4499999999999988
3407496	1.0750000000000002
3408332	0.125
3409510	0.025
3410762	0.05
3411419	0.05
3412095	0.125
3412710	0.1
3413134	0.2
3414442	0.6000000000000002
3418139	0.5250000000000001
3418500	0.4000000000000001
3419160	0.175
3419670	0.225
3420724	0.125
3421876	0.07500000000000001
3422815	0.27499999999999997
3429513	0.47500000000000014
3429894	0.3
3430429	0.24999999999999997
3431129	0.24999999999999997
3431691	0.175
3432227	0.24999999999999997
3432998	0.27499999999999997
3433944	0.225
3434687	0.225
3435851	0.27499999999999997
3437206	0.24999999999999997
3438229	0.125
3438540	0.05
3438917	0.05
3439325	0.025
3439807	0.025
3440534	0
3441365	0
3441903	0
3442293	0.025
3442676	0.025
3443431	0.025
3444322	0
3444632	0
3444977	0
3445420	0
3445873	0
3446349	0
3446731	0
3447168	0.025
3447610	0.025
3447963	0
3448441	0
3448663	0
3448964	0
3449532	0
3450067	0
3450387	0
3450953	0
3451533	0
3451983	0
3452611	0
3453114	0.07500000000000001
3453717	0.2
3454663	0.27499999999999997
3455985	0.4000000000000001
3457353	0.35000000000000003
3459079	0.47500000000000014
3460415	0.5250000000000001
3461241	0.5250000000000001
3461722	0.3
3462162	0.125
3462637	0.15
3463415	0.175
3464503	0.175
3465312	0.175
3465881	0.125
3466487	0.05
3466894	0.175
3468506	0.325
3472457	0.325
3473811	0
3474365	0
3474821	0
3475152	0
3475525	0
3476079	0.025
3477013	0.025
3477749	0.025
3478202	0
3478692	0.05
3479704	0.07500000000000001
3480882	0.07500000000000001
3482245	0.07500000000000001
3483713	0.025
3484327	0
3484924	0
3485616	0
3486436	0
3487848	0.025
3489570	0.05
3490547	0.025
3491162	0.05
3491536	0.025
3492011	0.025
3493158	0
3495282	0
3496714	0
3497406	0
3498514	0.025
3499531	0.125
3500578	0.125
3501779	0.125
3502755	0.15
3503559	0.125
3504417	0.175
3505477	0.15
3506684	0.125
3507524	0.15
3508151	0.125
3509200	0.125
3510394	0.1
3511241	0.07500000000000001
3511891	0.05
3513136	0.05
3514010	0.025
3514720	0.07500000000000001
3515495	0.07500000000000001
3516663	0.15
3517942	0.07500000000000001
3518803	0.025
3520069	0
3520817	0.025
3521229	0.05
3521702	0.1
3522361	0.07500000000000001
3524147	0.05
3525869	0.025
3527536	0.025
3529003	0.025
3529548	0
3530213	0
3531577	0.05
3533629	0.37500000000000006
3535192	0.35000000000000003
3536224	0.025
3537050	0.025
3538545	0.05
3540276	0.05
3541567	0.07500000000000001
3542846	0.125
3544459	0.125
3545223	0.025
3545911	0.025
3547217	0.025
3549028	0
3551276	0.05
3554437	0.2
3556341	0.225
3557466	0.175
3559067	0.1
3560101	0.05
3561037	0.025
3561660	0.07500000000000001
3562765	0.5500000000000002
3563864	1.1999999999999995
3565357	1.125
3567316	0.37500000000000006
3568680	0
3570332	0.025
3572409	0.025
3574326	0.05
3575367	0.225
3576391	0.27499999999999997
3577328	0.1
3578228	0.025
3579297	0.05
3580286	0.1
3581382	0.3
3582452	0.4000000000000001
3583246	0.4000000000000001
3584481	0.3
3584901	0.24999999999999997
3585952	0.2
3587163	0.05
3587741	0.05
3588645	0.07500000000000001
3589604	0.05
3590467	0.07500000000000001
3591667	0.3
3593080	0.3
3593822	0.05
3594841	0.025
3595940	0.025
3597005	0.05
3598175	0.4500000000000001
3599106	0.7750000000000004
3600356	0.4500000000000001
3601557	0.225
3602413	0
3603496	0
3604691	0
3605113	0
3605430	0
3606064	0.025
3607550	0.05
3608873	0.05
3609549	0.025
3610233	0.1
3611141	0.1
3612389	0.07500000000000001
3613262	0.07500000000000001
3614454	0.6000000000000002
3615713	0.5750000000000002
3616598	0.5500000000000002
3617397	0.5500000000000002
3618179	0.8000000000000004
3618788	2.1249999999999964
3623590	1.8499999999999976
3626241	2.1249999999999964
3628170	0.5500000000000002
3630068	0.5750000000000002
3631779	0.5750000000000002
3633037	0.6250000000000002
3633839	0.6250000000000002
3635367	1.649999999999998
3636809	1.699999999999998
3638391	0.47500000000000014
3639552	0
3640328	0.025
3641596	0.15
3642756	0.125
3644161	0
3645806	0.025
3646975	0.025
3647902	0.125
3648704	0.15
3649579	0.2
3650449	0.37500000000000006
3651682	0.47500000000000014
3654244	0.6250000000000002
3654948	0.5750000000000002
3655542	0.37500000000000006
3656135	0.1
3656574	0
3657281	0.025
3658629	0.07500000000000001
3659033	0.07500000000000001
3659810	0.1
3661970	0.125
3664254	0.175
3665398	0.175
3668489	0.225
3670416	0.2
3671593	0.1
3672827	0.025
3673868	0
3675447	0.025
3677320	0.025
3678803	0.025
3679883	0.125
3681192	0.125
3682804	0.025
3684604	0.07500000000000001
3687436	0.175
3689708	0.175
3691419	0.175
3693927	0.325
3695597	0.5500000000000002
3696091	0.5500000000000002
3697249	0.5250000000000001
3698121	0.4500000000000001
3699053	0.47500000000000014
3700033	0.325
3701198	0.35000000000000003
3702366	0.1
3703356	0
3704310	0.025
3705280	0.1
3706901	0.4500000000000001
3709629	0.5500000000000002
3711403	0.4000000000000001
3712585	0.125
3713373	0.025
3713872	0.025
3715227	0.025
3716876	0.05
3717797	0.05
3718689	0.025
3719623	0
3720155	0.05
3720524	0.15
3720940	0.175
3723362	0.15
3724862	0.05
3725562	0.05
3726384	0.1
3727142	0.15
3727577	0.2
3728644	0.225
3730104	0.325
3731627	0.2
3732971	0.125
3734310	0.1
3735568	0.07500000000000001
3736765	0.07500000000000001
3738512	0.025
3740331	0
3741345	0.47500000000000014
3742108	0.5000000000000001
3743232	0.5750000000000002
3743976	0.8000000000000004
3744564	1.125
3745442	1.0000000000000004
3746587	0.9750000000000004
3747832	0.9250000000000004
3748908	0.8500000000000004
3749662	0.8000000000000004
3750433	1.4499999999999988
3751498	1.7749999999999977
3752479	1.499999999999999
3754266	1.3749999999999991
3754648	1.4499999999999988
3755742	2.0999999999999965
3757251	0.8500000000000004
3758939	0.6000000000000002
3760553	0.47500000000000014
3761651	1.7499999999999978
3768407	2.3499999999999956
3771563	2.0749999999999966
3773237	0.35000000000000003
3774998	0.025
3775865	0.025
3776275	0.6250000000000002
3776846	2.0749999999999966
3778226	1.974999999999997
3779442	0.3
3780422	0
3781451	0
3782151	0.025
3783151	0.025
3783894	0
3784316	0
3784799	0
3786032	0
3787467	0
3788580	0.025
3789564	0.025
3790832	0
3791953	0.07500000000000001
3793262	0.07500000000000001
3794453	0.05
3795452	0.05
3796458	0.325
3797577	0.5750000000000002
3798775	0.5000000000000001
3799770	0.6500000000000002
3800616	0.9750000000000004
3801491	1.125
3802548	0.8500000000000004
3803597	1.1999999999999995
3804648	0.8000000000000004
3805551	0.27499999999999997
3806505	0.05
3807599	0.05
3809178	0.05
3810064	0.025
3810747	0.05
3811333	0.05
3811556	0.025
3812225	0.05
3813341	0.07500000000000001
3814158	0.05
3814792	0.15
3815447	0.15
3816206	0.15
3817107	0.8750000000000004
3818172	1.0500000000000005
3819182	0.7750000000000004
3820329	0.47500000000000014
3821739	0.4500000000000001
3822243	0.35000000000000003
3823454	0.35000000000000003
3824859	0.37500000000000006
3826250	0.4250000000000001
3828062	0.47500000000000014
3829640	0.5250000000000001
3831311	0.7500000000000003
3833378	0.6750000000000003
3835238	0.9750000000000004
3837545	1.0250000000000004
3838709	0.8250000000000004
3839584	0.325
3840361	0.5000000000000001
3841168	0.5250000000000001
3842176	0.5250000000000001
3843122	0.4500000000000001
3844847	0.175
3846471	0.1
3847964	0.025
3849385	0.07500000000000001
3850431	0.7000000000000003
3850947	0.7250000000000003
3851940	0.24999999999999997
3853597	0.27499999999999997
3854514	0.27499999999999997
3855362	0.1
3855789	0.125
3856133	0.4000000000000001
3856639	0.4500000000000001
3857657	0.7000000000000003
3859258	0.5250000000000001
3860729	0.5250000000000001
3861261	0.4250000000000001
3861668	0.47500000000000014
3865442	0.325
3866683	0.05
3867215	0
3867930	0
3868669	0.025
3869909	0.1
3871084	0.4500000000000001
3872424	0.4000000000000001
3873303	0.3
3874035	0.24999999999999997
3874815	0.24999999999999997
3875766	0.125
3876546	0.05
3877266	0.05
3878912	0.07500000000000001
3880684	0.05
3881771	0.05
3883027	0.025
3884406	0.025
3884689	0
3885899	0
3887510	0.1
3889437	0.15
3890859	0.07500000000000001
3892202	0.05
3893244	0.025
3894255	0
3894935	0
3895940	0.05
3897106	1.0000000000000004
3897739	1.125
3898315	1.1
3899032	1.125
3899992	1.399999999999999
3901412	1.6249999999999982
3902995	1.4499999999999988
3904658	1.2999999999999994
3906149	1.2749999999999997
3907215	1.2249999999999996
3907979	0.05
3908994	0.05
3909918	0.125
3911005	1.2499999999999996
3912753	1.3499999999999992
3914515	0.3
3915762	0.1
3916684	0.07500000000000001
3917833	0.025
3919086	0.025
3920136	0
3920653	0
3921069	0
3921643	0.025
3922250	0.05
3923368	0.025
3924688	0
3926233	0
3926774	0.025
3927651	0.07500000000000001
3928877	0.07500000000000001
3930345	0.15
3932250	0.24999999999999997
3933560	0.2
3934530	0.175
3935770	0.24999999999999997
3936723	0.37500000000000006
3937758	0.4250000000000001
3938723	0.4000000000000001
3939898	0.15
3940981	0.1
3947547	0.15
3948255	0.27499999999999997
3949209	0.47500000000000014
3951051	0.35000000000000003
3951936	0.2
3952332	0.175
3952948	0.025
3954403	0.025
3956103	0
3957373	0
3958707	0
3959672	0.05
3960351	0.07500000000000001
3961687	0.125
3963487	0.05
3964997	0.025
3965925	0.025
3967046	0.07500000000000001
3967795	0.07500000000000001
3968467	0.1
3969554	0.05
3970698	0.05
3971891	0.1
3973055	0.125
3974804	0.125
3975711	0.07500000000000001
3976903	0.05
3978064	0.025
3979277	0
3980326	0.025
3981579	0.05
3983575	0.125
3985179	0.225
3987284	0.2
3988475	0.07500000000000001
3989458	0.025
3990306	0.05
3992426	0.5750000000000002
3993899	2.224999999999996
3994623	1.8249999999999975
3995174	0.175
3995936	0.07500000000000001
3996735	0.07500000000000001
3997541	0.05
3999064	0.2
4000674	1.2249999999999996
4001901	3.424999999999992
4002609	3.7249999999999903
4003003	3.074999999999993
4003733	3.5499999999999914
4004463	0.5750000000000002
4005296	0
4006775	0.05
4008067	0.1
4008749	0.125
4009681	0.1
4010600	0.07500000000000001
4011525	0.07500000000000001
4012339	0.35000000000000003
4014183	1.3499999999999992
4015761	1.724999999999998
4016811	2.1749999999999963
4018046	1.724999999999998
4019232	0.24999999999999997
4019926	0.025
4021046	0.025
4022079	0
4022475	0.025
4023124	0.125
4023945	0.125
4024577	0.07500000000000001
4025734	0.025
4026877	0.025
4028190	0.05
4029876	0.07500000000000001
4031826	0.07500000000000001
4032799	0.1
4033870	0.07500000000000001
4034880	0.1
4041169	0.025
4041707	0.025
4042203	0.025
4042908	0.025
4043731	0.125
4044914	0.175
4046136	0.15
4046814	0.1
4048359	0.07500000000000001
4050449	0.05
4051601	0.025
4052731	0.025
4053702	0
4054573	0.125
4055814	0.175
4057329	0.1
4059318	0.175
4060802	0.175
4061655	0.5500000000000002
4062879	2.524999999999995
4063949	2.224999999999996
4068258	1.9249999999999972
4069938	1.674999999999998
4071135	1.7749999999999977
4072212	1.974999999999997
4073123	1.4499999999999988
4074187	1.3249999999999993
4075061	1.1999999999999995
4075852	1.0250000000000004
4076582	0.225
4077233	0.2
4077967	2.7249999999999943
4078902	3.4499999999999917
4079400	4.674999999999999
4079848	1.8499999999999976
4080060	1.0250000000000004
4080763	1.0000000000000004
4081542	0.025
4082308	0
4083979	0
4085528	0.025
4086432	0.6500000000000002
4087529	1.0500000000000005
4088981	0.9500000000000004
4090390	0.9500000000000004
4091640	1.399999999999999
4092600	1.674999999999998
4093281	1.1749999999999998
4093860	0.4500000000000001
4095352	0.35000000000000003
4096713	0.35000000000000003
4098154	0.24999999999999997
4099025	0.27499999999999997
4100008	0.325
4101120	0.225
4102181	0.125
4103159	0.1
4104288	0.1
4105321	0.07500000000000001
4106070	0.4250000000000001
4106920	0.47500000000000014
4107369	0.05
4108033	0.05
4109328	0.025
4110307	0.025
4111123	0
4111914	0
4112535	0
4113116	0
4113507	0
4114099	0
4115074	0
4116468	0.025
4117667	0.2
4118640	0.4000000000000001
4119087	0.27499999999999997
4119886	0.07500000000000001
4121081	0.05
4122022	0.025
4122807	0
4123943	0.07500000000000001
4125711	0.125
4127119	0.8000000000000004
4127590	1.15
4128236	0.6750000000000003
4129252	0.37500000000000006
4131051	2.1249999999999964
4133061	2.3999999999999955
4134925	0.5750000000000002
4136560	0.325
4137348	0.07500000000000001
4138483	0.1
4139377	0.125
4140970	0.175
4143069	0.125
4143784	0.15
4145143	0.24999999999999997
4146697	0.2
4147308	0.07500000000000001
4147891	0.05
4149398	0.05
4151772	0.025
4154271	0.05
4155503	0.05
4156401	0.025
4157536	0.07500000000000001
4158948	0.15
4160090	0.27499999999999997
4161419	0.24999999999999997
4161950	0.07500000000000001
4162720	0.1
4164561	0.1
4165856	0.15
4172571	0.125
4173564	0
4174539	0.07500000000000001
4177549	0.07500000000000001
4178015	0
4178661	0
4179231	0
4180244	0
4180742	0.025
4183259	0.025
4187461	0.1
4190055	0.07500000000000001
4191301	0.07500000000000001
4192250	0.05
4192737	0.05
4193198	0.025
4193886	0
4195151	0
4196570	0
4197289	0.025
4198248	0.025
4199125	0.07500000000000001
4199799	0.05
4200417	0.025
4200943	0.025
4201475	0.125
4202624	0.35000000000000003
4203982	0.325
4205286	0.07500000000000001
4206737	0.35000000000000003
4213425	0.37500000000000006
4213901	0.4500000000000001
4214744	0.225
4216278	0.1
4217761	0.05
4219464	0.1
4221394	0.07500000000000001
4223216	0.27499999999999997
4225669	0.35000000000000003
4228546	0.6750000000000003
4229797	1.8249999999999975
4230790	1.8749999999999971
4231495	2.6749999999999945
4232558	2.224999999999996
4234582	0.7500000000000003
4236027	0.07500000000000001
4236581	0.07500000000000001
4237265	0.07500000000000001
4238682	0.175
4240530	0.225
4241516	0.125
4243071	0.1
4244303	0
4245824	0.05
4246559	0.15
4247341	0.175
4248641	0.025
4250014	0.125
4250525	0.175
4250800	0.2
4251619	0.175
4252754	0.125
4253452	0.05
4255254	0.05
4256821	0.05
4257419	0.025
4258458	0.025
4259341	0.025
4259745	0.225
4260448	0.24999999999999997
4260952	0.35000000000000003
4262187	0.24999999999999997
4262961	0.225
4263739	1.15
4265021	1.5999999999999983
4266321	1.2499999999999996
4267710	1.399999999999999
4268910	1.1749999999999998
4269770	1.8499999999999976
4270446	0.8750000000000004
4270836	0.47500000000000014
4272460	0.025
4274393	0.125
4274900	0.125
4276264	0.07500000000000001
4277221	0.125
4277701	0.125
4279153	0.125
4280804	0.3
4282429	0.27499999999999997
4284077	0.24999999999999997
4285056	0.1
4286392	0.07500000000000001
4288482	0.07500000000000001
4289528	0.05
4290143	0
4290954	0.025
4292359	0.025
4293354	0
4293841	0
4295137	0.05
4296780	0.2
4298058	0.27499999999999997
4299156	0.15
4300297	0.07500000000000001
4302052	0.125
4303593	0.1
4304265	0.1
4305604	0.6250000000000002
4307334	0.6000000000000002
4308130	0.6000000000000002
4308979	0.7500000000000003
4310214	0.8000000000000004
4311574	0.8000000000000004
4312546	0.8250000000000004
4313574	0.7500000000000003
4314032	0.6750000000000003
4314723	0.1
4315321	0.07500000000000001
4315803	0.07500000000000001
4316650	0.07500000000000001
4317555	0.05
4318385	0.025
4319183	0.1
4320131	0.1
4320955	0.07500000000000001
4321470	0.025
4322059	0.05
4322627	0.05
4323844	0.07500000000000001
4324771	0.07500000000000001
4325519	0.05
4326566	0.07500000000000001
4328249	0.125
4329799	0.125
4331253	0.1
4332160	0
4332731	0
4333616	0
4334768	0.025
4336362	0.05
4337548	0.125
4339389	0.24999999999999997
4341174	0.27499999999999997
4342588	0.4500000000000001
4344085	0.4000000000000001
4345243	0.4000000000000001
4346503	0.225
4348074	0.225
4349674	0.2
4350846	0.325
4351958	0.8000000000000004
4352221	1.0000000000000004
4352732	0.6750000000000003
4352994	0.5500000000000002
4353958	0.7250000000000003
4355682	0.7500000000000003
4357543	0.7750000000000004
4359364	1.0000000000000004
4361165	1.2749999999999997
4363020	1.1999999999999995
4364193	0.07500000000000001
4365187	0
4366122	0
4367609	0
4368902	0.025
4369784	0.025
4370834	0
4371848	0
4372985	0
4373799	0.025
4375143	0.025
4375982	0.05
4376379	0.05
4376626	0.05
4377033	0
4377455	0.025
4378377	0.15
4379186	0.15
4379574	0.1
4380150	0.1
4381414	0.175
4383131	0.24999999999999997
4384612	0.2
4385550	0.175
4385867	0.125
4387708	0.1
4389876	0
4390983	0
4391876	0
4393497	0.025
4394847	0.05
4395815	0.05
4396733	0.025
4398335	0.025
4399727	0.025
4400442	0.025
4401312	0.025
4402667	0.025
4403802	0
4404484	0.025
4405336	0.025
4406402	0
4407874	0
4409640	0.125
4410333	0.15
4410902	0.07500000000000001
4411631	0.05
4412178	0.1
4412706	0.1
4413609	0.1
4415087	0.025
4416154	0
4416605	0
4417326	0
4418075	0.025
4419093	0.05
4420678	0.05
4421545	0.025
4421940	0.025
4422511	0.07500000000000001
4423273	0.05
4424043	0
4424653	0.025
4425315	0.025
4425677	0
4425952	0.125
4426332	2.9249999999999936
4427025	3.89999999999999
4427932	3.99999999999999
4428398	0.9000000000000005
4429245	0.6500000000000002
4430570	0.7500000000000003
4431652	0.8000000000000004
4432573	0.7000000000000003
4433594	0.6250000000000002
4434303	0.6750000000000003
4435593	0.15
4437125	0.175
4438176	0.07500000000000001
4438985	0.1
4439690	0.07500000000000001
4440543	0.07500000000000001
4441857	0.05
4443248	0.07500000000000001
4446001	0.07500000000000001
4448064	0.15
4448572	0.15
4448885	0.15
4449387	0.15
4450440	0.07500000000000001
4451809	0.15
4453085	0.125
4454080	0.025
4455110	0
4456471	0
4457589	0
4458635	0
4459704	0
4460132	0.025
4461591	0.125
4463881	0.175
4465469	0.1
4466772	0.05
4468973	0.07500000000000001
4470720	0.07500000000000001
4471216	0.125
4471927	1.0750000000000002
4473011	1.0000000000000004
4473696	0.8000000000000004
4474420	1.1749999999999998
4475088	2.3499999999999956
4476344	1.3249999999999993
4478681	0.7250000000000003
4479285	0.07500000000000001
4480328	0.07500000000000001
4482409	0.1
4484058	0.07500000000000001
4485195	0.05
4486778	0.07500000000000001
4487859	0.1
4489312	0.37500000000000006
4490640	0.35000000000000003
4491865	0.6250000000000002
4492969	1.1
4493890	0.8750000000000004
4494904	0.5750000000000002
4495699	0.9750000000000004
4496624	0.8500000000000004
4499798	1.15
4500258	1.724999999999998
4500611	1.649999999999998
4502767	1.2749999999999997
4504666	1.7749999999999977
4505846	1.5999999999999983
4506510	1.4499999999999988
4506801	2.3499999999999956
4510004	3.399999999999992
4511936	2.824999999999994
4512910	2.224999999999996
4513857	1.8499999999999976
4515515	1.674999999999998
4517240	1.7749999999999977
4517974	2.574999999999995
4519831	2.6499999999999946
4521345	2.774999999999994
4525409	2.549999999999995
4526497	2.3999999999999955
4527221	2.3999999999999955
4527764	2.6999999999999944
4528514	2.1749999999999963
4531090	2.0999999999999965
4532810	2.0749999999999966
4533511	2.024999999999997
4533924	2.849999999999994
4535523	3.4499999999999917
4537104	3.699999999999991
4538212	3.8249999999999904
4539143	3.0249999999999932
4541258	2.849999999999994
4542335	2.9749999999999934
4543389	2.224999999999996
4544018	2.3999999999999955
4544666	2.199999999999996
4548536	2.1249999999999964
4549259	1.499999999999999
4550624	1.4499999999999988
4552228	1.0000000000000004
4553631	0.35000000000000003
4554480	0.325
4554986	0.5000000000000001
4555905	0.4250000000000001
4556624	0.35000000000000003
4557189	0.6250000000000002
4557833	0.7500000000000003
4558940	0.35000000000000003
4559769	0.07500000000000001
4560338	0.2
4561207	0.5000000000000001
4562086	0.5250000000000001
4563228	0.3
4563796	0.175
4564305	0.07500000000000001
4565274	0.15
4566606	0.7000000000000003
4567903	1.949999999999997
4571833	3.0249999999999932
4573172	2.7249999999999943
4575495	2.824999999999994
4577435	2.799999999999994
4578656	3.2749999999999924
4579669	3.94999999999999
4580765	4.449999999999996
4582253	4.649999999999999
4585005	4.2249999999999925
4587406	4.174999999999992
4588387	3.699999999999991
4588977	0.9750000000000004
4590204	0.8250000000000004
4592484	1.8999999999999972
4594041	1.6249999999999982
4595394	1.8249999999999975
4596501	0.9500000000000004
4598295	0.5000000000000001
4599942	0.125
4600606	0.15
4601247	0.15
4601860	0.125
4602473	0.15
4603839	0.175
4604498	0.2
4605269	0.1
4605922	0.125
4607184	0.175
4608009	0.1
4608408	0.025
4608984	0.07500000000000001
4610208	0.15661881977671452
4611698	0.08161881977671451
4612208	0.08161881977671451
4612947	0.08161881977671451
4613870	0.08161881977671451
4615111	0.1816188197767145
4616290	0.1816188197767145
4617712	0.1816188197767145
4618890	0.13161881977671452
4620214	0.13161881977671452
4621242	0.20793460925039872
4622434	0.20989142436510855
4623609	0.2638387927861612
4624467	0.13627742575110996
4625379	0.10996163627742576
4626603	0.05887445887445887
4627931	0.32541857652151773
4628664	0.38775623885918
4629688	0.2692179144385027
4631701	0
4632938	0
4633489	0
4634120	0.03571428571428571
4634875	0.03571428571428571
4635757	0.03571428571428571
4636351	0.04
4637408	0.12333333333333332
4638854	0.17028985507246375
4639948	0.1286231884057971
4641285	0
